   0.1883E-01
   0.1712E-01
   0.1556E-01
   0.1415E-01
   0.1286E-01
   0.1169E-01
   0.1063E-01
   0.9662E-02
   0.8785E-02
   0.7987E-02
   0.7262E-02
   0.6603E-02
   0.6004E-02
   0.5460E-02
   0.4966E-02
   0.4516E-02
   0.3748E-01
   0.3408E-01
   0.3098E-01
   0.2816E-01
   0.2560E-01
   0.2328E-01
   0.2116E-01
   0.1924E-01
   0.1749E-01
   0.1590E-01
   0.1446E-01
   0.1315E-01
   0.1195E-01
   0.1087E-01
   0.9886E-02
   0.8992E-02
   0.5580E-01
   0.5073E-01
   0.4612E-01
   0.4192E-01
   0.3811E-01
   0.3465E-01
   0.3150E-01
   0.2864E-01
   0.2604E-01
   0.2367E-01
   0.2152E-01
   0.1957E-01
   0.1780E-01
   0.1618E-01
   0.1472E-01
   0.1339E-01
   0.7361E-01
   0.6692E-01
   0.6084E-01
   0.5531E-01
   0.5028E-01
   0.4571E-01
   0.4155E-01
   0.3778E-01
   0.3435E-01
   0.3123E-01
   0.2839E-01
   0.2582E-01
   0.2348E-01
   0.2135E-01
   0.1942E-01
   0.1766E-01
   0.9076E-01
   0.8251E-01
   0.7501E-01
   0.6819E-01
   0.6199E-01
   0.5635E-01
   0.5123E-01
   0.4658E-01
   0.4235E-01
   0.3850E-01
   0.3501E-01
   0.3183E-01
   0.2894E-01
   0.2632E-01
   0.2394E-01
   0.2177E-01
   0.1071E+00
   0.9735E-01
   0.8850E-01
   0.8045E-01
   0.7314E-01
   0.6649E-01
   0.6045E-01
   0.5496E-01
   0.4996E-01
   0.4543E-01
   0.4130E-01
   0.3756E-01
   0.3415E-01
   0.3106E-01
   0.2824E-01
   0.2569E-01
   0.1224E+00
   0.1113E+00
   0.1012E+00
   0.9199E-01
   0.8363E-01
   0.7602E-01
   0.6912E-01
   0.6284E-01
   0.5713E-01
   0.5194E-01
   0.4723E-01
   0.4294E-01
   0.3905E-01
   0.3551E-01
   0.3229E-01
   0.2937E-01
   0.1367E+00
   0.1243E+00
   0.1130E+00
   0.1027E+00
   0.9335E-01
   0.8487E-01
   0.7716E-01
   0.7015E-01
   0.6377E-01
   0.5798E-01
   0.5272E-01
   0.4794E-01
   0.4359E-01
   0.3964E-01
   0.3605E-01
   0.3279E-01
   0.1497E+00
   0.1361E+00
   0.1237E+00
   0.1125E+00
   0.1022E+00
   0.9295E-01
   0.8450E-01
   0.7682E-01
   0.6984E-01
   0.6350E-01
   0.5774E-01
   0.5250E-01
   0.4774E-01
   0.4341E-01
   0.3948E-01
   0.3591E-01
   0.1613E+00
   0.1467E+00
   0.1333E+00
   0.1212E+00
   0.1102E+00
   0.1002E+00
   0.9108E-01
   0.8280E-01
   0.7528E-01
   0.6844E-01
   0.6223E-01
   0.5659E-01
   0.5145E-01
   0.4679E-01
   0.4255E-01
   0.3870E-01
   0.1715E+00
   0.1559E+00
   0.1418E+00
   0.1289E+00
   0.1172E+00
   0.1065E+00
   0.9683E-01
   0.8803E-01
   0.8003E-01
   0.7277E-01
   0.6616E-01
   0.6016E-01
   0.5470E-01
   0.4975E-01
   0.4524E-01
   0.4115E-01
   0.1802E+00
   0.1638E+00
   0.1489E+00
   0.1354E+00
   0.1231E+00
   0.1119E+00
   0.1017E+00
   0.9246E-01
   0.8406E-01
   0.7643E-01
   0.6949E-01
   0.6319E-01
   0.5746E-01
   0.5225E-01
   0.4752E-01
   0.4322E-01
   0.1872E+00
   0.1702E+00
   0.1547E+00
   0.1406E+00
   0.1278E+00
   0.1162E+00
   0.1057E+00
   0.9606E-01
   0.8733E-01
   0.7940E-01
   0.7220E-01
   0.6565E-01
   0.5969E-01
   0.5428E-01
   0.4937E-01
   0.4490E-01
   0.1925E+00
   0.1750E+00
   0.1591E+00
   0.1446E+00
   0.1315E+00
   0.1195E+00
   0.1087E+00
   0.9878E-01
   0.8981E-01
   0.8166E-01
   0.7424E-01
   0.6751E-01
   0.6139E-01
   0.5582E-01
   0.5077E-01
   0.4617E-01
   0.1961E+00
   0.1782E+00
   0.1620E+00
   0.1473E+00
   0.1339E+00
   0.1217E+00
   0.1107E+00
   0.1006E+00
   0.9147E-01
   0.8317E-01
   0.7562E-01
   0.6876E-01
   0.6252E-01
   0.5686E-01
   0.5171E-01
   0.4703E-01
   0.1978E+00
   0.1799E+00
   0.1635E+00
   0.1486E+00
   0.1351E+00
   0.1228E+00
   0.1117E+00
   0.1015E+00
   0.9231E-01
   0.8393E-01
   0.7631E-01
   0.6939E-01
   0.6309E-01
   0.5738E-01
   0.5218E-01
   0.4746E-01
   0.1978E+00
   0.1799E+00
   0.1635E+00
   0.1486E+00
   0.1351E+00
   0.1228E+00
   0.1117E+00
   0.1015E+00
   0.9231E-01
   0.8393E-01
   0.7631E-01
   0.6939E-01
   0.6309E-01
   0.5738E-01
   0.5218E-01
   0.4746E-01
   0.1961E+00
   0.1782E+00
   0.1620E+00
   0.1473E+00
   0.1339E+00
   0.1217E+00
   0.1107E+00
   0.1006E+00
   0.9147E-01
   0.8317E-01
   0.7562E-01
   0.6876E-01
   0.6252E-01
   0.5686E-01
   0.5171E-01
   0.4703E-01
   0.1925E+00
   0.1750E+00
   0.1591E+00
   0.1446E+00
   0.1315E+00
   0.1195E+00
   0.1087E+00
   0.9878E-01
   0.8981E-01
   0.8166E-01
   0.7424E-01
   0.6751E-01
   0.6139E-01
   0.5582E-01
   0.5077E-01
   0.4617E-01
   0.1872E+00
   0.1702E+00
   0.1547E+00
   0.1406E+00
   0.1278E+00
   0.1162E+00
   0.1057E+00
   0.9606E-01
   0.8733E-01
   0.7940E-01
   0.7220E-01
   0.6565E-01
   0.5969E-01
   0.5428E-01
   0.4937E-01
   0.4490E-01
   0.1802E+00
   0.1638E+00
   0.1489E+00
   0.1354E+00
   0.1231E+00
   0.1119E+00
   0.1017E+00
   0.9246E-01
   0.8406E-01
   0.7643E-01
   0.6949E-01
   0.6319E-01
   0.5746E-01
   0.5225E-01
   0.4752E-01
   0.4322E-01
   0.1715E+00
   0.1559E+00
   0.1418E+00
   0.1289E+00
   0.1172E+00
   0.1065E+00
   0.9683E-01
   0.8803E-01
   0.8003E-01
   0.7277E-01
   0.6616E-01
   0.6016E-01
   0.5470E-01
   0.4975E-01
   0.4524E-01
   0.4115E-01
   0.1613E+00
   0.1467E+00
   0.1333E+00
   0.1212E+00
   0.1102E+00
   0.1002E+00
   0.9108E-01
   0.8280E-01
   0.7528E-01
   0.6844E-01
   0.6223E-01
   0.5659E-01
   0.5145E-01
   0.4679E-01
   0.4255E-01
   0.3870E-01
   0.1497E+00
   0.1361E+00
   0.1237E+00
   0.1125E+00
   0.1022E+00
   0.9295E-01
   0.8450E-01
   0.7682E-01
   0.6984E-01
   0.6350E-01
   0.5774E-01
   0.5250E-01
   0.4774E-01
   0.4341E-01
   0.3948E-01
   0.3591E-01
   0.1367E+00
   0.1243E+00
   0.1130E+00
   0.1027E+00
   0.9335E-01
   0.8487E-01
   0.7716E-01
   0.7015E-01
   0.6377E-01
   0.5798E-01
   0.5272E-01
   0.4794E-01
   0.4359E-01
   0.3964E-01
   0.3605E-01
   0.3279E-01
   0.1224E+00
   0.1113E+00
   0.1012E+00
   0.9199E-01
   0.8363E-01
   0.7602E-01
   0.6912E-01
   0.6284E-01
   0.5713E-01
   0.5194E-01
   0.4723E-01
   0.4294E-01
   0.3905E-01
   0.3551E-01
   0.3229E-01
   0.2937E-01
   0.1071E+00
   0.9735E-01
   0.8850E-01
   0.8045E-01
   0.7314E-01
   0.6649E-01
   0.6045E-01
   0.5496E-01
   0.4996E-01
   0.4543E-01
   0.4130E-01
   0.3756E-01
   0.3415E-01
   0.3106E-01
   0.2824E-01
   0.2569E-01
   0.9076E-01
   0.8251E-01
   0.7501E-01
   0.6819E-01
   0.6199E-01
   0.5635E-01
   0.5123E-01
   0.4658E-01
   0.4235E-01
   0.3850E-01
   0.3501E-01
   0.3183E-01
   0.2894E-01
   0.2632E-01
   0.2394E-01
   0.2177E-01
   0.7361E-01
   0.6692E-01
   0.6084E-01
   0.5531E-01
   0.5028E-01
   0.4571E-01
   0.4155E-01
   0.3778E-01
   0.3435E-01
   0.3123E-01
   0.2839E-01
   0.2582E-01
   0.2348E-01
   0.2135E-01
   0.1942E-01
   0.1766E-01
   0.5580E-01
   0.5073E-01
   0.4612E-01
   0.4192E-01
   0.3811E-01
   0.3465E-01
   0.3150E-01
   0.2864E-01
   0.2604E-01
   0.2367E-01
   0.2152E-01
   0.1957E-01
   0.1780E-01
   0.1618E-01
   0.1472E-01
   0.1339E-01
   0.3748E-01
   0.3408E-01
   0.3098E-01
   0.2816E-01
   0.2560E-01
   0.2328E-01
   0.2116E-01
   0.1924E-01
   0.1749E-01
   0.1590E-01
   0.1446E-01
   0.1315E-01
   0.1195E-01
   0.1087E-01
   0.9886E-02
   0.8992E-02
   0.1883E-01
   0.1712E-01
   0.1556E-01
   0.1415E-01
   0.1286E-01
   0.1169E-01
   0.1063E-01
   0.9662E-02
   0.8785E-02
   0.7987E-02
   0.7262E-02
   0.6603E-02
   0.6004E-02
   0.5460E-02
   0.4966E-02
   0.4516E-02
