   0.1525E+00
   0.1264E+00
   0.1047E+00
   0.8657E-01
   0.7152E-01
   0.5902E-01
   0.4865E-01
   0.4007E-01
   0.2997E+00
   0.2485E+00
   0.2057E+00
   0.1702E+00
   0.1406E+00
   0.1160E+00
   0.9564E-01
   0.7878E-01
   0.4368E+00
   0.3621E+00
   0.2998E+00
   0.2480E+00
   0.2049E+00
   0.1691E+00
   0.1394E+00
   0.1148E+00
   0.5590E+00
   0.4633E+00
   0.3837E+00
   0.3174E+00
   0.2622E+00
   0.2164E+00
   0.1784E+00
   0.1469E+00
   0.6621E+00
   0.5489E+00
   0.4545E+00
   0.3760E+00
   0.3106E+00
   0.2563E+00
   0.2113E+00
   0.1740E+00
   0.7427E+00
   0.6157E+00
   0.5098E+00
   0.4217E+00
   0.3484E+00
   0.2875E+00
   0.2370E+00
   0.1952E+00
   0.7980E+00
   0.6615E+00
   0.5478E+00
   0.4531E+00
   0.3744E+00
   0.3089E+00
   0.2547E+00
   0.2097E+00
   0.8261E+00
   0.6848E+00
   0.5671E+00
   0.4691E+00
   0.3876E+00
   0.3198E+00
   0.2636E+00
   0.2171E+00
   0.8261E+00
   0.6848E+00
   0.5671E+00
   0.4691E+00
   0.3876E+00
   0.3198E+00
   0.2636E+00
   0.2171E+00
   0.7980E+00
   0.6615E+00
   0.5478E+00
   0.4531E+00
   0.3744E+00
   0.3089E+00
   0.2547E+00
   0.2097E+00
   0.7427E+00
   0.6157E+00
   0.5098E+00
   0.4217E+00
   0.3484E+00
   0.2875E+00
   0.2370E+00
   0.1952E+00
   0.6621E+00
   0.5489E+00
   0.4545E+00
   0.3760E+00
   0.3106E+00
   0.2563E+00
   0.2113E+00
   0.1740E+00
   0.5590E+00
   0.4633E+00
   0.3837E+00
   0.3174E+00
   0.2622E+00
   0.2164E+00
   0.1784E+00
   0.1469E+00
   0.4368E+00
   0.3621E+00
   0.2998E+00
   0.2480E+00
   0.2049E+00
   0.1691E+00
   0.1394E+00
   0.1148E+00
   0.2997E+00
   0.2485E+00
   0.2057E+00
   0.1702E+00
   0.1406E+00
   0.1160E+00
   0.9564E-01
   0.7878E-01
   0.1525E+00
   0.1264E+00
   0.1047E+00
   0.8657E-01
   0.7152E-01
   0.5902E-01
   0.4865E-01
   0.4007E-01
