   0.0000E+00
   0.4007E-01
   0.7878E-01
   0.1148E+00
   0.1469E+00
   0.1740E+00
   0.1952E+00
   0.2097E+00
   0.2171E+00
   0.2171E+00
   0.2097E+00
   0.1952E+00
   0.1740E+00
   0.1469E+00
   0.1148E+00
   0.7878E-01
   0.4007E-01
   0.0000E+00
   0.0000E+00
   0.3299E-01
   0.6486E-01
   0.9451E-01
   0.1210E+00
   0.1433E+00
   0.1607E+00
   0.1727E+00
   0.1788E+00
   0.1788E+00
   0.1727E+00
   0.1607E+00
   0.1433E+00
   0.1210E+00
   0.9451E-01
   0.6486E-01
   0.3299E-01
   0.0000E+00
   0.0000E+00
   0.2717E-01
   0.5341E-01
   0.7784E-01
   0.9961E-01
   0.1180E+00
   0.1324E+00
   0.1422E+00
   0.1472E+00
   0.1472E+00
   0.1422E+00
   0.1324E+00
   0.1180E+00
   0.9961E-01
   0.7784E-01
   0.5341E-01
   0.2717E-01
   0.0000E+00
   0.0000E+00
   0.2240E-01
   0.4404E-01
   0.6418E-01
   0.8213E-01
   0.9729E-01
   0.1091E+00
   0.1173E+00
   0.1214E+00
   0.1214E+00
   0.1173E+00
   0.1091E+00
   0.9729E-01
   0.8213E-01
   0.6418E-01
   0.4404E-01
   0.2240E-01
   0.0000E+00
   0.0000E+00
   0.1852E-01
   0.3641E-01
   0.5305E-01
   0.6790E-01
   0.8043E-01
   0.9022E-01
   0.9693E-01
   0.1004E+00
   0.1004E+00
   0.9693E-01
   0.9022E-01
   0.8043E-01
   0.6790E-01
   0.5305E-01
   0.3641E-01
   0.1852E-01
   0.0000E+00
   0.0000E+00
   0.1537E-01
   0.3022E-01
   0.4404E-01
   0.5636E-01
   0.6677E-01
   0.7489E-01
   0.8047E-01
   0.8331E-01
   0.8331E-01
   0.8047E-01
   0.7489E-01
   0.6677E-01
   0.5636E-01
   0.4404E-01
   0.3022E-01
   0.1537E-01
   0.0000E+00
   0.0000E+00
   0.1284E-01
   0.2525E-01
   0.3679E-01
   0.4708E-01
   0.5577E-01
   0.6256E-01
   0.6722E-01
   0.6959E-01
   0.6959E-01
   0.6722E-01
   0.6256E-01
   0.5577E-01
   0.4708E-01
   0.3679E-01
   0.2525E-01
   0.1284E-01
   0.0000E+00
   0.0000E+00
   0.1082E-01
   0.2127E-01
   0.3099E-01
   0.3966E-01
   0.4698E-01
   0.5270E-01
   0.5662E-01
   0.5862E-01
   0.5862E-01
   0.5662E-01
   0.5270E-01
   0.4698E-01
   0.3966E-01
   0.3099E-01
   0.2127E-01
   0.1082E-01
   0.0000E+00
   0.0000E+00
   0.9210E-02
   0.1811E-01
   0.2639E-01
   0.3377E-01
   0.4000E-01
   0.4487E-01
   0.4821E-01
   0.4991E-01
   0.4991E-01
   0.4821E-01
   0.4487E-01
   0.4000E-01
   0.3377E-01
   0.2639E-01
   0.1811E-01
   0.9210E-02
   0.0000E+00
   0.0000E+00
   0.7941E-02
   0.1561E-01
   0.2275E-01
   0.2911E-01
   0.3449E-01
   0.3868E-01
   0.4156E-01
   0.4303E-01
   0.4303E-01
   0.4156E-01
   0.3868E-01
   0.3449E-01
   0.2911E-01
   0.2275E-01
   0.1561E-01
   0.7941E-02
  -0.3778E-08
