   0.4603E-01
   0.4385E-01
   0.4177E-01
   0.3979E-01
   0.3791E-01
   0.3611E-01
   0.3440E-01
   0.3277E-01
   0.3121E-01
   0.2973E-01
   0.2832E-01
   0.2697E-01
   0.2569E-01
   0.2447E-01
   0.2330E-01
   0.2219E-01
   0.2114E-01
   0.2013E-01
   0.1917E-01
   0.1826E-01
   0.1739E-01
   0.1656E-01
   0.1576E-01
   0.1501E-01
   0.1429E-01
   0.1361E-01
   0.1296E-01
   0.1234E-01
   0.1175E-01
   0.1119E-01
   0.1065E-01
   0.1014E-01
   0.9195E-01
   0.8759E-01
   0.8345E-01
   0.7949E-01
   0.7573E-01
   0.7214E-01
   0.6872E-01
   0.6546E-01
   0.6235E-01
   0.5939E-01
   0.5657E-01
   0.5388E-01
   0.5132E-01
   0.4888E-01
   0.4655E-01
   0.4434E-01
   0.4222E-01
   0.4021E-01
   0.3830E-01
   0.3647E-01
   0.3473E-01
   0.3307E-01
   0.3149E-01
   0.2999E-01
   0.2856E-01
   0.2719E-01
   0.2589E-01
   0.2465E-01
   0.2347E-01
   0.2235E-01
   0.2128E-01
   0.2026E-01
   0.1377E+00
   0.1311E+00
   0.1249E+00
   0.1190E+00
   0.1134E+00
   0.1080E+00
   0.1029E+00
   0.9799E-01
   0.9334E-01
   0.8891E-01
   0.8469E-01
   0.8066E-01
   0.7683E-01
   0.7317E-01
   0.6969E-01
   0.6638E-01
   0.6321E-01
   0.6020E-01
   0.5733E-01
   0.5460E-01
   0.5199E-01
   0.4951E-01
   0.4715E-01
   0.4490E-01
   0.4275E-01
   0.4071E-01
   0.3876E-01
   0.3691E-01
   0.3514E-01
   0.3346E-01
   0.3186E-01
   0.3033E-01
   0.1830E+00
   0.1744E+00
   0.1661E+00
   0.1582E+00
   0.1507E+00
   0.1436E+00
   0.1368E+00
   0.1303E+00
   0.1241E+00
   0.1182E+00
   0.1126E+00
   0.1073E+00
   0.1022E+00
   0.9730E-01
   0.9267E-01
   0.8826E-01
   0.8406E-01
   0.8005E-01
   0.7623E-01
   0.7260E-01
   0.6914E-01
   0.6584E-01
   0.6269E-01
   0.5970E-01
   0.5684E-01
   0.5413E-01
   0.5154E-01
   0.4907E-01
   0.4672E-01
   0.4449E-01
   0.4236E-01
   0.4033E-01
   0.2280E+00
   0.2172E+00
   0.2069E+00
   0.1971E+00
   0.1878E+00
   0.1789E+00
   0.1704E+00
   0.1623E+00
   0.1546E+00
   0.1473E+00
   0.1403E+00
   0.1336E+00
   0.1273E+00
   0.1212E+00
   0.1154E+00
   0.1099E+00
   0.1047E+00
   0.9971E-01
   0.9496E-01
   0.9043E-01
   0.8612E-01
   0.8201E-01
   0.7809E-01
   0.7436E-01
   0.7081E-01
   0.6742E-01
   0.6420E-01
   0.6113E-01
   0.5820E-01
   0.5542E-01
   0.5276E-01
   0.5024E-01
   0.2724E+00
   0.2595E+00
   0.2472E+00
   0.2355E+00
   0.2244E+00
   0.2137E+00
   0.2036E+00
   0.1939E+00
   0.1847E+00
   0.1760E+00
   0.1676E+00
   0.1596E+00
   0.1520E+00
   0.1448E+00
   0.1379E+00
   0.1314E+00
   0.1251E+00
   0.1191E+00
   0.1135E+00
   0.1081E+00
   0.1029E+00
   0.9798E-01
   0.9331E-01
   0.8885E-01
   0.8460E-01
   0.8056E-01
   0.7671E-01
   0.7304E-01
   0.6954E-01
   0.6621E-01
   0.6304E-01
   0.6003E-01
   0.3162E+00
   0.3012E+00
   0.2870E+00
   0.2734E+00
   0.2604E+00
   0.2481E+00
   0.2363E+00
   0.2251E+00
   0.2144E+00
   0.2042E+00
   0.1945E+00
   0.1853E+00
   0.1765E+00
   0.1681E+00
   0.1601E+00
   0.1525E+00
   0.1452E+00
   0.1383E+00
   0.1317E+00
   0.1254E+00
   0.1194E+00
   0.1137E+00
   0.1083E+00
   0.1031E+00
   0.9820E-01
   0.9351E-01
   0.8903E-01
   0.8478E-01
   0.8072E-01
   0.7686E-01
   0.7318E-01
   0.6967E-01
   0.3592E+00
   0.3422E+00
   0.3260E+00
   0.3106E+00
   0.2959E+00
   0.2818E+00
   0.2685E+00
   0.2557E+00
   0.2436E+00
   0.2320E+00
   0.2210E+00
   0.2105E+00
   0.2005E+00
   0.1910E+00
   0.1819E+00
   0.1732E+00
   0.1650E+00
   0.1571E+00
   0.1496E+00
   0.1425E+00
   0.1357E+00
   0.1292E+00
   0.1230E+00
   0.1172E+00
   0.1116E+00
   0.1062E+00
   0.1012E+00
   0.9632E-01
   0.9171E-01
   0.8732E-01
   0.8314E-01
   0.7916E-01
   0.4015E+00
   0.3825E+00
   0.3643E+00
   0.3471E+00
   0.3306E+00
   0.3150E+00
   0.3000E+00
   0.2858E+00
   0.2722E+00
   0.2593E+00
   0.2470E+00
   0.2353E+00
   0.2241E+00
   0.2134E+00
   0.2033E+00
   0.1936E+00
   0.1844E+00
   0.1756E+00
   0.1672E+00
   0.1592E+00
   0.1516E+00
   0.1444E+00
   0.1375E+00
   0.1309E+00
   0.1247E+00
   0.1187E+00
   0.1130E+00
   0.1076E+00
   0.1025E+00
   0.9758E-01
   0.9291E-01
   0.8846E-01
   0.4427E+00
   0.4218E+00
   0.4018E+00
   0.3828E+00
   0.3646E+00
   0.3473E+00
   0.3309E+00
   0.3152E+00
   0.3002E+00
   0.2860E+00
   0.2724E+00
   0.2594E+00
   0.2471E+00
   0.2354E+00
   0.2242E+00
   0.2135E+00
   0.2033E+00
   0.1936E+00
   0.1844E+00
   0.1756E+00
   0.1672E+00
   0.1592E+00
   0.1516E+00
   0.1444E+00
   0.1375E+00
   0.1309E+00
   0.1247E+00
   0.1187E+00
   0.1130E+00
   0.1076E+00
   0.1025E+00
   0.9756E-01
   0.4830E+00
   0.4601E+00
   0.4383E+00
   0.4176E+00
   0.3978E+00
   0.3789E+00
   0.3609E+00
   0.3438E+00
   0.3275E+00
   0.3120E+00
   0.2971E+00
   0.2830E+00
   0.2696E+00
   0.2567E+00
   0.2445E+00
   0.2329E+00
   0.2218E+00
   0.2112E+00
   0.2012E+00
   0.1916E+00
   0.1824E+00
   0.1737E+00
   0.1654E+00
   0.1575E+00
   0.1500E+00
   0.1428E+00
   0.1360E+00
   0.1295E+00
   0.1233E+00
   0.1174E+00
   0.1118E+00
   0.1064E+00
   0.5221E+00
   0.4974E+00
   0.4738E+00
   0.4514E+00
   0.4300E+00
   0.4096E+00
   0.3902E+00
   0.3717E+00
   0.3540E+00
   0.3372E+00
   0.3212E+00
   0.3059E+00
   0.2914E+00
   0.2775E+00
   0.2643E+00
   0.2517E+00
   0.2398E+00
   0.2283E+00
   0.2174E+00
   0.2071E+00
   0.1972E+00
   0.1878E+00
   0.1788E+00
   0.1703E+00
   0.1621E+00
   0.1544E+00
   0.1470E+00
   0.1400E+00
   0.1333E+00
   0.1269E+00
   0.1208E+00
   0.1150E+00
   0.5600E+00
   0.5335E+00
   0.5082E+00
   0.4841E+00
   0.4612E+00
   0.4393E+00
   0.4185E+00
   0.3986E+00
   0.3797E+00
   0.3617E+00
   0.3445E+00
   0.3281E+00
   0.3125E+00
   0.2977E+00
   0.2835E+00
   0.2700E+00
   0.2572E+00
   0.2449E+00
   0.2332E+00
   0.2221E+00
   0.2115E+00
   0.2014E+00
   0.1918E+00
   0.1826E+00
   0.1739E+00
   0.1656E+00
   0.1577E+00
   0.1501E+00
   0.1429E+00
   0.1361E+00
   0.1296E+00
   0.1234E+00
   0.5966E+00
   0.5683E+00
   0.5414E+00
   0.5158E+00
   0.4913E+00
   0.4680E+00
   0.4458E+00
   0.4247E+00
   0.4045E+00
   0.3853E+00
   0.3670E+00
   0.3496E+00
   0.3330E+00
   0.3171E+00
   0.3020E+00
   0.2877E+00
   0.2740E+00
   0.2609E+00
   0.2485E+00
   0.2366E+00
   0.2253E+00
   0.2146E+00
   0.2043E+00
   0.1946E+00
   0.1853E+00
   0.1764E+00
   0.1680E+00
   0.1599E+00
   0.1523E+00
   0.1450E+00
   0.1381E+00
   0.1314E+00
   0.6317E+00
   0.6018E+00
   0.5733E+00
   0.5462E+00
   0.5203E+00
   0.4956E+00
   0.4721E+00
   0.4497E+00
   0.4284E+00
   0.4080E+00
   0.3887E+00
   0.3702E+00
   0.3526E+00
   0.3358E+00
   0.3199E+00
   0.3046E+00
   0.2901E+00
   0.2763E+00
   0.2631E+00
   0.2506E+00
   0.2386E+00
   0.2272E+00
   0.2164E+00
   0.2060E+00
   0.1962E+00
   0.1868E+00
   0.1779E+00
   0.1694E+00
   0.1613E+00
   0.1536E+00
   0.1462E+00
   0.1392E+00
   0.6655E+00
   0.6340E+00
   0.6039E+00
   0.5753E+00
   0.5481E+00
   0.5221E+00
   0.4973E+00
   0.4737E+00
   0.4512E+00
   0.4298E+00
   0.4094E+00
   0.3900E+00
   0.3714E+00
   0.3538E+00
   0.3369E+00
   0.3209E+00
   0.3056E+00
   0.2910E+00
   0.2772E+00
   0.2639E+00
   0.2514E+00
   0.2394E+00
   0.2279E+00
   0.2170E+00
   0.2067E+00
   0.1968E+00
   0.1874E+00
   0.1784E+00
   0.1699E+00
   0.1617E+00
   0.1540E+00
   0.1466E+00
   0.6976E+00
   0.6646E+00
   0.6331E+00
   0.6031E+00
   0.5745E+00
   0.5473E+00
   0.5214E+00
   0.4966E+00
   0.4731E+00
   0.4506E+00
   0.4292E+00
   0.4088E+00
   0.3894E+00
   0.3708E+00
   0.3532E+00
   0.3364E+00
   0.3204E+00
   0.3051E+00
   0.2906E+00
   0.2767E+00
   0.2635E+00
   0.2509E+00
   0.2389E+00
   0.2275E+00
   0.2167E+00
   0.2063E+00
   0.1964E+00
   0.1870E+00
   0.1781E+00
   0.1696E+00
   0.1614E+00
   0.1537E+00
   0.7281E+00
   0.6937E+00
   0.6608E+00
   0.6295E+00
   0.5997E+00
   0.5713E+00
   0.5442E+00
   0.5184E+00
   0.4938E+00
   0.4703E+00
   0.4480E+00
   0.4267E+00
   0.4064E+00
   0.3871E+00
   0.3687E+00
   0.3511E+00
   0.3344E+00
   0.3185E+00
   0.3033E+00
   0.2888E+00
   0.2750E+00
   0.2619E+00
   0.2494E+00
   0.2375E+00
   0.2261E+00
   0.2153E+00
   0.2050E+00
   0.1952E+00
   0.1859E+00
   0.1770E+00
   0.1685E+00
   0.1604E+00
   0.7570E+00
   0.7211E+00
   0.6870E+00
   0.6544E+00
   0.6234E+00
   0.5939E+00
   0.5657E+00
   0.5389E+00
   0.5133E+00
   0.4889E+00
   0.4657E+00
   0.4436E+00
   0.4225E+00
   0.4024E+00
   0.3833E+00
   0.3650E+00
   0.3476E+00
   0.3311E+00
   0.3153E+00
   0.3002E+00
   0.2859E+00
   0.2723E+00
   0.2593E+00
   0.2469E+00
   0.2351E+00
   0.2239E+00
   0.2131E+00
   0.2029E+00
   0.1932E+00
   0.1840E+00
   0.1752E+00
   0.1668E+00
   0.7840E+00
   0.7469E+00
   0.7116E+00
   0.6778E+00
   0.6457E+00
   0.6151E+00
   0.5859E+00
   0.5581E+00
   0.5317E+00
   0.5064E+00
   0.4824E+00
   0.4594E+00
   0.4376E+00
   0.4168E+00
   0.3970E+00
   0.3781E+00
   0.3601E+00
   0.3429E+00
   0.3266E+00
   0.3110E+00
   0.2961E+00
   0.2820E+00
   0.2685E+00
   0.2557E+00
   0.2435E+00
   0.2319E+00
   0.2208E+00
   0.2102E+00
   0.2001E+00
   0.1906E+00
   0.1814E+00
   0.1728E+00
   0.8093E+00
   0.7710E+00
   0.7345E+00
   0.6997E+00
   0.6665E+00
   0.6349E+00
   0.6048E+00
   0.5761E+00
   0.5488E+00
   0.5227E+00
   0.4979E+00
   0.4742E+00
   0.4517E+00
   0.4302E+00
   0.4097E+00
   0.3902E+00
   0.3716E+00
   0.3539E+00
   0.3371E+00
   0.3210E+00
   0.3057E+00
   0.2911E+00
   0.2772E+00
   0.2639E+00
   0.2513E+00
   0.2393E+00
   0.2279E+00
   0.2170E+00
   0.2066E+00
   0.1967E+00
   0.1873E+00
   0.1783E+00
   0.8326E+00
   0.7932E+00
   0.7556E+00
   0.7198E+00
   0.6857E+00
   0.6532E+00
   0.6222E+00
   0.5927E+00
   0.5646E+00
   0.5378E+00
   0.5122E+00
   0.4879E+00
   0.4647E+00
   0.4426E+00
   0.4215E+00
   0.4015E+00
   0.3824E+00
   0.3641E+00
   0.3468E+00
   0.3302E+00
   0.3145E+00
   0.2995E+00
   0.2852E+00
   0.2716E+00
   0.2586E+00
   0.2462E+00
   0.2344E+00
   0.2232E+00
   0.2125E+00
   0.2024E+00
   0.1927E+00
   0.1835E+00
   0.8540E+00
   0.8136E+00
   0.7751E+00
   0.7383E+00
   0.7034E+00
   0.6700E+00
   0.6382E+00
   0.6080E+00
   0.5791E+00
   0.5516E+00
   0.5254E+00
   0.5004E+00
   0.4767E+00
   0.4540E+00
   0.4324E+00
   0.4118E+00
   0.3922E+00
   0.3735E+00
   0.3557E+00
   0.3387E+00
   0.3226E+00
   0.3072E+00
   0.2925E+00
   0.2785E+00
   0.2652E+00
   0.2525E+00
   0.2405E+00
   0.2290E+00
   0.2180E+00
   0.2076E+00
   0.1976E+00
   0.1882E+00
   0.8734E+00
   0.8321E+00
   0.7927E+00
   0.7551E+00
   0.7193E+00
   0.6852E+00
   0.6527E+00
   0.6218E+00
   0.5923E+00
   0.5641E+00
   0.5373E+00
   0.5118E+00
   0.4875E+00
   0.4643E+00
   0.4422E+00
   0.4212E+00
   0.4011E+00
   0.3820E+00
   0.3638E+00
   0.3464E+00
   0.3299E+00
   0.3142E+00
   0.2992E+00
   0.2849E+00
   0.2712E+00
   0.2583E+00
   0.2459E+00
   0.2342E+00
   0.2230E+00
   0.2123E+00
   0.2021E+00
   0.1925E+00
   0.8908E+00
   0.8486E+00
   0.8084E+00
   0.7701E+00
   0.7336E+00
   0.6989E+00
   0.6657E+00
   0.6341E+00
   0.6040E+00
   0.5754E+00
   0.5480E+00
   0.5220E+00
   0.4972E+00
   0.4735E+00
   0.4510E+00
   0.4295E+00
   0.4091E+00
   0.3896E+00
   0.3710E+00
   0.3533E+00
   0.3365E+00
   0.3204E+00
   0.3051E+00
   0.2905E+00
   0.2766E+00
   0.2634E+00
   0.2508E+00
   0.2388E+00
   0.2274E+00
   0.2165E+00
   0.2061E+00
   0.1963E+00
   0.9060E+00
   0.8632E+00
   0.8223E+00
   0.7833E+00
   0.7462E+00
   0.7108E+00
   0.6771E+00
   0.6450E+00
   0.6144E+00
   0.5852E+00
   0.5574E+00
   0.5309E+00
   0.5057E+00
   0.4816E+00
   0.4587E+00
   0.4369E+00
   0.4161E+00
   0.3963E+00
   0.3774E+00
   0.3594E+00
   0.3422E+00
   0.3259E+00
   0.3103E+00
   0.2955E+00
   0.2814E+00
   0.2679E+00
   0.2551E+00
   0.2429E+00
   0.2313E+00
   0.2202E+00
   0.2097E+00
   0.1996E+00
   0.9192E+00
   0.8757E+00
   0.8342E+00
   0.7947E+00
   0.7571E+00
   0.7212E+00
   0.6870E+00
   0.6544E+00
   0.6233E+00
   0.5937E+00
   0.5655E+00
   0.5387E+00
   0.5130E+00
   0.4886E+00
   0.4654E+00
   0.4432E+00
   0.4221E+00
   0.4020E+00
   0.3829E+00
   0.3646E+00
   0.3472E+00
   0.3306E+00
   0.3148E+00
   0.2998E+00
   0.2855E+00
   0.2718E+00
   0.2588E+00
   0.2464E+00
   0.2347E+00
   0.2234E+00
   0.2127E+00
   0.2025E+00
   0.9302E+00
   0.8862E+00
   0.8442E+00
   0.8042E+00
   0.7661E+00
   0.7298E+00
   0.6952E+00
   0.6622E+00
   0.6308E+00
   0.6008E+00
   0.5723E+00
   0.5451E+00
   0.5192E+00
   0.4945E+00
   0.4710E+00
   0.4486E+00
   0.4272E+00
   0.4068E+00
   0.3874E+00
   0.3690E+00
   0.3514E+00
   0.3346E+00
   0.3186E+00
   0.3034E+00
   0.2889E+00
   0.2751E+00
   0.2619E+00
   0.2494E+00
   0.2375E+00
   0.2261E+00
   0.2153E+00
   0.2050E+00
   0.9391E+00
   0.8946E+00
   0.8523E+00
   0.8119E+00
   0.7734E+00
   0.7368E+00
   0.7018E+00
   0.6685E+00
   0.6368E+00
   0.6066E+00
   0.5778E+00
   0.5503E+00
   0.5241E+00
   0.4992E+00
   0.4755E+00
   0.4528E+00
   0.4313E+00
   0.4107E+00
   0.3911E+00
   0.3725E+00
   0.3547E+00
   0.3378E+00
   0.3216E+00
   0.3063E+00
   0.2916E+00
   0.2777E+00
   0.2644E+00
   0.2518E+00
   0.2397E+00
   0.2283E+00
   0.2173E+00
   0.2069E+00
   0.9457E+00
   0.9010E+00
   0.8583E+00
   0.8176E+00
   0.7789E+00
   0.7420E+00
   0.7068E+00
   0.6733E+00
   0.6413E+00
   0.6109E+00
   0.5818E+00
   0.5542E+00
   0.5278E+00
   0.5027E+00
   0.4788E+00
   0.4560E+00
   0.4343E+00
   0.4136E+00
   0.3939E+00
   0.3751E+00
   0.3572E+00
   0.3402E+00
   0.3239E+00
   0.3085E+00
   0.2937E+00
   0.2797E+00
   0.2663E+00
   0.2536E+00
   0.2414E+00
   0.2299E+00
   0.2189E+00
   0.2084E+00
   0.9502E+00
   0.9052E+00
   0.8623E+00
   0.8215E+00
   0.7826E+00
   0.7455E+00
   0.7101E+00
   0.6764E+00
   0.6443E+00
   0.6137E+00
   0.5846E+00
   0.5568E+00
   0.5303E+00
   0.5051E+00
   0.4811E+00
   0.4582E+00
   0.4364E+00
   0.4156E+00
   0.3958E+00
   0.3769E+00
   0.3589E+00
   0.3418E+00
   0.3254E+00
   0.3099E+00
   0.2951E+00
   0.2810E+00
   0.2675E+00
   0.2547E+00
   0.2426E+00
   0.2310E+00
   0.2199E+00
   0.2094E+00
   0.9524E+00
   0.9073E+00
   0.8643E+00
   0.8234E+00
   0.7844E+00
   0.7472E+00
   0.7118E+00
   0.6780E+00
   0.6458E+00
   0.6152E+00
   0.5859E+00
   0.5581E+00
   0.5316E+00
   0.5063E+00
   0.4822E+00
   0.4592E+00
   0.4374E+00
   0.4165E+00
   0.3967E+00
   0.3778E+00
   0.3597E+00
   0.3426E+00
   0.3262E+00
   0.3106E+00
   0.2958E+00
   0.2816E+00
   0.2682E+00
   0.2553E+00
   0.2431E+00
   0.2315E+00
   0.2204E+00
   0.2099E+00
   0.9524E+00
   0.9073E+00
   0.8643E+00
   0.8234E+00
   0.7844E+00
   0.7472E+00
   0.7118E+00
   0.6780E+00
   0.6458E+00
   0.6152E+00
   0.5859E+00
   0.5581E+00
   0.5316E+00
   0.5063E+00
   0.4822E+00
   0.4592E+00
   0.4374E+00
   0.4165E+00
   0.3967E+00
   0.3778E+00
   0.3597E+00
   0.3426E+00
   0.3262E+00
   0.3106E+00
   0.2958E+00
   0.2816E+00
   0.2682E+00
   0.2553E+00
   0.2431E+00
   0.2315E+00
   0.2204E+00
   0.2099E+00
   0.9502E+00
   0.9052E+00
   0.8623E+00
   0.8215E+00
   0.7826E+00
   0.7455E+00
   0.7101E+00
   0.6764E+00
   0.6443E+00
   0.6137E+00
   0.5846E+00
   0.5568E+00
   0.5303E+00
   0.5051E+00
   0.4811E+00
   0.4582E+00
   0.4364E+00
   0.4156E+00
   0.3958E+00
   0.3769E+00
   0.3589E+00
   0.3418E+00
   0.3254E+00
   0.3099E+00
   0.2951E+00
   0.2810E+00
   0.2675E+00
   0.2547E+00
   0.2426E+00
   0.2310E+00
   0.2199E+00
   0.2094E+00
   0.9457E+00
   0.9010E+00
   0.8583E+00
   0.8176E+00
   0.7789E+00
   0.7420E+00
   0.7068E+00
   0.6733E+00
   0.6413E+00
   0.6109E+00
   0.5818E+00
   0.5542E+00
   0.5278E+00
   0.5027E+00
   0.4788E+00
   0.4560E+00
   0.4343E+00
   0.4136E+00
   0.3939E+00
   0.3751E+00
   0.3572E+00
   0.3402E+00
   0.3239E+00
   0.3085E+00
   0.2937E+00
   0.2797E+00
   0.2663E+00
   0.2536E+00
   0.2414E+00
   0.2299E+00
   0.2189E+00
   0.2084E+00
   0.9391E+00
   0.8946E+00
   0.8523E+00
   0.8119E+00
   0.7734E+00
   0.7368E+00
   0.7018E+00
   0.6685E+00
   0.6368E+00
   0.6066E+00
   0.5778E+00
   0.5503E+00
   0.5241E+00
   0.4992E+00
   0.4755E+00
   0.4528E+00
   0.4313E+00
   0.4107E+00
   0.3911E+00
   0.3725E+00
   0.3547E+00
   0.3378E+00
   0.3216E+00
   0.3063E+00
   0.2916E+00
   0.2777E+00
   0.2644E+00
   0.2518E+00
   0.2397E+00
   0.2283E+00
   0.2173E+00
   0.2069E+00
   0.9302E+00
   0.8862E+00
   0.8442E+00
   0.8042E+00
   0.7661E+00
   0.7298E+00
   0.6952E+00
   0.6622E+00
   0.6308E+00
   0.6008E+00
   0.5723E+00
   0.5451E+00
   0.5192E+00
   0.4945E+00
   0.4710E+00
   0.4486E+00
   0.4272E+00
   0.4068E+00
   0.3874E+00
   0.3690E+00
   0.3514E+00
   0.3346E+00
   0.3186E+00
   0.3034E+00
   0.2889E+00
   0.2751E+00
   0.2619E+00
   0.2494E+00
   0.2375E+00
   0.2261E+00
   0.2153E+00
   0.2050E+00
   0.9192E+00
   0.8757E+00
   0.8342E+00
   0.7947E+00
   0.7571E+00
   0.7212E+00
   0.6870E+00
   0.6544E+00
   0.6233E+00
   0.5937E+00
   0.5655E+00
   0.5387E+00
   0.5130E+00
   0.4886E+00
   0.4654E+00
   0.4432E+00
   0.4221E+00
   0.4020E+00
   0.3829E+00
   0.3646E+00
   0.3472E+00
   0.3306E+00
   0.3148E+00
   0.2998E+00
   0.2855E+00
   0.2718E+00
   0.2588E+00
   0.2464E+00
   0.2347E+00
   0.2234E+00
   0.2127E+00
   0.2025E+00
   0.9060E+00
   0.8632E+00
   0.8223E+00
   0.7833E+00
   0.7462E+00
   0.7108E+00
   0.6771E+00
   0.6450E+00
   0.6144E+00
   0.5852E+00
   0.5574E+00
   0.5309E+00
   0.5057E+00
   0.4816E+00
   0.4587E+00
   0.4369E+00
   0.4161E+00
   0.3963E+00
   0.3774E+00
   0.3594E+00
   0.3422E+00
   0.3259E+00
   0.3103E+00
   0.2955E+00
   0.2814E+00
   0.2679E+00
   0.2551E+00
   0.2429E+00
   0.2313E+00
   0.2202E+00
   0.2097E+00
   0.1996E+00
   0.8908E+00
   0.8486E+00
   0.8084E+00
   0.7701E+00
   0.7336E+00
   0.6989E+00
   0.6657E+00
   0.6341E+00
   0.6040E+00
   0.5754E+00
   0.5480E+00
   0.5220E+00
   0.4972E+00
   0.4735E+00
   0.4510E+00
   0.4295E+00
   0.4091E+00
   0.3896E+00
   0.3710E+00
   0.3533E+00
   0.3365E+00
   0.3204E+00
   0.3051E+00
   0.2905E+00
   0.2766E+00
   0.2634E+00
   0.2508E+00
   0.2388E+00
   0.2274E+00
   0.2165E+00
   0.2061E+00
   0.1963E+00
   0.8734E+00
   0.8321E+00
   0.7927E+00
   0.7551E+00
   0.7193E+00
   0.6852E+00
   0.6527E+00
   0.6218E+00
   0.5923E+00
   0.5641E+00
   0.5373E+00
   0.5118E+00
   0.4875E+00
   0.4643E+00
   0.4422E+00
   0.4212E+00
   0.4011E+00
   0.3820E+00
   0.3638E+00
   0.3464E+00
   0.3299E+00
   0.3142E+00
   0.2992E+00
   0.2849E+00
   0.2712E+00
   0.2583E+00
   0.2459E+00
   0.2342E+00
   0.2230E+00
   0.2123E+00
   0.2021E+00
   0.1925E+00
   0.8540E+00
   0.8136E+00
   0.7751E+00
   0.7383E+00
   0.7034E+00
   0.6700E+00
   0.6382E+00
   0.6080E+00
   0.5791E+00
   0.5516E+00
   0.5254E+00
   0.5004E+00
   0.4767E+00
   0.4540E+00
   0.4324E+00
   0.4118E+00
   0.3922E+00
   0.3735E+00
   0.3557E+00
   0.3387E+00
   0.3226E+00
   0.3072E+00
   0.2925E+00
   0.2785E+00
   0.2652E+00
   0.2525E+00
   0.2405E+00
   0.2290E+00
   0.2180E+00
   0.2076E+00
   0.1976E+00
   0.1882E+00
   0.8326E+00
   0.7932E+00
   0.7556E+00
   0.7198E+00
   0.6857E+00
   0.6532E+00
   0.6222E+00
   0.5927E+00
   0.5646E+00
   0.5378E+00
   0.5122E+00
   0.4879E+00
   0.4647E+00
   0.4426E+00
   0.4215E+00
   0.4015E+00
   0.3824E+00
   0.3641E+00
   0.3468E+00
   0.3302E+00
   0.3145E+00
   0.2995E+00
   0.2852E+00
   0.2716E+00
   0.2586E+00
   0.2462E+00
   0.2344E+00
   0.2232E+00
   0.2125E+00
   0.2024E+00
   0.1927E+00
   0.1835E+00
   0.8093E+00
   0.7710E+00
   0.7345E+00
   0.6997E+00
   0.6665E+00
   0.6349E+00
   0.6048E+00
   0.5761E+00
   0.5488E+00
   0.5227E+00
   0.4979E+00
   0.4742E+00
   0.4517E+00
   0.4302E+00
   0.4097E+00
   0.3902E+00
   0.3716E+00
   0.3539E+00
   0.3371E+00
   0.3210E+00
   0.3057E+00
   0.2911E+00
   0.2772E+00
   0.2639E+00
   0.2513E+00
   0.2393E+00
   0.2279E+00
   0.2170E+00
   0.2066E+00
   0.1967E+00
   0.1873E+00
   0.1783E+00
   0.7840E+00
   0.7469E+00
   0.7116E+00
   0.6778E+00
   0.6457E+00
   0.6151E+00
   0.5859E+00
   0.5581E+00
   0.5317E+00
   0.5064E+00
   0.4824E+00
   0.4594E+00
   0.4376E+00
   0.4168E+00
   0.3970E+00
   0.3781E+00
   0.3601E+00
   0.3429E+00
   0.3266E+00
   0.3110E+00
   0.2961E+00
   0.2820E+00
   0.2685E+00
   0.2557E+00
   0.2435E+00
   0.2319E+00
   0.2208E+00
   0.2102E+00
   0.2001E+00
   0.1906E+00
   0.1814E+00
   0.1728E+00
   0.7570E+00
   0.7211E+00
   0.6870E+00
   0.6544E+00
   0.6234E+00
   0.5939E+00
   0.5657E+00
   0.5389E+00
   0.5133E+00
   0.4889E+00
   0.4657E+00
   0.4436E+00
   0.4225E+00
   0.4024E+00
   0.3833E+00
   0.3650E+00
   0.3476E+00
   0.3311E+00
   0.3153E+00
   0.3002E+00
   0.2859E+00
   0.2723E+00
   0.2593E+00
   0.2469E+00
   0.2351E+00
   0.2239E+00
   0.2131E+00
   0.2029E+00
   0.1932E+00
   0.1840E+00
   0.1752E+00
   0.1668E+00
   0.7281E+00
   0.6937E+00
   0.6608E+00
   0.6295E+00
   0.5997E+00
   0.5713E+00
   0.5442E+00
   0.5184E+00
   0.4938E+00
   0.4703E+00
   0.4480E+00
   0.4267E+00
   0.4064E+00
   0.3871E+00
   0.3687E+00
   0.3511E+00
   0.3344E+00
   0.3185E+00
   0.3033E+00
   0.2888E+00
   0.2750E+00
   0.2619E+00
   0.2494E+00
   0.2375E+00
   0.2261E+00
   0.2153E+00
   0.2050E+00
   0.1952E+00
   0.1859E+00
   0.1770E+00
   0.1685E+00
   0.1604E+00
   0.6976E+00
   0.6646E+00
   0.6331E+00
   0.6031E+00
   0.5745E+00
   0.5473E+00
   0.5214E+00
   0.4966E+00
   0.4731E+00
   0.4506E+00
   0.4292E+00
   0.4088E+00
   0.3894E+00
   0.3708E+00
   0.3532E+00
   0.3364E+00
   0.3204E+00
   0.3051E+00
   0.2906E+00
   0.2767E+00
   0.2635E+00
   0.2509E+00
   0.2389E+00
   0.2275E+00
   0.2167E+00
   0.2063E+00
   0.1964E+00
   0.1870E+00
   0.1781E+00
   0.1696E+00
   0.1614E+00
   0.1537E+00
   0.6655E+00
   0.6340E+00
   0.6039E+00
   0.5753E+00
   0.5481E+00
   0.5221E+00
   0.4973E+00
   0.4737E+00
   0.4512E+00
   0.4298E+00
   0.4094E+00
   0.3900E+00
   0.3714E+00
   0.3538E+00
   0.3369E+00
   0.3209E+00
   0.3056E+00
   0.2910E+00
   0.2772E+00
   0.2639E+00
   0.2514E+00
   0.2394E+00
   0.2279E+00
   0.2170E+00
   0.2067E+00
   0.1968E+00
   0.1874E+00
   0.1784E+00
   0.1699E+00
   0.1617E+00
   0.1540E+00
   0.1466E+00
   0.6317E+00
   0.6018E+00
   0.5733E+00
   0.5462E+00
   0.5203E+00
   0.4956E+00
   0.4721E+00
   0.4497E+00
   0.4284E+00
   0.4080E+00
   0.3887E+00
   0.3702E+00
   0.3526E+00
   0.3358E+00
   0.3199E+00
   0.3046E+00
   0.2901E+00
   0.2763E+00
   0.2631E+00
   0.2506E+00
   0.2386E+00
   0.2272E+00
   0.2164E+00
   0.2060E+00
   0.1962E+00
   0.1868E+00
   0.1779E+00
   0.1694E+00
   0.1613E+00
   0.1536E+00
   0.1462E+00
   0.1392E+00
   0.5966E+00
   0.5683E+00
   0.5414E+00
   0.5158E+00
   0.4913E+00
   0.4680E+00
   0.4458E+00
   0.4247E+00
   0.4045E+00
   0.3853E+00
   0.3670E+00
   0.3496E+00
   0.3330E+00
   0.3171E+00
   0.3020E+00
   0.2877E+00
   0.2740E+00
   0.2609E+00
   0.2485E+00
   0.2366E+00
   0.2253E+00
   0.2146E+00
   0.2043E+00
   0.1946E+00
   0.1853E+00
   0.1764E+00
   0.1680E+00
   0.1599E+00
   0.1523E+00
   0.1450E+00
   0.1381E+00
   0.1314E+00
   0.5600E+00
   0.5335E+00
   0.5082E+00
   0.4841E+00
   0.4612E+00
   0.4393E+00
   0.4185E+00
   0.3986E+00
   0.3797E+00
   0.3617E+00
   0.3445E+00
   0.3281E+00
   0.3125E+00
   0.2977E+00
   0.2835E+00
   0.2700E+00
   0.2572E+00
   0.2449E+00
   0.2332E+00
   0.2221E+00
   0.2115E+00
   0.2014E+00
   0.1918E+00
   0.1826E+00
   0.1739E+00
   0.1656E+00
   0.1577E+00
   0.1501E+00
   0.1429E+00
   0.1361E+00
   0.1296E+00
   0.1234E+00
   0.5221E+00
   0.4974E+00
   0.4738E+00
   0.4514E+00
   0.4300E+00
   0.4096E+00
   0.3902E+00
   0.3717E+00
   0.3540E+00
   0.3372E+00
   0.3212E+00
   0.3059E+00
   0.2914E+00
   0.2775E+00
   0.2643E+00
   0.2517E+00
   0.2398E+00
   0.2283E+00
   0.2174E+00
   0.2071E+00
   0.1972E+00
   0.1878E+00
   0.1788E+00
   0.1703E+00
   0.1621E+00
   0.1544E+00
   0.1470E+00
   0.1400E+00
   0.1333E+00
   0.1269E+00
   0.1208E+00
   0.1150E+00
   0.4830E+00
   0.4601E+00
   0.4383E+00
   0.4176E+00
   0.3978E+00
   0.3789E+00
   0.3609E+00
   0.3438E+00
   0.3275E+00
   0.3120E+00
   0.2971E+00
   0.2830E+00
   0.2696E+00
   0.2567E+00
   0.2445E+00
   0.2329E+00
   0.2218E+00
   0.2112E+00
   0.2012E+00
   0.1916E+00
   0.1824E+00
   0.1737E+00
   0.1654E+00
   0.1575E+00
   0.1500E+00
   0.1428E+00
   0.1360E+00
   0.1295E+00
   0.1233E+00
   0.1174E+00
   0.1118E+00
   0.1064E+00
   0.4427E+00
   0.4218E+00
   0.4018E+00
   0.3828E+00
   0.3646E+00
   0.3473E+00
   0.3309E+00
   0.3152E+00
   0.3002E+00
   0.2860E+00
   0.2724E+00
   0.2594E+00
   0.2471E+00
   0.2354E+00
   0.2242E+00
   0.2135E+00
   0.2033E+00
   0.1936E+00
   0.1844E+00
   0.1756E+00
   0.1672E+00
   0.1592E+00
   0.1516E+00
   0.1444E+00
   0.1375E+00
   0.1309E+00
   0.1247E+00
   0.1187E+00
   0.1130E+00
   0.1076E+00
   0.1025E+00
   0.9756E-01
   0.4015E+00
   0.3825E+00
   0.3643E+00
   0.3471E+00
   0.3306E+00
   0.3150E+00
   0.3000E+00
   0.2858E+00
   0.2722E+00
   0.2593E+00
   0.2470E+00
   0.2353E+00
   0.2241E+00
   0.2134E+00
   0.2033E+00
   0.1936E+00
   0.1844E+00
   0.1756E+00
   0.1672E+00
   0.1592E+00
   0.1516E+00
   0.1444E+00
   0.1375E+00
   0.1309E+00
   0.1247E+00
   0.1187E+00
   0.1130E+00
   0.1076E+00
   0.1025E+00
   0.9758E-01
   0.9291E-01
   0.8846E-01
   0.3592E+00
   0.3422E+00
   0.3260E+00
   0.3106E+00
   0.2959E+00
   0.2818E+00
   0.2685E+00
   0.2557E+00
   0.2436E+00
   0.2320E+00
   0.2210E+00
   0.2105E+00
   0.2005E+00
   0.1910E+00
   0.1819E+00
   0.1732E+00
   0.1650E+00
   0.1571E+00
   0.1496E+00
   0.1425E+00
   0.1357E+00
   0.1292E+00
   0.1230E+00
   0.1172E+00
   0.1116E+00
   0.1062E+00
   0.1012E+00
   0.9632E-01
   0.9171E-01
   0.8732E-01
   0.8314E-01
   0.7916E-01
   0.3162E+00
   0.3012E+00
   0.2870E+00
   0.2734E+00
   0.2604E+00
   0.2481E+00
   0.2363E+00
   0.2251E+00
   0.2144E+00
   0.2042E+00
   0.1945E+00
   0.1853E+00
   0.1765E+00
   0.1681E+00
   0.1601E+00
   0.1525E+00
   0.1452E+00
   0.1383E+00
   0.1317E+00
   0.1254E+00
   0.1194E+00
   0.1137E+00
   0.1083E+00
   0.1031E+00
   0.9820E-01
   0.9351E-01
   0.8903E-01
   0.8478E-01
   0.8072E-01
   0.7686E-01
   0.7318E-01
   0.6967E-01
   0.2724E+00
   0.2595E+00
   0.2472E+00
   0.2355E+00
   0.2244E+00
   0.2137E+00
   0.2036E+00
   0.1939E+00
   0.1847E+00
   0.1760E+00
   0.1676E+00
   0.1596E+00
   0.1520E+00
   0.1448E+00
   0.1379E+00
   0.1314E+00
   0.1251E+00
   0.1191E+00
   0.1135E+00
   0.1081E+00
   0.1029E+00
   0.9798E-01
   0.9331E-01
   0.8885E-01
   0.8460E-01
   0.8056E-01
   0.7671E-01
   0.7304E-01
   0.6954E-01
   0.6621E-01
   0.6304E-01
   0.6003E-01
   0.2280E+00
   0.2172E+00
   0.2069E+00
   0.1971E+00
   0.1878E+00
   0.1789E+00
   0.1704E+00
   0.1623E+00
   0.1546E+00
   0.1473E+00
   0.1403E+00
   0.1336E+00
   0.1273E+00
   0.1212E+00
   0.1154E+00
   0.1099E+00
   0.1047E+00
   0.9971E-01
   0.9496E-01
   0.9043E-01
   0.8612E-01
   0.8201E-01
   0.7809E-01
   0.7436E-01
   0.7081E-01
   0.6742E-01
   0.6420E-01
   0.6113E-01
   0.5820E-01
   0.5542E-01
   0.5276E-01
   0.5024E-01
   0.1830E+00
   0.1744E+00
   0.1661E+00
   0.1582E+00
   0.1507E+00
   0.1436E+00
   0.1368E+00
   0.1303E+00
   0.1241E+00
   0.1182E+00
   0.1126E+00
   0.1073E+00
   0.1022E+00
   0.9730E-01
   0.9267E-01
   0.8826E-01
   0.8406E-01
   0.8005E-01
   0.7623E-01
   0.7260E-01
   0.6914E-01
   0.6584E-01
   0.6269E-01
   0.5970E-01
   0.5684E-01
   0.5413E-01
   0.5154E-01
   0.4907E-01
   0.4672E-01
   0.4449E-01
   0.4236E-01
   0.4033E-01
   0.1377E+00
   0.1311E+00
   0.1249E+00
   0.1190E+00
   0.1134E+00
   0.1080E+00
   0.1029E+00
   0.9799E-01
   0.9334E-01
   0.8891E-01
   0.8469E-01
   0.8066E-01
   0.7683E-01
   0.7317E-01
   0.6969E-01
   0.6638E-01
   0.6321E-01
   0.6020E-01
   0.5733E-01
   0.5460E-01
   0.5199E-01
   0.4951E-01
   0.4715E-01
   0.4490E-01
   0.4275E-01
   0.4071E-01
   0.3876E-01
   0.3691E-01
   0.3514E-01
   0.3346E-01
   0.3186E-01
   0.3033E-01
   0.9195E-01
   0.8759E-01
   0.8345E-01
   0.7949E-01
   0.7573E-01
   0.7214E-01
   0.6872E-01
   0.6546E-01
   0.6235E-01
   0.5939E-01
   0.5657E-01
   0.5388E-01
   0.5132E-01
   0.4888E-01
   0.4655E-01
   0.4434E-01
   0.4222E-01
   0.4021E-01
   0.3830E-01
   0.3647E-01
   0.3473E-01
   0.3307E-01
   0.3149E-01
   0.2999E-01
   0.2856E-01
   0.2719E-01
   0.2589E-01
   0.2465E-01
   0.2347E-01
   0.2235E-01
   0.2128E-01
   0.2026E-01
   0.4603E-01
   0.4385E-01
   0.4177E-01
   0.3979E-01
   0.3791E-01
   0.3611E-01
   0.3440E-01
   0.3277E-01
   0.3121E-01
   0.2973E-01
   0.2832E-01
   0.2697E-01
   0.2569E-01
   0.2447E-01
   0.2330E-01
   0.2219E-01
   0.2114E-01
   0.2013E-01
   0.1917E-01
   0.1826E-01
   0.1739E-01
   0.1656E-01
   0.1576E-01
   0.1501E-01
   0.1429E-01
   0.1361E-01
   0.1296E-01
   0.1234E-01
   0.1175E-01
   0.1119E-01
   0.1065E-01
   0.1014E-01
