   0.0000E+00
   0.1029E-01
   0.2056E-01
   0.3078E-01
   0.4092E-01
   0.5097E-01
   0.6090E-01
   0.7069E-01
   0.8032E-01
   0.8976E-01
   0.9898E-01
   0.1080E+00
   0.1167E+00
   0.1252E+00
   0.1334E+00
   0.1412E+00
   0.1488E+00
   0.1560E+00
   0.1628E+00
   0.1692E+00
   0.1753E+00
   0.1809E+00
   0.1862E+00
   0.1909E+00
   0.1953E+00
   0.1992E+00
   0.2026E+00
   0.2055E+00
   0.2080E+00
   0.2100E+00
   0.2114E+00
   0.2124E+00
   0.2129E+00
   0.2129E+00
   0.2124E+00
   0.2114E+00
   0.2100E+00
   0.2080E+00
   0.2055E+00
   0.2026E+00
   0.1992E+00
   0.1953E+00
   0.1909E+00
   0.1862E+00
   0.1809E+00
   0.1753E+00
   0.1692E+00
   0.1628E+00
   0.1560E+00
   0.1488E+00
   0.1412E+00
   0.1334E+00
   0.1252E+00
   0.1167E+00
   0.1080E+00
   0.9898E-01
   0.8976E-01
   0.8032E-01
   0.7069E-01
   0.6090E-01
   0.5097E-01
   0.4092E-01
   0.3078E-01
   0.2056E-01
   0.1029E-01
   0.0000E+00
   0.0000E+00
   0.9805E-02
   0.1959E-01
   0.2932E-01
   0.3899E-01
   0.4857E-01
   0.5803E-01
   0.6736E-01
   0.7653E-01
   0.8552E-01
   0.9431E-01
   0.1029E+00
   0.1112E+00
   0.1193E+00
   0.1271E+00
   0.1346E+00
   0.1418E+00
   0.1486E+00
   0.1551E+00
   0.1613E+00
   0.1670E+00
   0.1724E+00
   0.1774E+00
   0.1819E+00
   0.1861E+00
   0.1898E+00
   0.1930E+00
   0.1958E+00
   0.1982E+00
   0.2000E+00
   0.2015E+00
   0.2024E+00
   0.2029E+00
   0.2029E+00
   0.2024E+00
   0.2015E+00
   0.2000E+00
   0.1982E+00
   0.1958E+00
   0.1930E+00
   0.1898E+00
   0.1861E+00
   0.1819E+00
   0.1774E+00
   0.1724E+00
   0.1670E+00
   0.1613E+00
   0.1551E+00
   0.1486E+00
   0.1418E+00
   0.1346E+00
   0.1271E+00
   0.1193E+00
   0.1112E+00
   0.1029E+00
   0.9431E-01
   0.8552E-01
   0.7653E-01
   0.6736E-01
   0.5803E-01
   0.4857E-01
   0.3899E-01
   0.2932E-01
   0.1959E-01
   0.9805E-02
   0.0000E+00
   0.0000E+00
   0.9342E-02
   0.1866E-01
   0.2794E-01
   0.3715E-01
   0.4628E-01
   0.5529E-01
   0.6418E-01
   0.7292E-01
   0.8149E-01
   0.8986E-01
   0.9803E-01
   0.1060E+00
   0.1137E+00
   0.1211E+00
   0.1282E+00
   0.1351E+00
   0.1416E+00
   0.1478E+00
   0.1536E+00
   0.1591E+00
   0.1643E+00
   0.1690E+00
   0.1733E+00
   0.1773E+00
   0.1808E+00
   0.1839E+00
   0.1866E+00
   0.1888E+00
   0.1906E+00
   0.1920E+00
   0.1929E+00
   0.1933E+00
   0.1933E+00
   0.1929E+00
   0.1920E+00
   0.1906E+00
   0.1888E+00
   0.1866E+00
   0.1839E+00
   0.1808E+00
   0.1773E+00
   0.1733E+00
   0.1690E+00
   0.1643E+00
   0.1591E+00
   0.1536E+00
   0.1478E+00
   0.1416E+00
   0.1351E+00
   0.1282E+00
   0.1211E+00
   0.1137E+00
   0.1060E+00
   0.9803E-01
   0.8986E-01
   0.8149E-01
   0.7292E-01
   0.6418E-01
   0.5529E-01
   0.4628E-01
   0.3715E-01
   0.2794E-01
   0.1866E-01
   0.9342E-02
   0.0000E+00
   0.0000E+00
   0.8902E-02
   0.1778E-01
   0.2662E-01
   0.3540E-01
   0.4409E-01
   0.5268E-01
   0.6115E-01
   0.6948E-01
   0.7764E-01
   0.8562E-01
   0.9341E-01
   0.1010E+00
   0.1083E+00
   0.1154E+00
   0.1222E+00
   0.1287E+00
   0.1349E+00
   0.1408E+00
   0.1464E+00
   0.1516E+00
   0.1565E+00
   0.1610E+00
   0.1652E+00
   0.1689E+00
   0.1723E+00
   0.1752E+00
   0.1778E+00
   0.1799E+00
   0.1816E+00
   0.1829E+00
   0.1838E+00
   0.1842E+00
   0.1842E+00
   0.1838E+00
   0.1829E+00
   0.1816E+00
   0.1799E+00
   0.1778E+00
   0.1752E+00
   0.1723E+00
   0.1689E+00
   0.1652E+00
   0.1610E+00
   0.1565E+00
   0.1516E+00
   0.1464E+00
   0.1408E+00
   0.1349E+00
   0.1287E+00
   0.1222E+00
   0.1154E+00
   0.1083E+00
   0.1010E+00
   0.9341E-01
   0.8562E-01
   0.7764E-01
   0.6948E-01
   0.6115E-01
   0.5268E-01
   0.4409E-01
   0.3540E-01
   0.2662E-01
   0.1778E-01
   0.8902E-02
   0.0000E+00
   0.0000E+00
   0.8482E-02
   0.1694E-01
   0.2537E-01
   0.3373E-01
   0.4201E-01
   0.5020E-01
   0.5827E-01
   0.6620E-01
   0.7398E-01
   0.8158E-01
   0.8900E-01
   0.9620E-01
   0.1032E+00
   0.1099E+00
   0.1164E+00
   0.1226E+00
   0.1286E+00
   0.1342E+00
   0.1395E+00
   0.1445E+00
   0.1491E+00
   0.1534E+00
   0.1574E+00
   0.1609E+00
   0.1641E+00
   0.1670E+00
   0.1694E+00
   0.1714E+00
   0.1730E+00
   0.1743E+00
   0.1751E+00
   0.1755E+00
   0.1755E+00
   0.1751E+00
   0.1743E+00
   0.1730E+00
   0.1714E+00
   0.1694E+00
   0.1670E+00
   0.1641E+00
   0.1609E+00
   0.1574E+00
   0.1534E+00
   0.1491E+00
   0.1445E+00
   0.1395E+00
   0.1342E+00
   0.1286E+00
   0.1226E+00
   0.1164E+00
   0.1099E+00
   0.1032E+00
   0.9620E-01
   0.8900E-01
   0.8158E-01
   0.7398E-01
   0.6620E-01
   0.5827E-01
   0.5020E-01
   0.4201E-01
   0.3373E-01
   0.2537E-01
   0.1694E-01
   0.8482E-02
   0.0000E+00
   0.0000E+00
   0.8081E-02
   0.1614E-01
   0.2417E-01
   0.3214E-01
   0.4003E-01
   0.4783E-01
   0.5552E-01
   0.6308E-01
   0.7049E-01
   0.7773E-01
   0.8480E-01
   0.9167E-01
   0.9832E-01
   0.1047E+00
   0.1109E+00
   0.1168E+00
   0.1225E+00
   0.1278E+00
   0.1329E+00
   0.1377E+00
   0.1421E+00
   0.1462E+00
   0.1499E+00
   0.1534E+00
   0.1564E+00
   0.1591E+00
   0.1614E+00
   0.1633E+00
   0.1649E+00
   0.1660E+00
   0.1668E+00
   0.1672E+00
   0.1672E+00
   0.1668E+00
   0.1660E+00
   0.1649E+00
   0.1633E+00
   0.1614E+00
   0.1591E+00
   0.1564E+00
   0.1534E+00
   0.1499E+00
   0.1462E+00
   0.1421E+00
   0.1377E+00
   0.1329E+00
   0.1278E+00
   0.1225E+00
   0.1168E+00
   0.1109E+00
   0.1047E+00
   0.9832E-01
   0.9167E-01
   0.8480E-01
   0.7773E-01
   0.7049E-01
   0.6308E-01
   0.5552E-01
   0.4783E-01
   0.4003E-01
   0.3214E-01
   0.2417E-01
   0.1614E-01
   0.8081E-02
   0.0000E+00
   0.0000E+00
   0.7700E-02
   0.1538E-01
   0.2303E-01
   0.3062E-01
   0.3814E-01
   0.4557E-01
   0.5290E-01
   0.6010E-01
   0.6716E-01
   0.7407E-01
   0.8080E-01
   0.8734E-01
   0.9368E-01
   0.9980E-01
   0.1057E+00
   0.1113E+00
   0.1167E+00
   0.1218E+00
   0.1266E+00
   0.1312E+00
   0.1354E+00
   0.1393E+00
   0.1429E+00
   0.1461E+00
   0.1490E+00
   0.1516E+00
   0.1538E+00
   0.1556E+00
   0.1571E+00
   0.1582E+00
   0.1590E+00
   0.1593E+00
   0.1593E+00
   0.1590E+00
   0.1582E+00
   0.1571E+00
   0.1556E+00
   0.1538E+00
   0.1516E+00
   0.1490E+00
   0.1461E+00
   0.1429E+00
   0.1393E+00
   0.1354E+00
   0.1312E+00
   0.1266E+00
   0.1218E+00
   0.1167E+00
   0.1113E+00
   0.1057E+00
   0.9980E-01
   0.9368E-01
   0.8734E-01
   0.8080E-01
   0.7407E-01
   0.6716E-01
   0.6010E-01
   0.5290E-01
   0.4557E-01
   0.3814E-01
   0.3062E-01
   0.2303E-01
   0.1538E-01
   0.7700E-02
   0.0000E+00
   0.0000E+00
   0.7337E-02
   0.1466E-01
   0.2194E-01
   0.2918E-01
   0.3634E-01
   0.4342E-01
   0.5040E-01
   0.5726E-01
   0.6399E-01
   0.7057E-01
   0.7699E-01
   0.8322E-01
   0.8926E-01
   0.9509E-01
   0.1007E+00
   0.1061E+00
   0.1112E+00
   0.1161E+00
   0.1207E+00
   0.1250E+00
   0.1290E+00
   0.1327E+00
   0.1361E+00
   0.1392E+00
   0.1420E+00
   0.1444E+00
   0.1465E+00
   0.1483E+00
   0.1497E+00
   0.1507E+00
   0.1515E+00
   0.1518E+00
   0.1518E+00
   0.1515E+00
   0.1507E+00
   0.1497E+00
   0.1483E+00
   0.1465E+00
   0.1444E+00
   0.1420E+00
   0.1392E+00
   0.1361E+00
   0.1327E+00
   0.1290E+00
   0.1250E+00
   0.1207E+00
   0.1161E+00
   0.1112E+00
   0.1061E+00
   0.1007E+00
   0.9509E-01
   0.8926E-01
   0.8322E-01
   0.7699E-01
   0.7057E-01
   0.6399E-01
   0.5726E-01
   0.5040E-01
   0.4342E-01
   0.3634E-01
   0.2918E-01
   0.2194E-01
   0.1466E-01
   0.7337E-02
   0.0000E+00
   0.0000E+00
   0.6991E-02
   0.1396E-01
   0.2091E-01
   0.2780E-01
   0.3463E-01
   0.4137E-01
   0.4802E-01
   0.5456E-01
   0.6097E-01
   0.6724E-01
   0.7335E-01
   0.7929E-01
   0.8505E-01
   0.9060E-01
   0.9595E-01
   0.1011E+00
   0.1060E+00
   0.1106E+00
   0.1150E+00
   0.1191E+00
   0.1229E+00
   0.1265E+00
   0.1297E+00
   0.1327E+00
   0.1353E+00
   0.1376E+00
   0.1396E+00
   0.1413E+00
   0.1426E+00
   0.1436E+00
   0.1443E+00
   0.1446E+00
   0.1446E+00
   0.1443E+00
   0.1436E+00
   0.1426E+00
   0.1413E+00
   0.1396E+00
   0.1376E+00
   0.1353E+00
   0.1327E+00
   0.1297E+00
   0.1265E+00
   0.1229E+00
   0.1191E+00
   0.1150E+00
   0.1106E+00
   0.1060E+00
   0.1011E+00
   0.9595E-01
   0.9060E-01
   0.8505E-01
   0.7929E-01
   0.7335E-01
   0.6724E-01
   0.6097E-01
   0.5456E-01
   0.4802E-01
   0.4137E-01
   0.3463E-01
   0.2780E-01
   0.2091E-01
   0.1396E-01
   0.6991E-02
   0.0000E+00
   0.0000E+00
   0.6661E-02
   0.1331E-01
   0.1992E-01
   0.2649E-01
   0.3299E-01
   0.3942E-01
   0.4576E-01
   0.5199E-01
   0.5810E-01
   0.6407E-01
   0.6989E-01
   0.7555E-01
   0.8103E-01
   0.8633E-01
   0.9142E-01
   0.9630E-01
   0.1010E+00
   0.1054E+00
   0.1095E+00
   0.1135E+00
   0.1171E+00
   0.1205E+00
   0.1236E+00
   0.1264E+00
   0.1289E+00
   0.1311E+00
   0.1330E+00
   0.1346E+00
   0.1359E+00
   0.1369E+00
   0.1375E+00
   0.1378E+00
   0.1378E+00
   0.1375E+00
   0.1369E+00
   0.1359E+00
   0.1346E+00
   0.1330E+00
   0.1311E+00
   0.1289E+00
   0.1264E+00
   0.1236E+00
   0.1205E+00
   0.1171E+00
   0.1135E+00
   0.1095E+00
   0.1054E+00
   0.1010E+00
   0.9630E-01
   0.9142E-01
   0.8633E-01
   0.8103E-01
   0.7555E-01
   0.6989E-01
   0.6407E-01
   0.5810E-01
   0.5199E-01
   0.4576E-01
   0.3942E-01
   0.3299E-01
   0.2649E-01
   0.1992E-01
   0.1331E-01
   0.6661E-02
   0.0000E+00
   0.0000E+00
   0.6346E-02
   0.1268E-01
   0.1898E-01
   0.2524E-01
   0.3144E-01
   0.3756E-01
   0.4360E-01
   0.4953E-01
   0.5535E-01
   0.6105E-01
   0.6659E-01
   0.7199E-01
   0.7721E-01
   0.8226E-01
   0.8711E-01
   0.9176E-01
   0.9619E-01
   0.1004E+00
   0.1044E+00
   0.1081E+00
   0.1116E+00
   0.1148E+00
   0.1178E+00
   0.1204E+00
   0.1228E+00
   0.1249E+00
   0.1267E+00
   0.1283E+00
   0.1295E+00
   0.1304E+00
   0.1310E+00
   0.1313E+00
   0.1313E+00
   0.1310E+00
   0.1304E+00
   0.1295E+00
   0.1283E+00
   0.1267E+00
   0.1249E+00
   0.1228E+00
   0.1204E+00
   0.1178E+00
   0.1148E+00
   0.1116E+00
   0.1081E+00
   0.1044E+00
   0.1004E+00
   0.9619E-01
   0.9176E-01
   0.8711E-01
   0.8226E-01
   0.7721E-01
   0.7199E-01
   0.6659E-01
   0.6105E-01
   0.5535E-01
   0.4953E-01
   0.4360E-01
   0.3756E-01
   0.3144E-01
   0.2524E-01
   0.1898E-01
   0.1268E-01
   0.6346E-02
   0.0000E+00
   0.0000E+00
   0.6047E-02
   0.1208E-01
   0.1808E-01
   0.2405E-01
   0.2995E-01
   0.3579E-01
   0.4154E-01
   0.4720E-01
   0.5274E-01
   0.5817E-01
   0.6345E-01
   0.6859E-01
   0.7357E-01
   0.7837E-01
   0.8300E-01
   0.8743E-01
   0.9165E-01
   0.9566E-01
   0.9945E-01
   0.1030E+00
   0.1063E+00
   0.1094E+00
   0.1122E+00
   0.1147E+00
   0.1170E+00
   0.1190E+00
   0.1208E+00
   0.1222E+00
   0.1234E+00
   0.1242E+00
   0.1248E+00
   0.1251E+00
   0.1251E+00
   0.1248E+00
   0.1242E+00
   0.1234E+00
   0.1222E+00
   0.1208E+00
   0.1190E+00
   0.1170E+00
   0.1147E+00
   0.1122E+00
   0.1094E+00
   0.1063E+00
   0.1030E+00
   0.9945E-01
   0.9566E-01
   0.9165E-01
   0.8743E-01
   0.8300E-01
   0.7837E-01
   0.7357E-01
   0.6859E-01
   0.6345E-01
   0.5817E-01
   0.5274E-01
   0.4720E-01
   0.4154E-01
   0.3579E-01
   0.2995E-01
   0.2405E-01
   0.1808E-01
   0.1208E-01
   0.6047E-02
   0.0000E+00
   0.0000E+00
   0.5762E-02
   0.1151E-01
   0.1723E-01
   0.2291E-01
   0.2854E-01
   0.3410E-01
   0.3958E-01
   0.4497E-01
   0.5025E-01
   0.5542E-01
   0.6046E-01
   0.6535E-01
   0.7010E-01
   0.7468E-01
   0.7908E-01
   0.8330E-01
   0.8733E-01
   0.9115E-01
   0.9476E-01
   0.9815E-01
   0.1013E+00
   0.1042E+00
   0.1069E+00
   0.1093E+00
   0.1115E+00
   0.1134E+00
   0.1151E+00
   0.1164E+00
   0.1176E+00
   0.1184E+00
   0.1189E+00
   0.1192E+00
   0.1192E+00
   0.1189E+00
   0.1184E+00
   0.1176E+00
   0.1164E+00
   0.1151E+00
   0.1134E+00
   0.1115E+00
   0.1093E+00
   0.1069E+00
   0.1042E+00
   0.1013E+00
   0.9815E-01
   0.9476E-01
   0.9115E-01
   0.8733E-01
   0.8330E-01
   0.7908E-01
   0.7468E-01
   0.7010E-01
   0.6535E-01
   0.6046E-01
   0.5542E-01
   0.5025E-01
   0.4497E-01
   0.3958E-01
   0.3410E-01
   0.2854E-01
   0.2291E-01
   0.1723E-01
   0.1151E-01
   0.5762E-02
   0.0000E+00
   0.0000E+00
   0.5490E-02
   0.1097E-01
   0.1642E-01
   0.2183E-01
   0.2719E-01
   0.3249E-01
   0.3771E-01
   0.4285E-01
   0.4788E-01
   0.5281E-01
   0.5760E-01
   0.6227E-01
   0.6679E-01
   0.7115E-01
   0.7535E-01
   0.7937E-01
   0.8321E-01
   0.8685E-01
   0.9029E-01
   0.9351E-01
   0.9652E-01
   0.9931E-01
   0.1019E+00
   0.1042E+00
   0.1062E+00
   0.1081E+00
   0.1096E+00
   0.1110E+00
   0.1120E+00
   0.1128E+00
   0.1133E+00
   0.1136E+00
   0.1136E+00
   0.1133E+00
   0.1128E+00
   0.1120E+00
   0.1110E+00
   0.1096E+00
   0.1081E+00
   0.1062E+00
   0.1042E+00
   0.1019E+00
   0.9931E-01
   0.9652E-01
   0.9351E-01
   0.9029E-01
   0.8685E-01
   0.8321E-01
   0.7937E-01
   0.7535E-01
   0.7115E-01
   0.6679E-01
   0.6227E-01
   0.5760E-01
   0.5281E-01
   0.4788E-01
   0.4285E-01
   0.3771E-01
   0.3249E-01
   0.2719E-01
   0.2183E-01
   0.1642E-01
   0.1097E-01
   0.5490E-02
   0.0000E+00
   0.0000E+00
   0.5231E-02
   0.1045E-01
   0.1564E-01
   0.2080E-01
   0.2591E-01
   0.3096E-01
   0.3593E-01
   0.4083E-01
   0.4562E-01
   0.5031E-01
   0.5489E-01
   0.5933E-01
   0.6364E-01
   0.6780E-01
   0.7179E-01
   0.7563E-01
   0.7928E-01
   0.8275E-01
   0.8603E-01
   0.8910E-01
   0.9197E-01
   0.9462E-01
   0.9705E-01
   0.9926E-01
   0.1012E+00
   0.1030E+00
   0.1045E+00
   0.1057E+00
   0.1067E+00
   0.1075E+00
   0.1080E+00
   0.1082E+00
   0.1082E+00
   0.1080E+00
   0.1075E+00
   0.1067E+00
   0.1057E+00
   0.1045E+00
   0.1030E+00
   0.1012E+00
   0.9926E-01
   0.9705E-01
   0.9462E-01
   0.9197E-01
   0.8910E-01
   0.8603E-01
   0.8275E-01
   0.7928E-01
   0.7563E-01
   0.7179E-01
   0.6780E-01
   0.6364E-01
   0.5933E-01
   0.5489E-01
   0.5031E-01
   0.4562E-01
   0.4083E-01
   0.3593E-01
   0.3096E-01
   0.2591E-01
   0.2080E-01
   0.1564E-01
   0.1045E-01
   0.5231E-02
   0.0000E+00
   0.0000E+00
   0.4984E-02
   0.9956E-02
   0.1491E-01
   0.1982E-01
   0.2469E-01
   0.2950E-01
   0.3424E-01
   0.3890E-01
   0.4347E-01
   0.4794E-01
   0.5230E-01
   0.5653E-01
   0.6063E-01
   0.6460E-01
   0.6841E-01
   0.7206E-01
   0.7554E-01
   0.7885E-01
   0.8197E-01
   0.8490E-01
   0.8763E-01
   0.9016E-01
   0.9247E-01
   0.9457E-01
   0.9645E-01
   0.9811E-01
   0.9953E-01
   0.1007E+00
   0.1017E+00
   0.1024E+00
   0.1029E+00
   0.1031E+00
   0.1031E+00
   0.1029E+00
   0.1024E+00
   0.1017E+00
   0.1007E+00
   0.9953E-01
   0.9811E-01
   0.9645E-01
   0.9457E-01
   0.9247E-01
   0.9016E-01
   0.8763E-01
   0.8490E-01
   0.8197E-01
   0.7885E-01
   0.7554E-01
   0.7206E-01
   0.6841E-01
   0.6460E-01
   0.6063E-01
   0.5653E-01
   0.5230E-01
   0.4794E-01
   0.4347E-01
   0.3890E-01
   0.3424E-01
   0.2950E-01
   0.2469E-01
   0.1982E-01
   0.1491E-01
   0.9956E-02
   0.4984E-02
   0.0000E+00
   0.0000E+00
   0.4749E-02
   0.9486E-02
   0.1420E-01
   0.1888E-01
   0.2352E-01
   0.2811E-01
   0.3262E-01
   0.3706E-01
   0.4142E-01
   0.4568E-01
   0.4983E-01
   0.5386E-01
   0.5777E-01
   0.6155E-01
   0.6518E-01
   0.6866E-01
   0.7198E-01
   0.7513E-01
   0.7810E-01
   0.8089E-01
   0.8349E-01
   0.8590E-01
   0.8811E-01
   0.9011E-01
   0.9190E-01
   0.9348E-01
   0.9484E-01
   0.9597E-01
   0.9689E-01
   0.9757E-01
   0.9803E-01
   0.9826E-01
   0.9826E-01
   0.9803E-01
   0.9757E-01
   0.9689E-01
   0.9597E-01
   0.9484E-01
   0.9348E-01
   0.9190E-01
   0.9011E-01
   0.8811E-01
   0.8590E-01
   0.8349E-01
   0.8089E-01
   0.7810E-01
   0.7513E-01
   0.7198E-01
   0.6866E-01
   0.6518E-01
   0.6155E-01
   0.5777E-01
   0.5386E-01
   0.4983E-01
   0.4568E-01
   0.4142E-01
   0.3706E-01
   0.3262E-01
   0.2811E-01
   0.2352E-01
   0.1888E-01
   0.1420E-01
   0.9486E-02
   0.4749E-02
   0.0000E+00
   0.0000E+00
   0.4525E-02
   0.9039E-02
   0.1353E-01
   0.1799E-01
   0.2241E-01
   0.2678E-01
   0.3108E-01
   0.3532E-01
   0.3947E-01
   0.4352E-01
   0.4748E-01
   0.5132E-01
   0.5505E-01
   0.5864E-01
   0.6210E-01
   0.6542E-01
   0.6858E-01
   0.7158E-01
   0.7441E-01
   0.7707E-01
   0.7955E-01
   0.8185E-01
   0.8395E-01
   0.8586E-01
   0.8757E-01
   0.8907E-01
   0.9036E-01
   0.9145E-01
   0.9232E-01
   0.9297E-01
   0.9341E-01
   0.9363E-01
   0.9363E-01
   0.9341E-01
   0.9297E-01
   0.9232E-01
   0.9145E-01
   0.9036E-01
   0.8907E-01
   0.8757E-01
   0.8586E-01
   0.8395E-01
   0.8185E-01
   0.7955E-01
   0.7707E-01
   0.7441E-01
   0.7158E-01
   0.6858E-01
   0.6542E-01
   0.6210E-01
   0.5864E-01
   0.5505E-01
   0.5132E-01
   0.4748E-01
   0.4352E-01
   0.3947E-01
   0.3532E-01
   0.3108E-01
   0.2678E-01
   0.2241E-01
   0.1799E-01
   0.1353E-01
   0.9039E-02
   0.4525E-02
   0.0000E+00
   0.0000E+00
   0.4311E-02
   0.8612E-02
   0.1289E-01
   0.1714E-01
   0.2136E-01
   0.2552E-01
   0.2962E-01
   0.3365E-01
   0.3760E-01
   0.4147E-01
   0.4524E-01
   0.4890E-01
   0.5245E-01
   0.5588E-01
   0.5917E-01
   0.6233E-01
   0.6534E-01
   0.6820E-01
   0.7090E-01
   0.7344E-01
   0.7580E-01
   0.7799E-01
   0.7999E-01
   0.8181E-01
   0.8343E-01
   0.8487E-01
   0.8610E-01
   0.8713E-01
   0.8796E-01
   0.8858E-01
   0.8900E-01
   0.8921E-01
   0.8921E-01
   0.8900E-01
   0.8858E-01
   0.8796E-01
   0.8713E-01
   0.8610E-01
   0.8487E-01
   0.8343E-01
   0.8181E-01
   0.7999E-01
   0.7799E-01
   0.7580E-01
   0.7344E-01
   0.7090E-01
   0.6820E-01
   0.6534E-01
   0.6233E-01
   0.5917E-01
   0.5588E-01
   0.5245E-01
   0.4890E-01
   0.4524E-01
   0.4147E-01
   0.3760E-01
   0.3365E-01
   0.2962E-01
   0.2552E-01
   0.2136E-01
   0.1714E-01
   0.1289E-01
   0.8612E-02
   0.4311E-02
   0.0000E+00
   0.0000E+00
   0.4108E-02
   0.8206E-02
   0.1228E-01
   0.1634E-01
   0.2035E-01
   0.2431E-01
   0.2822E-01
   0.3206E-01
   0.3583E-01
   0.3951E-01
   0.4310E-01
   0.4659E-01
   0.4998E-01
   0.5324E-01
   0.5638E-01
   0.5939E-01
   0.6226E-01
   0.6498E-01
   0.6756E-01
   0.6997E-01
   0.7222E-01
   0.7431E-01
   0.7622E-01
   0.7795E-01
   0.7950E-01
   0.8086E-01
   0.8204E-01
   0.8302E-01
   0.8381E-01
   0.8440E-01
   0.8480E-01
   0.8500E-01
   0.8500E-01
   0.8480E-01
   0.8440E-01
   0.8381E-01
   0.8302E-01
   0.8204E-01
   0.8086E-01
   0.7950E-01
   0.7795E-01
   0.7622E-01
   0.7431E-01
   0.7222E-01
   0.6997E-01
   0.6756E-01
   0.6498E-01
   0.6226E-01
   0.5939E-01
   0.5638E-01
   0.5324E-01
   0.4998E-01
   0.4659E-01
   0.4310E-01
   0.3951E-01
   0.3583E-01
   0.3206E-01
   0.2822E-01
   0.2431E-01
   0.2035E-01
   0.1634E-01
   0.1228E-01
   0.8206E-02
   0.4108E-02
   0.0000E+00
   0.0000E+00
   0.3914E-02
   0.7819E-02
   0.1171E-01
   0.1556E-01
   0.1939E-01
   0.2316E-01
   0.2689E-01
   0.3055E-01
   0.3414E-01
   0.3765E-01
   0.4107E-01
   0.4440E-01
   0.4762E-01
   0.5073E-01
   0.5372E-01
   0.5659E-01
   0.5932E-01
   0.6192E-01
   0.6437E-01
   0.6667E-01
   0.6882E-01
   0.7080E-01
   0.7262E-01
   0.7427E-01
   0.7575E-01
   0.7705E-01
   0.7817E-01
   0.7910E-01
   0.7985E-01
   0.8042E-01
   0.8080E-01
   0.8099E-01
   0.8099E-01
   0.8080E-01
   0.8042E-01
   0.7985E-01
   0.7910E-01
   0.7817E-01
   0.7705E-01
   0.7575E-01
   0.7427E-01
   0.7262E-01
   0.7080E-01
   0.6882E-01
   0.6667E-01
   0.6437E-01
   0.6192E-01
   0.5932E-01
   0.5659E-01
   0.5372E-01
   0.5073E-01
   0.4762E-01
   0.4440E-01
   0.4107E-01
   0.3765E-01
   0.3414E-01
   0.3055E-01
   0.2689E-01
   0.2316E-01
   0.1939E-01
   0.1556E-01
   0.1171E-01
   0.7819E-02
   0.3914E-02
   0.0000E+00
   0.0000E+00
   0.3729E-02
   0.7450E-02
   0.1115E-01
   0.1483E-01
   0.1847E-01
   0.2207E-01
   0.2562E-01
   0.2911E-01
   0.3253E-01
   0.3587E-01
   0.3913E-01
   0.4230E-01
   0.4537E-01
   0.4833E-01
   0.5119E-01
   0.5392E-01
   0.5652E-01
   0.5900E-01
   0.6133E-01
   0.6352E-01
   0.6557E-01
   0.6746E-01
   0.6919E-01
   0.7077E-01
   0.7217E-01
   0.7341E-01
   0.7448E-01
   0.7537E-01
   0.7609E-01
   0.7663E-01
   0.7699E-01
   0.7717E-01
   0.7717E-01
   0.7699E-01
   0.7663E-01
   0.7609E-01
   0.7537E-01
   0.7448E-01
   0.7341E-01
   0.7217E-01
   0.7077E-01
   0.6919E-01
   0.6746E-01
   0.6557E-01
   0.6352E-01
   0.6133E-01
   0.5900E-01
   0.5652E-01
   0.5392E-01
   0.5119E-01
   0.4833E-01
   0.4537E-01
   0.4230E-01
   0.3913E-01
   0.3587E-01
   0.3253E-01
   0.2911E-01
   0.2562E-01
   0.2207E-01
   0.1847E-01
   0.1483E-01
   0.1115E-01
   0.7450E-02
   0.3729E-02
   0.0000E+00
   0.0000E+00
   0.3553E-02
   0.7098E-02
   0.1063E-01
   0.1413E-01
   0.1760E-01
   0.2103E-01
   0.2441E-01
   0.2773E-01
   0.3099E-01
   0.3418E-01
   0.3728E-01
   0.4030E-01
   0.4323E-01
   0.4605E-01
   0.4877E-01
   0.5137E-01
   0.5386E-01
   0.5621E-01
   0.5844E-01
   0.6053E-01
   0.6248E-01
   0.6428E-01
   0.6593E-01
   0.6743E-01
   0.6877E-01
   0.6995E-01
   0.7096E-01
   0.7181E-01
   0.7250E-01
   0.7301E-01
   0.7335E-01
   0.7352E-01
   0.7352E-01
   0.7335E-01
   0.7301E-01
   0.7250E-01
   0.7181E-01
   0.7096E-01
   0.6995E-01
   0.6877E-01
   0.6743E-01
   0.6593E-01
   0.6428E-01
   0.6248E-01
   0.6053E-01
   0.5844E-01
   0.5621E-01
   0.5386E-01
   0.5137E-01
   0.4877E-01
   0.4605E-01
   0.4323E-01
   0.4030E-01
   0.3728E-01
   0.3418E-01
   0.3099E-01
   0.2773E-01
   0.2441E-01
   0.2103E-01
   0.1760E-01
   0.1413E-01
   0.1063E-01
   0.7098E-02
   0.3553E-02
   0.0000E+00
   0.0000E+00
   0.3386E-02
   0.6763E-02
   0.1013E-01
   0.1346E-01
   0.1677E-01
   0.2004E-01
   0.2326E-01
   0.2643E-01
   0.2953E-01
   0.3257E-01
   0.3553E-01
   0.3840E-01
   0.4119E-01
   0.4388E-01
   0.4647E-01
   0.4895E-01
   0.5131E-01
   0.5356E-01
   0.5568E-01
   0.5767E-01
   0.5953E-01
   0.6124E-01
   0.6282E-01
   0.6424E-01
   0.6552E-01
   0.6665E-01
   0.6761E-01
   0.6842E-01
   0.6908E-01
   0.6956E-01
   0.6989E-01
   0.7006E-01
   0.7006E-01
   0.6989E-01
   0.6956E-01
   0.6908E-01
   0.6842E-01
   0.6761E-01
   0.6665E-01
   0.6552E-01
   0.6424E-01
   0.6282E-01
   0.6124E-01
   0.5953E-01
   0.5767E-01
   0.5568E-01
   0.5356E-01
   0.5131E-01
   0.4895E-01
   0.4647E-01
   0.4388E-01
   0.4119E-01
   0.3840E-01
   0.3553E-01
   0.3257E-01
   0.2953E-01
   0.2643E-01
   0.2326E-01
   0.2004E-01
   0.1677E-01
   0.1346E-01
   0.1013E-01
   0.6763E-02
   0.3386E-02
   0.0000E+00
   0.0000E+00
   0.3226E-02
   0.6444E-02
   0.9647E-02
   0.1283E-01
   0.1598E-01
   0.1909E-01
   0.2216E-01
   0.2518E-01
   0.2814E-01
   0.3103E-01
   0.3385E-01
   0.3659E-01
   0.3925E-01
   0.4181E-01
   0.4428E-01
   0.4664E-01
   0.4889E-01
   0.5103E-01
   0.5305E-01
   0.5495E-01
   0.5672E-01
   0.5835E-01
   0.5985E-01
   0.6121E-01
   0.6243E-01
   0.6350E-01
   0.6442E-01
   0.6520E-01
   0.6582E-01
   0.6628E-01
   0.6659E-01
   0.6675E-01
   0.6675E-01
   0.6659E-01
   0.6628E-01
   0.6582E-01
   0.6520E-01
   0.6442E-01
   0.6350E-01
   0.6243E-01
   0.6121E-01
   0.5985E-01
   0.5835E-01
   0.5672E-01
   0.5495E-01
   0.5305E-01
   0.5103E-01
   0.4889E-01
   0.4664E-01
   0.4428E-01
   0.4181E-01
   0.3925E-01
   0.3659E-01
   0.3385E-01
   0.3103E-01
   0.2814E-01
   0.2518E-01
   0.2216E-01
   0.1909E-01
   0.1598E-01
   0.1283E-01
   0.9647E-02
   0.6444E-02
   0.3226E-02
   0.0000E+00
   0.0000E+00
   0.3074E-02
   0.6140E-02
   0.9192E-02
   0.1222E-01
   0.1522E-01
   0.1819E-01
   0.2112E-01
   0.2399E-01
   0.2681E-01
   0.2956E-01
   0.3225E-01
   0.3486E-01
   0.3739E-01
   0.3984E-01
   0.4219E-01
   0.4444E-01
   0.4659E-01
   0.4862E-01
   0.5055E-01
   0.5236E-01
   0.5404E-01
   0.5560E-01
   0.5703E-01
   0.5832E-01
   0.5948E-01
   0.6050E-01
   0.6138E-01
   0.6212E-01
   0.6271E-01
   0.6315E-01
   0.6345E-01
   0.6360E-01
   0.6360E-01
   0.6345E-01
   0.6315E-01
   0.6271E-01
   0.6212E-01
   0.6138E-01
   0.6050E-01
   0.5948E-01
   0.5832E-01
   0.5703E-01
   0.5560E-01
   0.5404E-01
   0.5236E-01
   0.5055E-01
   0.4862E-01
   0.4659E-01
   0.4444E-01
   0.4219E-01
   0.3984E-01
   0.3739E-01
   0.3486E-01
   0.3225E-01
   0.2956E-01
   0.2681E-01
   0.2399E-01
   0.2112E-01
   0.1819E-01
   0.1522E-01
   0.1222E-01
   0.9192E-02
   0.6140E-02
   0.3074E-02
   0.0000E+00
   0.0000E+00
   0.2929E-02
   0.5850E-02
   0.8758E-02
   0.1165E-01
   0.1451E-01
   0.1733E-01
   0.2012E-01
   0.2286E-01
   0.2554E-01
   0.2817E-01
   0.3073E-01
   0.3322E-01
   0.3563E-01
   0.3796E-01
   0.4020E-01
   0.4234E-01
   0.4439E-01
   0.4633E-01
   0.4816E-01
   0.4989E-01
   0.5149E-01
   0.5298E-01
   0.5434E-01
   0.5557E-01
   0.5668E-01
   0.5765E-01
   0.5849E-01
   0.5919E-01
   0.5975E-01
   0.6017E-01
   0.6046E-01
   0.6060E-01
   0.6060E-01
   0.6046E-01
   0.6017E-01
   0.5975E-01
   0.5919E-01
   0.5849E-01
   0.5765E-01
   0.5668E-01
   0.5557E-01
   0.5434E-01
   0.5298E-01
   0.5149E-01
   0.4989E-01
   0.4816E-01
   0.4633E-01
   0.4439E-01
   0.4234E-01
   0.4020E-01
   0.3796E-01
   0.3563E-01
   0.3322E-01
   0.3073E-01
   0.2817E-01
   0.2554E-01
   0.2286E-01
   0.2012E-01
   0.1733E-01
   0.1451E-01
   0.1165E-01
   0.8758E-02
   0.5850E-02
   0.2929E-02
   0.0000E+00
   0.0000E+00
   0.2790E-02
   0.5574E-02
   0.8345E-02
   0.1110E-01
   0.1382E-01
   0.1652E-01
   0.1917E-01
   0.2178E-01
   0.2434E-01
   0.2684E-01
   0.2928E-01
   0.3165E-01
   0.3395E-01
   0.3617E-01
   0.3830E-01
   0.4034E-01
   0.4229E-01
   0.4414E-01
   0.4589E-01
   0.4753E-01
   0.4906E-01
   0.5048E-01
   0.5177E-01
   0.5295E-01
   0.5400E-01
   0.5493E-01
   0.5573E-01
   0.5640E-01
   0.5693E-01
   0.5733E-01
   0.5760E-01
   0.5774E-01
   0.5774E-01
   0.5760E-01
   0.5733E-01
   0.5693E-01
   0.5640E-01
   0.5573E-01
   0.5493E-01
   0.5400E-01
   0.5295E-01
   0.5177E-01
   0.5048E-01
   0.4906E-01
   0.4753E-01
   0.4589E-01
   0.4414E-01
   0.4229E-01
   0.4034E-01
   0.3830E-01
   0.3617E-01
   0.3395E-01
   0.3165E-01
   0.2928E-01
   0.2684E-01
   0.2434E-01
   0.2178E-01
   0.1917E-01
   0.1652E-01
   0.1382E-01
   0.1110E-01
   0.8345E-02
   0.5574E-02
   0.2790E-02
   0.0000E+00
   0.0000E+00
   0.2659E-02
   0.5311E-02
   0.7951E-02
   0.1057E-01
   0.1317E-01
   0.1574E-01
   0.1827E-01
   0.2075E-01
   0.2319E-01
   0.2557E-01
   0.2790E-01
   0.3016E-01
   0.3235E-01
   0.3446E-01
   0.3649E-01
   0.3844E-01
   0.4030E-01
   0.4206E-01
   0.4373E-01
   0.4529E-01
   0.4675E-01
   0.4809E-01
   0.4933E-01
   0.5045E-01
   0.5145E-01
   0.5234E-01
   0.5310E-01
   0.5373E-01
   0.5424E-01
   0.5463E-01
   0.5489E-01
   0.5501E-01
   0.5501E-01
   0.5489E-01
   0.5463E-01
   0.5424E-01
   0.5373E-01
   0.5310E-01
   0.5234E-01
   0.5145E-01
   0.5045E-01
   0.4933E-01
   0.4809E-01
   0.4675E-01
   0.4529E-01
   0.4373E-01
   0.4206E-01
   0.4030E-01
   0.3844E-01
   0.3649E-01
   0.3446E-01
   0.3235E-01
   0.3016E-01
   0.2790E-01
   0.2557E-01
   0.2319E-01
   0.2075E-01
   0.1827E-01
   0.1574E-01
   0.1317E-01
   0.1057E-01
   0.7951E-02
   0.5311E-02
   0.2659E-02
   0.0000E+00
   0.0000E+00
   0.2533E-02
   0.5061E-02
   0.7576E-02
   0.1007E-01
   0.1255E-01
   0.1499E-01
   0.1740E-01
   0.1977E-01
   0.2210E-01
   0.2437E-01
   0.2658E-01
   0.2873E-01
   0.3082E-01
   0.3283E-01
   0.3477E-01
   0.3663E-01
   0.3840E-01
   0.4008E-01
   0.4166E-01
   0.4315E-01
   0.4454E-01
   0.4583E-01
   0.4700E-01
   0.4807E-01
   0.4903E-01
   0.4987E-01
   0.5059E-01
   0.5120E-01
   0.5168E-01
   0.5205E-01
   0.5230E-01
   0.5242E-01
   0.5242E-01
   0.5230E-01
   0.5205E-01
   0.5168E-01
   0.5120E-01
   0.5059E-01
   0.4987E-01
   0.4903E-01
   0.4807E-01
   0.4700E-01
   0.4583E-01
   0.4454E-01
   0.4315E-01
   0.4166E-01
   0.4008E-01
   0.3840E-01
   0.3663E-01
   0.3477E-01
   0.3283E-01
   0.3082E-01
   0.2873E-01
   0.2658E-01
   0.2437E-01
   0.2210E-01
   0.1977E-01
   0.1740E-01
   0.1499E-01
   0.1255E-01
   0.1007E-01
   0.7576E-02
   0.5061E-02
   0.2533E-02
   0.0000E+00
   0.0000E+00
   0.2414E-02
   0.4822E-02
   0.7219E-02
   0.9598E-02
   0.1196E-01
   0.1429E-01
   0.1658E-01
   0.1884E-01
   0.2105E-01
   0.2322E-01
   0.2533E-01
   0.2738E-01
   0.2937E-01
   0.3128E-01
   0.3313E-01
   0.3490E-01
   0.3658E-01
   0.3818E-01
   0.3970E-01
   0.4112E-01
   0.4244E-01
   0.4366E-01
   0.4478E-01
   0.4580E-01
   0.4671E-01
   0.4751E-01
   0.4820E-01
   0.4878E-01
   0.4925E-01
   0.4959E-01
   0.4983E-01
   0.4994E-01
   0.4994E-01
   0.4983E-01
   0.4959E-01
   0.4925E-01
   0.4878E-01
   0.4820E-01
   0.4751E-01
   0.4671E-01
   0.4580E-01
   0.4478E-01
   0.4366E-01
   0.4244E-01
   0.4112E-01
   0.3970E-01
   0.3818E-01
   0.3658E-01
   0.3490E-01
   0.3313E-01
   0.3128E-01
   0.2937E-01
   0.2738E-01
   0.2533E-01
   0.2322E-01
   0.2105E-01
   0.1884E-01
   0.1658E-01
   0.1429E-01
   0.1196E-01
   0.9598E-02
   0.7219E-02
   0.4822E-02
   0.2414E-02
   0.0000E+00
   0.0000E+00
   0.2300E-02
   0.4594E-02
   0.6878E-02
   0.9145E-02
   0.1139E-01
   0.1361E-01
   0.1580E-01
   0.1795E-01
   0.2006E-01
   0.2212E-01
   0.2413E-01
   0.2609E-01
   0.2798E-01
   0.2981E-01
   0.3157E-01
   0.3325E-01
   0.3486E-01
   0.3638E-01
   0.3782E-01
   0.3917E-01
   0.4044E-01
   0.4160E-01
   0.4267E-01
   0.4364E-01
   0.4451E-01
   0.4527E-01
   0.4593E-01
   0.4648E-01
   0.4692E-01
   0.4725E-01
   0.4748E-01
   0.4759E-01
   0.4759E-01
   0.4748E-01
   0.4725E-01
   0.4692E-01
   0.4648E-01
   0.4593E-01
   0.4527E-01
   0.4451E-01
   0.4364E-01
   0.4267E-01
   0.4160E-01
   0.4044E-01
   0.3917E-01
   0.3782E-01
   0.3638E-01
   0.3486E-01
   0.3325E-01
   0.3157E-01
   0.2981E-01
   0.2798E-01
   0.2609E-01
   0.2413E-01
   0.2212E-01
   0.2006E-01
   0.1795E-01
   0.1580E-01
   0.1361E-01
   0.1139E-01
   0.9145E-02
   0.6878E-02
   0.4594E-02
   0.2300E-02
   0.0000E+00
   0.0000E+00
   0.2191E-02
   0.4377E-02
   0.6553E-02
   0.8714E-02
   0.1085E-01
   0.1297E-01
   0.1505E-01
   0.1710E-01
   0.1911E-01
   0.2108E-01
   0.2299E-01
   0.2485E-01
   0.2666E-01
   0.2840E-01
   0.3008E-01
   0.3168E-01
   0.3321E-01
   0.3467E-01
   0.3604E-01
   0.3733E-01
   0.3853E-01
   0.3964E-01
   0.4066E-01
   0.4158E-01
   0.4241E-01
   0.4313E-01
   0.4376E-01
   0.4429E-01
   0.4471E-01
   0.4502E-01
   0.4524E-01
   0.4534E-01
   0.4534E-01
   0.4524E-01
   0.4502E-01
   0.4471E-01
   0.4429E-01
   0.4376E-01
   0.4313E-01
   0.4241E-01
   0.4158E-01
   0.4066E-01
   0.3964E-01
   0.3853E-01
   0.3733E-01
   0.3604E-01
   0.3467E-01
   0.3321E-01
   0.3168E-01
   0.3008E-01
   0.2840E-01
   0.2666E-01
   0.2485E-01
   0.2299E-01
   0.2108E-01
   0.1911E-01
   0.1710E-01
   0.1505E-01
   0.1297E-01
   0.1085E-01
   0.8714E-02
   0.6553E-02
   0.4377E-02
   0.2191E-02
   0.0000E+00
   0.0000E+00
   0.2088E-02
   0.4171E-02
   0.6244E-02
   0.8303E-02
   0.1034E-01
   0.1236E-01
   0.1434E-01
   0.1630E-01
   0.1821E-01
   0.2008E-01
   0.2191E-01
   0.2368E-01
   0.2540E-01
   0.2706E-01
   0.2866E-01
   0.3019E-01
   0.3164E-01
   0.3303E-01
   0.3434E-01
   0.3556E-01
   0.3671E-01
   0.3777E-01
   0.3874E-01
   0.3962E-01
   0.4041E-01
   0.4110E-01
   0.4170E-01
   0.4220E-01
   0.4260E-01
   0.4290E-01
   0.4310E-01
   0.4320E-01
   0.4320E-01
   0.4310E-01
   0.4290E-01
   0.4260E-01
   0.4220E-01
   0.4170E-01
   0.4110E-01
   0.4041E-01
   0.3962E-01
   0.3874E-01
   0.3777E-01
   0.3671E-01
   0.3556E-01
   0.3434E-01
   0.3303E-01
   0.3164E-01
   0.3019E-01
   0.2866E-01
   0.2706E-01
   0.2540E-01
   0.2368E-01
   0.2191E-01
   0.2008E-01
   0.1821E-01
   0.1630E-01
   0.1434E-01
   0.1236E-01
   0.1034E-01
   0.8303E-02
   0.6244E-02
   0.4171E-02
   0.2088E-02
  -0.3778E-08
