   0.3497E-01
   0.2908E-01
   0.2418E-01
   0.2010E-01
   0.1671E-01
   0.1388E-01
   0.1153E-01
   0.9574E-02
   0.6876E-01
   0.5718E-01
   0.4754E-01
   0.3952E-01
   0.3285E-01
   0.2730E-01
   0.2267E-01
   0.1882E-01
   0.1002E+00
   0.8332E-01
   0.6928E-01
   0.5759E-01
   0.4787E-01
   0.3978E-01
   0.3304E-01
   0.2743E-01
   0.1282E+00
   0.1066E+00
   0.8866E-01
   0.7370E-01
   0.6126E-01
   0.5091E-01
   0.4228E-01
   0.3510E-01
   0.1519E+00
   0.1263E+00
   0.1050E+00
   0.8731E-01
   0.7257E-01
   0.6030E-01
   0.5009E-01
   0.4158E-01
   0.1704E+00
   0.1417E+00
   0.1178E+00
   0.9793E-01
   0.8140E-01
   0.6764E-01
   0.5618E-01
   0.4664E-01
   0.1831E+00
   0.1522E+00
   0.1266E+00
   0.1052E+00
   0.8746E-01
   0.7268E-01
   0.6037E-01
   0.5011E-01
   0.1895E+00
   0.1576E+00
   0.1310E+00
   0.1089E+00
   0.9055E-01
   0.7524E-01
   0.6250E-01
   0.5188E-01
   0.1895E+00
   0.1576E+00
   0.1310E+00
   0.1089E+00
   0.9055E-01
   0.7524E-01
   0.6250E-01
   0.5188E-01
   0.1831E+00
   0.1522E+00
   0.1266E+00
   0.1052E+00
   0.8746E-01
   0.7268E-01
   0.6037E-01
   0.5011E-01
   0.1704E+00
   0.1417E+00
   0.1178E+00
   0.9793E-01
   0.8140E-01
   0.6764E-01
   0.5618E-01
   0.4664E-01
   0.1519E+00
   0.1263E+00
   0.1050E+00
   0.8731E-01
   0.7257E-01
   0.6030E-01
   0.5009E-01
   0.4158E-01
   0.1282E+00
   0.1066E+00
   0.8866E-01
   0.7370E-01
   0.6126E-01
   0.5091E-01
   0.4228E-01
   0.3510E-01
   0.1002E+00
   0.8332E-01
   0.6928E-01
   0.5759E-01
   0.4787E-01
   0.3978E-01
   0.3304E-01
   0.2743E-01
   0.6876E-01
   0.5718E-01
   0.4754E-01
   0.3952E-01
   0.3285E-01
   0.2730E-01
   0.2267E-01
   0.1882E-01
   0.3497E-01
   0.2908E-01
   0.2418E-01
   0.2010E-01
   0.1671E-01
   0.1388E-01
   0.1153E-01
   0.9574E-02
