   0.0000E+00
   0.2061E-01
   0.4103E-01
   0.6108E-01
   0.8058E-01
   0.9935E-01
   0.1172E+00
   0.1340E+00
   0.1496E+00
   0.1639E+00
   0.1766E+00
   0.1878E+00
   0.1972E+00
   0.2049E+00
   0.2107E+00
   0.2146E+00
   0.2166E+00
   0.2166E+00
   0.2146E+00
   0.2107E+00
   0.2049E+00
   0.1972E+00
   0.1878E+00
   0.1766E+00
   0.1639E+00
   0.1496E+00
   0.1340E+00
   0.1172E+00
   0.9935E-01
   0.8058E-01
   0.6108E-01
   0.4103E-01
   0.2061E-01
   0.0000E+00
   0.0000E+00
   0.1873E-01
   0.3728E-01
   0.5550E-01
   0.7322E-01
   0.9027E-01
   0.1065E+00
   0.1218E+00
   0.1359E+00
   0.1489E+00
   0.1605E+00
   0.1706E+00
   0.1792E+00
   0.1862E+00
   0.1914E+00
   0.1950E+00
   0.1968E+00
   0.1968E+00
   0.1950E+00
   0.1914E+00
   0.1862E+00
   0.1792E+00
   0.1706E+00
   0.1605E+00
   0.1489E+00
   0.1359E+00
   0.1218E+00
   0.1065E+00
   0.9027E-01
   0.7322E-01
   0.5550E-01
   0.3728E-01
   0.1873E-01
   0.0000E+00
   0.0000E+00
   0.1702E-01
   0.3388E-01
   0.5043E-01
   0.6653E-01
   0.8202E-01
   0.9678E-01
   0.1107E+00
   0.1235E+00
   0.1353E+00
   0.1458E+00
   0.1550E+00
   0.1628E+00
   0.1692E+00
   0.1740E+00
   0.1772E+00
   0.1788E+00
   0.1788E+00
   0.1772E+00
   0.1740E+00
   0.1692E+00
   0.1628E+00
   0.1550E+00
   0.1458E+00
   0.1353E+00
   0.1235E+00
   0.1107E+00
   0.9678E-01
   0.8202E-01
   0.6653E-01
   0.5043E-01
   0.3388E-01
   0.1702E-01
   0.0000E+00
   0.0000E+00
   0.1546E-01
   0.3078E-01
   0.4582E-01
   0.6045E-01
   0.7453E-01
   0.8794E-01
   0.1005E+00
   0.1122E+00
   0.1229E+00
   0.1325E+00
   0.1409E+00
   0.1480E+00
   0.1537E+00
   0.1581E+00
   0.1610E+00
   0.1625E+00
   0.1625E+00
   0.1610E+00
   0.1581E+00
   0.1537E+00
   0.1480E+00
   0.1409E+00
   0.1325E+00
   0.1229E+00
   0.1122E+00
   0.1005E+00
   0.8794E-01
   0.7453E-01
   0.6045E-01
   0.4582E-01
   0.3078E-01
   0.1546E-01
   0.0000E+00
   0.0000E+00
   0.1405E-01
   0.2797E-01
   0.4164E-01
   0.5493E-01
   0.6773E-01
   0.7991E-01
   0.9136E-01
   0.1020E+00
   0.1117E+00
   0.1204E+00
   0.1280E+00
   0.1344E+00
   0.1397E+00
   0.1436E+00
   0.1463E+00
   0.1476E+00
   0.1476E+00
   0.1463E+00
   0.1436E+00
   0.1397E+00
   0.1344E+00
   0.1280E+00
   0.1204E+00
   0.1117E+00
   0.1020E+00
   0.9136E-01
   0.7991E-01
   0.6773E-01
   0.5493E-01
   0.4164E-01
   0.2797E-01
   0.1405E-01
   0.0000E+00
   0.0000E+00
   0.1277E-01
   0.2542E-01
   0.3784E-01
   0.4992E-01
   0.6154E-01
   0.7261E-01
   0.8302E-01
   0.9268E-01
   0.1015E+00
   0.1094E+00
   0.1163E+00
   0.1222E+00
   0.1269E+00
   0.1305E+00
   0.1329E+00
   0.1342E+00
   0.1342E+00
   0.1329E+00
   0.1305E+00
   0.1269E+00
   0.1222E+00
   0.1163E+00
   0.1094E+00
   0.1015E+00
   0.9268E-01
   0.8302E-01
   0.7261E-01
   0.6154E-01
   0.4992E-01
   0.3784E-01
   0.2542E-01
   0.1277E-01
   0.0000E+00
   0.0000E+00
   0.1160E-01
   0.2310E-01
   0.3439E-01
   0.4536E-01
   0.5593E-01
   0.6599E-01
   0.7545E-01
   0.8423E-01
   0.9225E-01
   0.9943E-01
   0.1057E+00
   0.1110E+00
   0.1153E+00
   0.1186E+00
   0.1208E+00
   0.1219E+00
   0.1219E+00
   0.1208E+00
   0.1186E+00
   0.1153E+00
   0.1110E+00
   0.1057E+00
   0.9943E-01
   0.9225E-01
   0.8423E-01
   0.7545E-01
   0.6599E-01
   0.5593E-01
   0.4536E-01
   0.3439E-01
   0.2310E-01
   0.1160E-01
   0.0000E+00
   0.0000E+00
   0.1055E-01
   0.2099E-01
   0.3125E-01
   0.4123E-01
   0.5083E-01
   0.5998E-01
   0.6858E-01
   0.7656E-01
   0.8384E-01
   0.9037E-01
   0.9607E-01
   0.1009E+00
   0.1048E+00
   0.1078E+00
   0.1098E+00
   0.1108E+00
   0.1108E+00
   0.1098E+00
   0.1078E+00
   0.1048E+00
   0.1009E+00
   0.9607E-01
   0.9037E-01
   0.8384E-01
   0.7656E-01
   0.6858E-01
   0.5998E-01
   0.5083E-01
   0.4123E-01
   0.3125E-01
   0.2099E-01
   0.1055E-01
   0.0000E+00
   0.0000E+00
   0.9586E-02
   0.1908E-01
   0.2841E-01
   0.3748E-01
   0.4621E-01
   0.5452E-01
   0.6234E-01
   0.6959E-01
   0.7621E-01
   0.8214E-01
   0.8733E-01
   0.9173E-01
   0.9529E-01
   0.9800E-01
   0.9981E-01
   0.1007E+00
   0.1007E+00
   0.9981E-01
   0.9800E-01
   0.9529E-01
   0.9173E-01
   0.8733E-01
   0.8214E-01
   0.7621E-01
   0.6959E-01
   0.6234E-01
   0.5452E-01
   0.4621E-01
   0.3748E-01
   0.2841E-01
   0.1908E-01
   0.9586E-02
   0.0000E+00
   0.0000E+00
   0.8715E-02
   0.1735E-01
   0.2583E-01
   0.3407E-01
   0.4201E-01
   0.4956E-01
   0.5667E-01
   0.6327E-01
   0.6929E-01
   0.7468E-01
   0.7940E-01
   0.8339E-01
   0.8664E-01
   0.8909E-01
   0.9074E-01
   0.9157E-01
   0.9157E-01
   0.9074E-01
   0.8909E-01
   0.8664E-01
   0.8339E-01
   0.7940E-01
   0.7468E-01
   0.6929E-01
   0.6327E-01
   0.5667E-01
   0.4956E-01
   0.4201E-01
   0.3407E-01
   0.2583E-01
   0.1735E-01
   0.8715E-02
   0.0000E+00
   0.0000E+00
   0.7924E-02
   0.1578E-01
   0.2349E-01
   0.3098E-01
   0.3820E-01
   0.4507E-01
   0.5153E-01
   0.5753E-01
   0.6300E-01
   0.6791E-01
   0.7219E-01
   0.7583E-01
   0.7878E-01
   0.8101E-01
   0.8251E-01
   0.8327E-01
   0.8327E-01
   0.8251E-01
   0.8101E-01
   0.7878E-01
   0.7583E-01
   0.7219E-01
   0.6791E-01
   0.6300E-01
   0.5753E-01
   0.5153E-01
   0.4507E-01
   0.3820E-01
   0.3098E-01
   0.2349E-01
   0.1578E-01
   0.7924E-02
   0.0000E+00
   0.0000E+00
   0.7207E-02
   0.1435E-01
   0.2136E-01
   0.2818E-01
   0.3474E-01
   0.4099E-01
   0.4687E-01
   0.5232E-01
   0.5730E-01
   0.6176E-01
   0.6566E-01
   0.6897E-01
   0.7165E-01
   0.7368E-01
   0.7505E-01
   0.7573E-01
   0.7573E-01
   0.7505E-01
   0.7368E-01
   0.7165E-01
   0.6897E-01
   0.6566E-01
   0.6176E-01
   0.5730E-01
   0.5232E-01
   0.4687E-01
   0.4099E-01
   0.3474E-01
   0.2818E-01
   0.2136E-01
   0.1435E-01
   0.7207E-02
   0.0000E+00
   0.0000E+00
   0.6557E-02
   0.1305E-01
   0.1943E-01
   0.2564E-01
   0.3161E-01
   0.3729E-01
   0.4264E-01
   0.4760E-01
   0.5213E-01
   0.5619E-01
   0.5973E-01
   0.6274E-01
   0.6518E-01
   0.6703E-01
   0.6827E-01
   0.6890E-01
   0.6890E-01
   0.6827E-01
   0.6703E-01
   0.6518E-01
   0.6274E-01
   0.5973E-01
   0.5619E-01
   0.5213E-01
   0.4760E-01
   0.4264E-01
   0.3729E-01
   0.3161E-01
   0.2564E-01
   0.1943E-01
   0.1305E-01
   0.6557E-02
   0.0000E+00
   0.0000E+00
   0.5967E-02
   0.1188E-01
   0.1768E-01
   0.2333E-01
   0.2876E-01
   0.3394E-01
   0.3880E-01
   0.4332E-01
   0.4744E-01
   0.5113E-01
   0.5436E-01
   0.5710E-01
   0.5932E-01
   0.6100E-01
   0.6213E-01
   0.6270E-01
   0.6270E-01
   0.6213E-01
   0.6100E-01
   0.5932E-01
   0.5710E-01
   0.5436E-01
   0.5113E-01
   0.4744E-01
   0.4332E-01
   0.3880E-01
   0.3394E-01
   0.2876E-01
   0.2333E-01
   0.1768E-01
   0.1188E-01
   0.5967E-02
   0.0000E+00
   0.0000E+00
   0.5432E-02
   0.1081E-01
   0.1610E-01
   0.2124E-01
   0.2618E-01
   0.3089E-01
   0.3532E-01
   0.3943E-01
   0.4318E-01
   0.4655E-01
   0.4949E-01
   0.5198E-01
   0.5400E-01
   0.5553E-01
   0.5656E-01
   0.5708E-01
   0.5708E-01
   0.5656E-01
   0.5553E-01
   0.5400E-01
   0.5198E-01
   0.4949E-01
   0.4655E-01
   0.4318E-01
   0.3943E-01
   0.3532E-01
   0.3089E-01
   0.2618E-01
   0.2124E-01
   0.1610E-01
   0.1081E-01
   0.5432E-02
   0.0000E+00
   0.0000E+00
   0.4946E-02
   0.9848E-02
   0.1466E-01
   0.1934E-01
   0.2384E-01
   0.2813E-01
   0.3217E-01
   0.3591E-01
   0.3933E-01
   0.4239E-01
   0.4507E-01
   0.4733E-01
   0.4918E-01
   0.5057E-01
   0.5151E-01
   0.5198E-01
   0.5198E-01
   0.5151E-01
   0.5057E-01
   0.4918E-01
   0.4733E-01
   0.4507E-01
   0.4239E-01
   0.3933E-01
   0.3591E-01
   0.3217E-01
   0.2813E-01
   0.2384E-01
   0.1934E-01
   0.1466E-01
   0.9848E-02
   0.4946E-02
   0.0000E+00
   0.0000E+00
   0.4507E-02
   0.8972E-02
   0.1336E-01
   0.1762E-01
   0.2172E-01
   0.2563E-01
   0.2931E-01
   0.3272E-01
   0.3583E-01
   0.3862E-01
   0.4106E-01
   0.4313E-01
   0.4480E-01
   0.4607E-01
   0.4693E-01
   0.4736E-01
   0.4736E-01
   0.4693E-01
   0.4607E-01
   0.4480E-01
   0.4313E-01
   0.4106E-01
   0.3862E-01
   0.3583E-01
   0.3272E-01
   0.2931E-01
   0.2563E-01
   0.2172E-01
   0.1762E-01
   0.1336E-01
   0.8972E-02
   0.4507E-02
   0.0000E+00
   0.0000E+00
   0.4108E-02
   0.8178E-02
   0.1217E-01
   0.1606E-01
   0.1980E-01
   0.2336E-01
   0.2671E-01
   0.2982E-01
   0.3266E-01
   0.3520E-01
   0.3742E-01
   0.3931E-01
   0.4084E-01
   0.4200E-01
   0.4277E-01
   0.4316E-01
   0.4316E-01
   0.4277E-01
   0.4200E-01
   0.4084E-01
   0.3931E-01
   0.3742E-01
   0.3520E-01
   0.3266E-01
   0.2982E-01
   0.2671E-01
   0.2336E-01
   0.1980E-01
   0.1606E-01
   0.1217E-01
   0.8178E-02
   0.4108E-02
  -0.1408E-07
