   0.0000E+00
   0.4831E-01
   0.9651E-01
   0.1445E+00
   0.1921E+00
   0.2393E+00
   0.2859E+00
   0.3319E+00
   0.3771E+00
   0.4214E+00
   0.4647E+00
   0.5070E+00
   0.5480E+00
   0.5878E+00
   0.6262E+00
   0.6631E+00
   0.6985E+00
   0.7323E+00
   0.7643E+00
   0.7946E+00
   0.8230E+00
   0.8495E+00
   0.8740E+00
   0.8964E+00
   0.9168E+00
   0.9350E+00
   0.9511E+00
   0.9649E+00
   0.9764E+00
   0.9857E+00
   0.9927E+00
   0.9974E+00
   0.9997E+00
   0.9997E+00
   0.9974E+00
   0.9927E+00
   0.9857E+00
   0.9764E+00
   0.9649E+00
   0.9511E+00
   0.9350E+00
   0.9168E+00
   0.8964E+00
   0.8740E+00
   0.8495E+00
   0.8230E+00
   0.7946E+00
   0.7643E+00
   0.7323E+00
   0.6985E+00
   0.6631E+00
   0.6262E+00
   0.5878E+00
   0.5480E+00
   0.5070E+00
   0.4647E+00
   0.4214E+00
   0.3771E+00
   0.3319E+00
   0.2859E+00
   0.2393E+00
   0.1921E+00
   0.1445E+00
   0.9651E-01
   0.4831E-01
  -0.8742E-07
   0.0000E+00
   0.4573E-01
   0.9135E-01
   0.1368E+00
   0.1818E+00
   0.2265E+00
   0.2706E+00
   0.3141E+00
   0.3569E+00
   0.3988E+00
   0.4399E+00
   0.4798E+00
   0.5187E+00
   0.5563E+00
   0.5927E+00
   0.6276E+00
   0.6611E+00
   0.6931E+00
   0.7234E+00
   0.7521E+00
   0.7789E+00
   0.8040E+00
   0.8272E+00
   0.8485E+00
   0.8677E+00
   0.8850E+00
   0.9002E+00
   0.9132E+00
   0.9242E+00
   0.9330E+00
   0.9396E+00
   0.9440E+00
   0.9462E+00
   0.9462E+00
   0.9440E+00
   0.9396E+00
   0.9330E+00
   0.9242E+00
   0.9132E+00
   0.9002E+00
   0.8850E+00
   0.8677E+00
   0.8485E+00
   0.8272E+00
   0.8040E+00
   0.7789E+00
   0.7521E+00
   0.7234E+00
   0.6931E+00
   0.6611E+00
   0.6276E+00
   0.5927E+00
   0.5563E+00
   0.5187E+00
   0.4798E+00
   0.4399E+00
   0.3988E+00
   0.3569E+00
   0.3141E+00
   0.2706E+00
   0.2265E+00
   0.1818E+00
   0.1368E+00
   0.9135E-01
   0.4573E-01
   0.0000E+00
   0.0000E+00
   0.4325E-01
   0.8640E-01
   0.1293E+00
   0.1720E+00
   0.2142E+00
   0.2560E+00
   0.2971E+00
   0.3376E+00
   0.3772E+00
   0.4160E+00
   0.4538E+00
   0.4906E+00
   0.5262E+00
   0.5606E+00
   0.5936E+00
   0.6253E+00
   0.6555E+00
   0.6842E+00
   0.7113E+00
   0.7367E+00
   0.7605E+00
   0.7824E+00
   0.8025E+00
   0.8207E+00
   0.8370E+00
   0.8514E+00
   0.8638E+00
   0.8741E+00
   0.8824E+00
   0.8887E+00
   0.8929E+00
   0.8950E+00
   0.8950E+00
   0.8929E+00
   0.8887E+00
   0.8824E+00
   0.8741E+00
   0.8638E+00
   0.8514E+00
   0.8370E+00
   0.8207E+00
   0.8025E+00
   0.7824E+00
   0.7605E+00
   0.7367E+00
   0.7113E+00
   0.6842E+00
   0.6555E+00
   0.6253E+00
   0.5936E+00
   0.5606E+00
   0.5262E+00
   0.4906E+00
   0.4538E+00
   0.4160E+00
   0.3772E+00
   0.3376E+00
   0.2971E+00
   0.2560E+00
   0.2142E+00
   0.1720E+00
   0.1293E+00
   0.8640E-01
   0.4325E-01
   0.0000E+00
   0.0000E+00
   0.4088E-01
   0.8166E-01
   0.1223E+00
   0.1626E+00
   0.2025E+00
   0.2419E+00
   0.2808E+00
   0.3191E+00
   0.3566E+00
   0.3932E+00
   0.4289E+00
   0.4637E+00
   0.4973E+00
   0.5298E+00
   0.5611E+00
   0.5910E+00
   0.6196E+00
   0.6467E+00
   0.6723E+00
   0.6963E+00
   0.7187E+00
   0.7395E+00
   0.7585E+00
   0.7757E+00
   0.7911E+00
   0.8047E+00
   0.8164E+00
   0.8262E+00
   0.8340E+00
   0.8399E+00
   0.8439E+00
   0.8459E+00
   0.8459E+00
   0.8439E+00
   0.8399E+00
   0.8340E+00
   0.8262E+00
   0.8164E+00
   0.8047E+00
   0.7911E+00
   0.7757E+00
   0.7585E+00
   0.7395E+00
   0.7187E+00
   0.6963E+00
   0.6723E+00
   0.6467E+00
   0.6196E+00
   0.5910E+00
   0.5611E+00
   0.5298E+00
   0.4973E+00
   0.4637E+00
   0.4289E+00
   0.3932E+00
   0.3566E+00
   0.3191E+00
   0.2808E+00
   0.2419E+00
   0.2025E+00
   0.1626E+00
   0.1223E+00
   0.8166E-01
   0.4088E-01
   0.0000E+00
   0.0000E+00
   0.3861E-01
   0.7713E-01
   0.1155E+00
   0.1535E+00
   0.1912E+00
   0.2285E+00
   0.2652E+00
   0.3013E+00
   0.3367E+00
   0.3714E+00
   0.4051E+00
   0.4379E+00
   0.4697E+00
   0.5004E+00
   0.5299E+00
   0.5582E+00
   0.5852E+00
   0.6108E+00
   0.6350E+00
   0.6577E+00
   0.6788E+00
   0.6984E+00
   0.7163E+00
   0.7326E+00
   0.7472E+00
   0.7600E+00
   0.7710E+00
   0.7803E+00
   0.7877E+00
   0.7933E+00
   0.7970E+00
   0.7989E+00
   0.7989E+00
   0.7970E+00
   0.7933E+00
   0.7877E+00
   0.7803E+00
   0.7710E+00
   0.7600E+00
   0.7472E+00
   0.7326E+00
   0.7163E+00
   0.6984E+00
   0.6788E+00
   0.6577E+00
   0.6350E+00
   0.6108E+00
   0.5852E+00
   0.5582E+00
   0.5299E+00
   0.5004E+00
   0.4697E+00
   0.4379E+00
   0.4051E+00
   0.3714E+00
   0.3367E+00
   0.3013E+00
   0.2652E+00
   0.2285E+00
   0.1912E+00
   0.1535E+00
   0.1155E+00
   0.7713E-01
   0.3861E-01
   0.0000E+00
   0.0000E+00
   0.3643E-01
   0.7278E-01
   0.1090E+00
   0.1449E+00
   0.1805E+00
   0.2156E+00
   0.2503E+00
   0.2844E+00
   0.3178E+00
   0.3505E+00
   0.3823E+00
   0.4133E+00
   0.4433E+00
   0.4722E+00
   0.5001E+00
   0.5268E+00
   0.5522E+00
   0.5764E+00
   0.5992E+00
   0.6206E+00
   0.6406E+00
   0.6591E+00
   0.6760E+00
   0.6914E+00
   0.7051E+00
   0.7172E+00
   0.7277E+00
   0.7364E+00
   0.7434E+00
   0.7486E+00
   0.7522E+00
   0.7539E+00
   0.7539E+00
   0.7522E+00
   0.7486E+00
   0.7434E+00
   0.7364E+00
   0.7277E+00
   0.7172E+00
   0.7051E+00
   0.6914E+00
   0.6760E+00
   0.6591E+00
   0.6406E+00
   0.6206E+00
   0.5992E+00
   0.5764E+00
   0.5522E+00
   0.5268E+00
   0.5001E+00
   0.4722E+00
   0.4433E+00
   0.4133E+00
   0.3823E+00
   0.3505E+00
   0.3178E+00
   0.2844E+00
   0.2503E+00
   0.2156E+00
   0.1805E+00
   0.1449E+00
   0.1090E+00
   0.7278E-01
   0.3643E-01
   0.0000E+00
   0.0000E+00
   0.3436E-01
   0.6863E-01
   0.1027E+00
   0.1366E+00
   0.1702E+00
   0.2033E+00
   0.2360E+00
   0.2682E+00
   0.2997E+00
   0.3305E+00
   0.3605E+00
   0.3897E+00
   0.4180E+00
   0.4453E+00
   0.4716E+00
   0.4967E+00
   0.5207E+00
   0.5435E+00
   0.5650E+00
   0.5852E+00
   0.6041E+00
   0.6215E+00
   0.6375E+00
   0.6519E+00
   0.6649E+00
   0.6763E+00
   0.6861E+00
   0.6944E+00
   0.7010E+00
   0.7059E+00
   0.7093E+00
   0.7109E+00
   0.7109E+00
   0.7093E+00
   0.7059E+00
   0.7010E+00
   0.6944E+00
   0.6861E+00
   0.6763E+00
   0.6649E+00
   0.6519E+00
   0.6375E+00
   0.6215E+00
   0.6041E+00
   0.5852E+00
   0.5650E+00
   0.5435E+00
   0.5207E+00
   0.4967E+00
   0.4716E+00
   0.4453E+00
   0.4180E+00
   0.3897E+00
   0.3605E+00
   0.3305E+00
   0.2997E+00
   0.2682E+00
   0.2360E+00
   0.2033E+00
   0.1702E+00
   0.1366E+00
   0.1027E+00
   0.6863E-01
   0.3436E-01
   0.0000E+00
   0.0000E+00
   0.3237E-01
   0.6466E-01
   0.9681E-01
   0.1287E+00
   0.1603E+00
   0.1916E+00
   0.2224E+00
   0.2527E+00
   0.2823E+00
   0.3114E+00
   0.3397E+00
   0.3672E+00
   0.3938E+00
   0.4195E+00
   0.4443E+00
   0.4680E+00
   0.4906E+00
   0.5121E+00
   0.5324E+00
   0.5514E+00
   0.5691E+00
   0.5856E+00
   0.6006E+00
   0.6142E+00
   0.6265E+00
   0.6372E+00
   0.6465E+00
   0.6542E+00
   0.6604E+00
   0.6651E+00
   0.6682E+00
   0.6698E+00
   0.6698E+00
   0.6682E+00
   0.6651E+00
   0.6604E+00
   0.6542E+00
   0.6465E+00
   0.6372E+00
   0.6265E+00
   0.6142E+00
   0.6006E+00
   0.5856E+00
   0.5691E+00
   0.5514E+00
   0.5324E+00
   0.5121E+00
   0.4906E+00
   0.4680E+00
   0.4443E+00
   0.4195E+00
   0.3938E+00
   0.3672E+00
   0.3397E+00
   0.3114E+00
   0.2823E+00
   0.2527E+00
   0.2224E+00
   0.1916E+00
   0.1603E+00
   0.1287E+00
   0.9681E-01
   0.6466E-01
   0.3237E-01
   0.0000E+00
   0.0000E+00
   0.3047E-01
   0.6087E-01
   0.9113E-01
   0.1212E+00
   0.1509E+00
   0.1803E+00
   0.2093E+00
   0.2378E+00
   0.2658E+00
   0.2931E+00
   0.3197E+00
   0.3456E+00
   0.3707E+00
   0.3949E+00
   0.4182E+00
   0.4406E+00
   0.4618E+00
   0.4821E+00
   0.5011E+00
   0.5191E+00
   0.5358E+00
   0.5512E+00
   0.5654E+00
   0.5782E+00
   0.5897E+00
   0.5998E+00
   0.6085E+00
   0.6158E+00
   0.6217E+00
   0.6261E+00
   0.6290E+00
   0.6305E+00
   0.6305E+00
   0.6290E+00
   0.6261E+00
   0.6217E+00
   0.6158E+00
   0.6085E+00
   0.5998E+00
   0.5897E+00
   0.5782E+00
   0.5654E+00
   0.5512E+00
   0.5358E+00
   0.5191E+00
   0.5011E+00
   0.4821E+00
   0.4618E+00
   0.4406E+00
   0.4182E+00
   0.3949E+00
   0.3707E+00
   0.3456E+00
   0.3197E+00
   0.2931E+00
   0.2658E+00
   0.2378E+00
   0.2093E+00
   0.1803E+00
   0.1509E+00
   0.1212E+00
   0.9113E-01
   0.6087E-01
   0.3047E-01
   0.0000E+00
   0.0000E+00
   0.2866E-01
   0.5725E-01
   0.8571E-01
   0.1140E+00
   0.1420E+00
   0.1696E+00
   0.1969E+00
   0.2237E+00
   0.2500E+00
   0.2757E+00
   0.3007E+00
   0.3251E+00
   0.3487E+00
   0.3714E+00
   0.3934E+00
   0.4143E+00
   0.4344E+00
   0.4534E+00
   0.4713E+00
   0.4882E+00
   0.5039E+00
   0.5184E+00
   0.5317E+00
   0.5438E+00
   0.5546E+00
   0.5641E+00
   0.5723E+00
   0.5792E+00
   0.5847E+00
   0.5889E+00
   0.5916E+00
   0.5930E+00
   0.5930E+00
   0.5916E+00
   0.5889E+00
   0.5847E+00
   0.5792E+00
   0.5723E+00
   0.5641E+00
   0.5546E+00
   0.5438E+00
   0.5317E+00
   0.5184E+00
   0.5039E+00
   0.4882E+00
   0.4713E+00
   0.4534E+00
   0.4344E+00
   0.4143E+00
   0.3934E+00
   0.3714E+00
   0.3487E+00
   0.3251E+00
   0.3007E+00
   0.2757E+00
   0.2500E+00
   0.2237E+00
   0.1969E+00
   0.1696E+00
   0.1420E+00
   0.1140E+00
   0.8571E-01
   0.5725E-01
   0.2866E-01
   0.0000E+00
   0.0000E+00
   0.2693E-01
   0.5380E-01
   0.8054E-01
   0.1071E+00
   0.1334E+00
   0.1594E+00
   0.1850E+00
   0.2102E+00
   0.2349E+00
   0.2590E+00
   0.2826E+00
   0.3055E+00
   0.3276E+00
   0.3490E+00
   0.3696E+00
   0.3893E+00
   0.4082E+00
   0.4260E+00
   0.4429E+00
   0.4587E+00
   0.4735E+00
   0.4871E+00
   0.4997E+00
   0.5110E+00
   0.5212E+00
   0.5301E+00
   0.5378E+00
   0.5442E+00
   0.5494E+00
   0.5533E+00
   0.5559E+00
   0.5572E+00
   0.5572E+00
   0.5559E+00
   0.5533E+00
   0.5494E+00
   0.5442E+00
   0.5378E+00
   0.5301E+00
   0.5212E+00
   0.5110E+00
   0.4997E+00
   0.4871E+00
   0.4735E+00
   0.4587E+00
   0.4429E+00
   0.4260E+00
   0.4082E+00
   0.3893E+00
   0.3696E+00
   0.3490E+00
   0.3276E+00
   0.3055E+00
   0.2826E+00
   0.2590E+00
   0.2349E+00
   0.2102E+00
   0.1850E+00
   0.1594E+00
   0.1334E+00
   0.1071E+00
   0.8054E-01
   0.5380E-01
   0.2693E-01
   0.0000E+00
   0.0000E+00
   0.2528E-01
   0.5050E-01
   0.7560E-01
   0.1005E+00
   0.1252E+00
   0.1496E+00
   0.1737E+00
   0.1973E+00
   0.2205E+00
   0.2432E+00
   0.2653E+00
   0.2867E+00
   0.3076E+00
   0.3276E+00
   0.3470E+00
   0.3655E+00
   0.3832E+00
   0.3999E+00
   0.4158E+00
   0.4306E+00
   0.4445E+00
   0.4573E+00
   0.4691E+00
   0.4797E+00
   0.4892E+00
   0.4976E+00
   0.5049E+00
   0.5109E+00
   0.5158E+00
   0.5194E+00
   0.5219E+00
   0.5231E+00
   0.5231E+00
   0.5219E+00
   0.5194E+00
   0.5158E+00
   0.5109E+00
   0.5049E+00
   0.4976E+00
   0.4892E+00
   0.4797E+00
   0.4691E+00
   0.4573E+00
   0.4445E+00
   0.4306E+00
   0.4158E+00
   0.3999E+00
   0.3832E+00
   0.3655E+00
   0.3470E+00
   0.3276E+00
   0.3076E+00
   0.2867E+00
   0.2653E+00
   0.2432E+00
   0.2205E+00
   0.1973E+00
   0.1737E+00
   0.1496E+00
   0.1252E+00
   0.1005E+00
   0.7560E-01
   0.5050E-01
   0.2528E-01
   0.0000E+00
   0.0000E+00
   0.2371E-01
   0.4736E-01
   0.7090E-01
   0.9428E-01
   0.1174E+00
   0.1403E+00
   0.1629E+00
   0.1851E+00
   0.2068E+00
   0.2281E+00
   0.2488E+00
   0.2689E+00
   0.2884E+00
   0.3073E+00
   0.3254E+00
   0.3428E+00
   0.3593E+00
   0.3751E+00
   0.3899E+00
   0.4039E+00
   0.4169E+00
   0.4289E+00
   0.4399E+00
   0.4499E+00
   0.4588E+00
   0.4667E+00
   0.4735E+00
   0.4792E+00
   0.4837E+00
   0.4872E+00
   0.4894E+00
   0.4906E+00
   0.4906E+00
   0.4894E+00
   0.4872E+00
   0.4837E+00
   0.4792E+00
   0.4735E+00
   0.4667E+00
   0.4588E+00
   0.4499E+00
   0.4399E+00
   0.4289E+00
   0.4169E+00
   0.4039E+00
   0.3899E+00
   0.3751E+00
   0.3593E+00
   0.3428E+00
   0.3254E+00
   0.3073E+00
   0.2884E+00
   0.2689E+00
   0.2488E+00
   0.2281E+00
   0.2068E+00
   0.1851E+00
   0.1629E+00
   0.1403E+00
   0.1174E+00
   0.9428E-01
   0.7090E-01
   0.4736E-01
   0.2371E-01
   0.0000E+00
   0.0000E+00
   0.2221E-01
   0.4437E-01
   0.6643E-01
   0.8833E-01
   0.1100E+00
   0.1315E+00
   0.1526E+00
   0.1734E+00
   0.1937E+00
   0.2137E+00
   0.2331E+00
   0.2520E+00
   0.2702E+00
   0.2879E+00
   0.3049E+00
   0.3212E+00
   0.3367E+00
   0.3514E+00
   0.3653E+00
   0.3784E+00
   0.3906E+00
   0.4018E+00
   0.4122E+00
   0.4215E+00
   0.4299E+00
   0.4373E+00
   0.4436E+00
   0.4489E+00
   0.4532E+00
   0.4564E+00
   0.4586E+00
   0.4596E+00
   0.4596E+00
   0.4586E+00
   0.4564E+00
   0.4532E+00
   0.4489E+00
   0.4436E+00
   0.4373E+00
   0.4299E+00
   0.4215E+00
   0.4122E+00
   0.4018E+00
   0.3906E+00
   0.3784E+00
   0.3653E+00
   0.3514E+00
   0.3367E+00
   0.3212E+00
   0.3049E+00
   0.2879E+00
   0.2702E+00
   0.2520E+00
   0.2331E+00
   0.2137E+00
   0.1937E+00
   0.1734E+00
   0.1526E+00
   0.1315E+00
   0.1100E+00
   0.8833E-01
   0.6643E-01
   0.4437E-01
   0.2221E-01
   0.0000E+00
   0.0000E+00
   0.2079E-01
   0.4153E-01
   0.6218E-01
   0.8268E-01
   0.1030E+00
   0.1231E+00
   0.1428E+00
   0.1623E+00
   0.1813E+00
   0.2000E+00
   0.2182E+00
   0.2358E+00
   0.2529E+00
   0.2695E+00
   0.2854E+00
   0.3006E+00
   0.3151E+00
   0.3289E+00
   0.3419E+00
   0.3542E+00
   0.3656E+00
   0.3761E+00
   0.3858E+00
   0.3945E+00
   0.4024E+00
   0.4093E+00
   0.4152E+00
   0.4202E+00
   0.4242E+00
   0.4272E+00
   0.4292E+00
   0.4302E+00
   0.4302E+00
   0.4292E+00
   0.4272E+00
   0.4242E+00
   0.4202E+00
   0.4152E+00
   0.4093E+00
   0.4024E+00
   0.3945E+00
   0.3858E+00
   0.3761E+00
   0.3656E+00
   0.3542E+00
   0.3419E+00
   0.3289E+00
   0.3151E+00
   0.3006E+00
   0.2854E+00
   0.2695E+00
   0.2529E+00
   0.2358E+00
   0.2182E+00
   0.2000E+00
   0.1813E+00
   0.1623E+00
   0.1428E+00
   0.1231E+00
   0.1030E+00
   0.8268E-01
   0.6218E-01
   0.4153E-01
   0.2079E-01
   0.0000E+00
   0.0000E+00
   0.1944E-01
   0.3883E-01
   0.5814E-01
   0.7731E-01
   0.9629E-01
   0.1151E+00
   0.1335E+00
   0.1517E+00
   0.1696E+00
   0.1870E+00
   0.2040E+00
   0.2205E+00
   0.2365E+00
   0.2520E+00
   0.2668E+00
   0.2811E+00
   0.2946E+00
   0.3075E+00
   0.3197E+00
   0.3311E+00
   0.3418E+00
   0.3517E+00
   0.3607E+00
   0.3689E+00
   0.3762E+00
   0.3827E+00
   0.3882E+00
   0.3929E+00
   0.3966E+00
   0.3994E+00
   0.4013E+00
   0.4022E+00
   0.4022E+00
   0.4013E+00
   0.3994E+00
   0.3966E+00
   0.3929E+00
   0.3882E+00
   0.3827E+00
   0.3762E+00
   0.3689E+00
   0.3607E+00
   0.3517E+00
   0.3418E+00
   0.3311E+00
   0.3197E+00
   0.3075E+00
   0.2946E+00
   0.2811E+00
   0.2668E+00
   0.2520E+00
   0.2365E+00
   0.2205E+00
   0.2040E+00
   0.1870E+00
   0.1696E+00
   0.1517E+00
   0.1335E+00
   0.1151E+00
   0.9629E-01
   0.7731E-01
   0.5814E-01
   0.3883E-01
   0.1944E-01
   0.0000E+00
   0.0000E+00
   0.1816E-01
   0.3627E-01
   0.5430E-01
   0.7221E-01
   0.8994E-01
   0.1075E+00
   0.1247E+00
   0.1417E+00
   0.1584E+00
   0.1747E+00
   0.1905E+00
   0.2060E+00
   0.2209E+00
   0.2353E+00
   0.2492E+00
   0.2625E+00
   0.2752E+00
   0.2872E+00
   0.2986E+00
   0.3093E+00
   0.3192E+00
   0.3285E+00
   0.3369E+00
   0.3445E+00
   0.3514E+00
   0.3574E+00
   0.3626E+00
   0.3670E+00
   0.3705E+00
   0.3731E+00
   0.3748E+00
   0.3757E+00
   0.3757E+00
   0.3748E+00
   0.3731E+00
   0.3705E+00
   0.3670E+00
   0.3626E+00
   0.3574E+00
   0.3514E+00
   0.3445E+00
   0.3369E+00
   0.3285E+00
   0.3192E+00
   0.3093E+00
   0.2986E+00
   0.2872E+00
   0.2752E+00
   0.2625E+00
   0.2492E+00
   0.2353E+00
   0.2209E+00
   0.2060E+00
   0.1905E+00
   0.1747E+00
   0.1584E+00
   0.1417E+00
   0.1247E+00
   0.1075E+00
   0.8994E-01
   0.7221E-01
   0.5430E-01
   0.3627E-01
   0.1816E-01
   0.0000E+00
   0.0000E+00
   0.1694E-01
   0.3384E-01
   0.5067E-01
   0.6737E-01
   0.8392E-01
   0.1003E+00
   0.1164E+00
   0.1322E+00
   0.1478E+00
   0.1630E+00
   0.1778E+00
   0.1922E+00
   0.2061E+00
   0.2196E+00
   0.2325E+00
   0.2449E+00
   0.2568E+00
   0.2680E+00
   0.2786E+00
   0.2886E+00
   0.2979E+00
   0.3065E+00
   0.3143E+00
   0.3215E+00
   0.3279E+00
   0.3335E+00
   0.3383E+00
   0.3424E+00
   0.3456E+00
   0.3481E+00
   0.3497E+00
   0.3506E+00
   0.3506E+00
   0.3497E+00
   0.3481E+00
   0.3456E+00
   0.3424E+00
   0.3383E+00
   0.3335E+00
   0.3279E+00
   0.3215E+00
   0.3143E+00
   0.3065E+00
   0.2979E+00
   0.2886E+00
   0.2786E+00
   0.2680E+00
   0.2568E+00
   0.2449E+00
   0.2325E+00
   0.2196E+00
   0.2061E+00
   0.1922E+00
   0.1778E+00
   0.1630E+00
   0.1478E+00
   0.1322E+00
   0.1164E+00
   0.1003E+00
   0.8392E-01
   0.6737E-01
   0.5067E-01
   0.3384E-01
   0.1694E-01
   0.0000E+00
   0.0000E+00
   0.1579E-01
   0.3154E-01
   0.4722E-01
   0.6279E-01
   0.7821E-01
   0.9345E-01
   0.1085E+00
   0.1232E+00
   0.1377E+00
   0.1519E+00
   0.1657E+00
   0.1791E+00
   0.1921E+00
   0.2046E+00
   0.2167E+00
   0.2283E+00
   0.2393E+00
   0.2498E+00
   0.2597E+00
   0.2690E+00
   0.2776E+00
   0.2856E+00
   0.2930E+00
   0.2996E+00
   0.3056E+00
   0.3108E+00
   0.3153E+00
   0.3191E+00
   0.3222E+00
   0.3244E+00
   0.3260E+00
   0.3267E+00
   0.3267E+00
   0.3260E+00
   0.3244E+00
   0.3222E+00
   0.3191E+00
   0.3153E+00
   0.3108E+00
   0.3056E+00
   0.2996E+00
   0.2930E+00
   0.2856E+00
   0.2776E+00
   0.2690E+00
   0.2597E+00
   0.2498E+00
   0.2393E+00
   0.2283E+00
   0.2167E+00
   0.2046E+00
   0.1921E+00
   0.1791E+00
   0.1657E+00
   0.1519E+00
   0.1377E+00
   0.1232E+00
   0.1085E+00
   0.9345E-01
   0.7821E-01
   0.6279E-01
   0.4722E-01
   0.3154E-01
   0.1579E-01
   0.0000E+00
   0.0000E+00
   0.1470E-01
   0.2937E-01
   0.4396E-01
   0.5846E-01
   0.7282E-01
   0.8701E-01
   0.1010E+00
   0.1147E+00
   0.1282E+00
   0.1414E+00
   0.1543E+00
   0.1667E+00
   0.1788E+00
   0.1905E+00
   0.2018E+00
   0.2125E+00
   0.2228E+00
   0.2326E+00
   0.2418E+00
   0.2504E+00
   0.2585E+00
   0.2659E+00
   0.2728E+00
   0.2790E+00
   0.2845E+00
   0.2894E+00
   0.2936E+00
   0.2971E+00
   0.2999E+00
   0.3021E+00
   0.3035E+00
   0.3042E+00
   0.3042E+00
   0.3035E+00
   0.3021E+00
   0.2999E+00
   0.2971E+00
   0.2936E+00
   0.2894E+00
   0.2845E+00
   0.2790E+00
   0.2728E+00
   0.2659E+00
   0.2585E+00
   0.2504E+00
   0.2418E+00
   0.2326E+00
   0.2228E+00
   0.2125E+00
   0.2018E+00
   0.1905E+00
   0.1788E+00
   0.1667E+00
   0.1543E+00
   0.1414E+00
   0.1282E+00
   0.1147E+00
   0.1010E+00
   0.8701E-01
   0.7282E-01
   0.5846E-01
   0.4396E-01
   0.2937E-01
   0.1470E-01
   0.0000E+00
   0.0000E+00
   0.1367E-01
   0.2731E-01
   0.4089E-01
   0.5437E-01
   0.6772E-01
   0.8092E-01
   0.9392E-01
   0.1067E+00
   0.1192E+00
   0.1315E+00
   0.1435E+00
   0.1551E+00
   0.1663E+00
   0.1772E+00
   0.1876E+00
   0.1977E+00
   0.2072E+00
   0.2163E+00
   0.2248E+00
   0.2329E+00
   0.2404E+00
   0.2473E+00
   0.2537E+00
   0.2594E+00
   0.2646E+00
   0.2691E+00
   0.2730E+00
   0.2763E+00
   0.2789E+00
   0.2809E+00
   0.2822E+00
   0.2829E+00
   0.2829E+00
   0.2822E+00
   0.2809E+00
   0.2789E+00
   0.2763E+00
   0.2730E+00
   0.2691E+00
   0.2646E+00
   0.2594E+00
   0.2537E+00
   0.2473E+00
   0.2404E+00
   0.2329E+00
   0.2248E+00
   0.2163E+00
   0.2072E+00
   0.1977E+00
   0.1876E+00
   0.1772E+00
   0.1663E+00
   0.1551E+00
   0.1435E+00
   0.1315E+00
   0.1192E+00
   0.1067E+00
   0.9392E-01
   0.8092E-01
   0.6772E-01
   0.5437E-01
   0.4089E-01
   0.2731E-01
   0.1367E-01
   0.0000E+00
   0.0000E+00
   0.1270E-01
   0.2537E-01
   0.3798E-01
   0.5051E-01
   0.6291E-01
   0.7517E-01
   0.8725E-01
   0.9913E-01
   0.1108E+00
   0.1222E+00
   0.1333E+00
   0.1441E+00
   0.1545E+00
   0.1646E+00
   0.1743E+00
   0.1836E+00
   0.1925E+00
   0.2009E+00
   0.2089E+00
   0.2164E+00
   0.2233E+00
   0.2298E+00
   0.2357E+00
   0.2410E+00
   0.2458E+00
   0.2500E+00
   0.2537E+00
   0.2567E+00
   0.2591E+00
   0.2610E+00
   0.2622E+00
   0.2628E+00
   0.2628E+00
   0.2622E+00
   0.2610E+00
   0.2591E+00
   0.2567E+00
   0.2537E+00
   0.2500E+00
   0.2458E+00
   0.2410E+00
   0.2357E+00
   0.2298E+00
   0.2233E+00
   0.2164E+00
   0.2089E+00
   0.2009E+00
   0.1925E+00
   0.1836E+00
   0.1743E+00
   0.1646E+00
   0.1545E+00
   0.1441E+00
   0.1333E+00
   0.1222E+00
   0.1108E+00
   0.9913E-01
   0.8725E-01
   0.7517E-01
   0.6291E-01
   0.5051E-01
   0.3798E-01
   0.2537E-01
   0.1270E-01
   0.0000E+00
   0.0000E+00
   0.1179E-01
   0.2355E-01
   0.3525E-01
   0.4687E-01
   0.5838E-01
   0.6976E-01
   0.8097E-01
   0.9199E-01
   0.1028E+00
   0.1134E+00
   0.1237E+00
   0.1337E+00
   0.1434E+00
   0.1528E+00
   0.1618E+00
   0.1704E+00
   0.1786E+00
   0.1865E+00
   0.1938E+00
   0.2008E+00
   0.2072E+00
   0.2132E+00
   0.2187E+00
   0.2237E+00
   0.2281E+00
   0.2320E+00
   0.2354E+00
   0.2382E+00
   0.2405E+00
   0.2422E+00
   0.2433E+00
   0.2439E+00
   0.2439E+00
   0.2433E+00
   0.2422E+00
   0.2405E+00
   0.2382E+00
   0.2354E+00
   0.2320E+00
   0.2281E+00
   0.2237E+00
   0.2187E+00
   0.2132E+00
   0.2072E+00
   0.2008E+00
   0.1938E+00
   0.1865E+00
   0.1786E+00
   0.1704E+00
   0.1618E+00
   0.1528E+00
   0.1434E+00
   0.1337E+00
   0.1237E+00
   0.1134E+00
   0.1028E+00
   0.9199E-01
   0.8097E-01
   0.6976E-01
   0.5838E-01
   0.4687E-01
   0.3525E-01
   0.2355E-01
   0.1179E-01
   0.0000E+00
   0.0000E+00
   0.1093E-01
   0.2183E-01
   0.3268E-01
   0.4345E-01
   0.5412E-01
   0.6467E-01
   0.7506E-01
   0.8528E-01
   0.9530E-01
   0.1051E+00
   0.1146E+00
   0.1239E+00
   0.1329E+00
   0.1416E+00
   0.1500E+00
   0.1580E+00
   0.1656E+00
   0.1728E+00
   0.1797E+00
   0.1861E+00
   0.1921E+00
   0.1976E+00
   0.2027E+00
   0.2073E+00
   0.2115E+00
   0.2151E+00
   0.2182E+00
   0.2208E+00
   0.2229E+00
   0.2245E+00
   0.2256E+00
   0.2261E+00
   0.2261E+00
   0.2256E+00
   0.2245E+00
   0.2229E+00
   0.2208E+00
   0.2182E+00
   0.2151E+00
   0.2115E+00
   0.2073E+00
   0.2027E+00
   0.1976E+00
   0.1921E+00
   0.1861E+00
   0.1797E+00
   0.1728E+00
   0.1656E+00
   0.1580E+00
   0.1500E+00
   0.1416E+00
   0.1329E+00
   0.1239E+00
   0.1146E+00
   0.1051E+00
   0.9530E-01
   0.8528E-01
   0.7506E-01
   0.6467E-01
   0.5412E-01
   0.4345E-01
   0.3268E-01
   0.2183E-01
   0.1093E-01
   0.0000E+00
   0.0000E+00
   0.1012E-01
   0.2021E-01
   0.3026E-01
   0.4023E-01
   0.5012E-01
   0.5988E-01
   0.6951E-01
   0.7897E-01
   0.8825E-01
   0.9732E-01
   0.1062E+00
   0.1148E+00
   0.1231E+00
   0.1311E+00
   0.1389E+00
   0.1463E+00
   0.1533E+00
   0.1601E+00
   0.1664E+00
   0.1723E+00
   0.1779E+00
   0.1830E+00
   0.1877E+00
   0.1920E+00
   0.1958E+00
   0.1992E+00
   0.2021E+00
   0.2045E+00
   0.2064E+00
   0.2079E+00
   0.2089E+00
   0.2094E+00
   0.2094E+00
   0.2089E+00
   0.2079E+00
   0.2064E+00
   0.2045E+00
   0.2021E+00
   0.1992E+00
   0.1958E+00
   0.1920E+00
   0.1877E+00
   0.1830E+00
   0.1779E+00
   0.1723E+00
   0.1664E+00
   0.1601E+00
   0.1533E+00
   0.1463E+00
   0.1389E+00
   0.1311E+00
   0.1231E+00
   0.1148E+00
   0.1062E+00
   0.9732E-01
   0.8825E-01
   0.7897E-01
   0.6951E-01
   0.5988E-01
   0.5012E-01
   0.4023E-01
   0.3026E-01
   0.2021E-01
   0.1012E-01
   0.0000E+00
   0.0000E+00
   0.9360E-02
   0.1870E-01
   0.2799E-01
   0.3722E-01
   0.4636E-01
   0.5540E-01
   0.6430E-01
   0.7305E-01
   0.8164E-01
   0.9003E-01
   0.9821E-01
   0.1062E+00
   0.1139E+00
   0.1213E+00
   0.1285E+00
   0.1353E+00
   0.1419E+00
   0.1481E+00
   0.1539E+00
   0.1594E+00
   0.1646E+00
   0.1693E+00
   0.1737E+00
   0.1776E+00
   0.1811E+00
   0.1842E+00
   0.1869E+00
   0.1892E+00
   0.1910E+00
   0.1923E+00
   0.1932E+00
   0.1937E+00
   0.1937E+00
   0.1932E+00
   0.1923E+00
   0.1910E+00
   0.1892E+00
   0.1869E+00
   0.1842E+00
   0.1811E+00
   0.1776E+00
   0.1737E+00
   0.1693E+00
   0.1646E+00
   0.1594E+00
   0.1539E+00
   0.1481E+00
   0.1419E+00
   0.1353E+00
   0.1285E+00
   0.1213E+00
   0.1139E+00
   0.1062E+00
   0.9821E-01
   0.9003E-01
   0.8164E-01
   0.7305E-01
   0.6430E-01
   0.5540E-01
   0.4636E-01
   0.3722E-01
   0.2799E-01
   0.1870E-01
   0.9360E-02
   0.0000E+00
   0.0000E+00
   0.8650E-02
   0.1728E-01
   0.2587E-01
   0.3440E-01
   0.4285E-01
   0.5119E-01
   0.5942E-01
   0.6751E-01
   0.7545E-01
   0.8320E-01
   0.9076E-01
   0.9811E-01
   0.1052E+00
   0.1121E+00
   0.1187E+00
   0.1251E+00
   0.1311E+00
   0.1368E+00
   0.1423E+00
   0.1473E+00
   0.1521E+00
   0.1565E+00
   0.1605E+00
   0.1641E+00
   0.1674E+00
   0.1703E+00
   0.1727E+00
   0.1748E+00
   0.1765E+00
   0.1777E+00
   0.1786E+00
   0.1790E+00
   0.1790E+00
   0.1786E+00
   0.1777E+00
   0.1765E+00
   0.1748E+00
   0.1727E+00
   0.1703E+00
   0.1674E+00
   0.1641E+00
   0.1605E+00
   0.1565E+00
   0.1521E+00
   0.1473E+00
   0.1423E+00
   0.1368E+00
   0.1311E+00
   0.1251E+00
   0.1187E+00
   0.1121E+00
   0.1052E+00
   0.9811E-01
   0.9076E-01
   0.8320E-01
   0.7545E-01
   0.6751E-01
   0.5942E-01
   0.5119E-01
   0.4285E-01
   0.3440E-01
   0.2587E-01
   0.1728E-01
   0.8650E-02
   0.0000E+00
   0.0000E+00
   0.7986E-02
   0.1595E-01
   0.2388E-01
   0.3176E-01
   0.3956E-01
   0.4727E-01
   0.5487E-01
   0.6233E-01
   0.6966E-01
   0.7682E-01
   0.8380E-01
   0.9059E-01
   0.9716E-01
   0.1035E+00
   0.1096E+00
   0.1155E+00
   0.1210E+00
   0.1263E+00
   0.1313E+00
   0.1360E+00
   0.1404E+00
   0.1445E+00
   0.1482E+00
   0.1515E+00
   0.1546E+00
   0.1572E+00
   0.1595E+00
   0.1614E+00
   0.1629E+00
   0.1641E+00
   0.1649E+00
   0.1653E+00
   0.1653E+00
   0.1649E+00
   0.1641E+00
   0.1629E+00
   0.1614E+00
   0.1595E+00
   0.1572E+00
   0.1546E+00
   0.1515E+00
   0.1482E+00
   0.1445E+00
   0.1404E+00
   0.1360E+00
   0.1313E+00
   0.1263E+00
   0.1210E+00
   0.1155E+00
   0.1096E+00
   0.1035E+00
   0.9716E-01
   0.9059E-01
   0.8380E-01
   0.7682E-01
   0.6966E-01
   0.6233E-01
   0.5487E-01
   0.4727E-01
   0.3956E-01
   0.3176E-01
   0.2388E-01
   0.1595E-01
   0.7986E-02
   0.0000E+00
   0.0000E+00
   0.7367E-02
   0.1472E-01
   0.2203E-01
   0.2930E-01
   0.3649E-01
   0.4360E-01
   0.5061E-01
   0.5750E-01
   0.6426E-01
   0.7087E-01
   0.7731E-01
   0.8357E-01
   0.8963E-01
   0.9549E-01
   0.1011E+00
   0.1065E+00
   0.1117E+00
   0.1166E+00
   0.1212E+00
   0.1255E+00
   0.1295E+00
   0.1333E+00
   0.1367E+00
   0.1398E+00
   0.1426E+00
   0.1450E+00
   0.1471E+00
   0.1489E+00
   0.1503E+00
   0.1514E+00
   0.1521E+00
   0.1524E+00
   0.1524E+00
   0.1521E+00
   0.1514E+00
   0.1503E+00
   0.1489E+00
   0.1471E+00
   0.1450E+00
   0.1426E+00
   0.1398E+00
   0.1367E+00
   0.1333E+00
   0.1295E+00
   0.1255E+00
   0.1212E+00
   0.1166E+00
   0.1117E+00
   0.1065E+00
   0.1011E+00
   0.9549E-01
   0.8963E-01
   0.8357E-01
   0.7731E-01
   0.7087E-01
   0.6426E-01
   0.5750E-01
   0.5061E-01
   0.4360E-01
   0.3649E-01
   0.2930E-01
   0.2203E-01
   0.1472E-01
   0.7367E-02
   0.0000E+00
   0.0000E+00
   0.6791E-02
   0.1357E-01
   0.2031E-01
   0.2701E-01
   0.3364E-01
   0.4019E-01
   0.4665E-01
   0.5300E-01
   0.5923E-01
   0.6532E-01
   0.7126E-01
   0.7703E-01
   0.8262E-01
   0.8802E-01
   0.9321E-01
   0.9818E-01
   0.1029E+00
   0.1074E+00
   0.1117E+00
   0.1157E+00
   0.1194E+00
   0.1228E+00
   0.1260E+00
   0.1289E+00
   0.1314E+00
   0.1337E+00
   0.1356E+00
   0.1372E+00
   0.1386E+00
   0.1395E+00
   0.1402E+00
   0.1405E+00
   0.1405E+00
   0.1402E+00
   0.1395E+00
   0.1386E+00
   0.1372E+00
   0.1356E+00
   0.1337E+00
   0.1314E+00
   0.1289E+00
   0.1260E+00
   0.1228E+00
   0.1194E+00
   0.1157E+00
   0.1117E+00
   0.1074E+00
   0.1029E+00
   0.9818E-01
   0.9321E-01
   0.8802E-01
   0.8262E-01
   0.7703E-01
   0.7126E-01
   0.6532E-01
   0.5923E-01
   0.5300E-01
   0.4665E-01
   0.4019E-01
   0.3364E-01
   0.2701E-01
   0.2031E-01
   0.1357E-01
   0.6791E-02
   0.0000E+00
   0.0000E+00
   0.6255E-02
   0.1250E-01
   0.1871E-01
   0.2487E-01
   0.3098E-01
   0.3702E-01
   0.4297E-01
   0.4882E-01
   0.5456E-01
   0.6017E-01
   0.6564E-01
   0.7095E-01
   0.7610E-01
   0.8107E-01
   0.8585E-01
   0.9044E-01
   0.9481E-01
   0.9896E-01
   0.1029E+00
   0.1066E+00
   0.1100E+00
   0.1132E+00
   0.1161E+00
   0.1187E+00
   0.1211E+00
   0.1231E+00
   0.1249E+00
   0.1264E+00
   0.1276E+00
   0.1285E+00
   0.1291E+00
   0.1294E+00
   0.1294E+00
   0.1291E+00
   0.1285E+00
   0.1276E+00
   0.1264E+00
   0.1249E+00
   0.1231E+00
   0.1211E+00
   0.1187E+00
   0.1161E+00
   0.1132E+00
   0.1100E+00
   0.1066E+00
   0.1029E+00
   0.9896E-01
   0.9481E-01
   0.9044E-01
   0.8585E-01
   0.8107E-01
   0.7610E-01
   0.7095E-01
   0.6564E-01
   0.6017E-01
   0.5456E-01
   0.4882E-01
   0.4297E-01
   0.3702E-01
   0.3098E-01
   0.2487E-01
   0.1871E-01
   0.1250E-01
   0.6255E-02
   0.0000E+00
   0.0000E+00
   0.5758E-02
   0.1150E-01
   0.1722E-01
   0.2290E-01
   0.2852E-01
   0.3408E-01
   0.3956E-01
   0.4495E-01
   0.5023E-01
   0.5539E-01
   0.6042E-01
   0.6532E-01
   0.7006E-01
   0.7463E-01
   0.7904E-01
   0.8325E-01
   0.8728E-01
   0.9110E-01
   0.9470E-01
   0.9809E-01
   0.1012E+00
   0.1042E+00
   0.1068E+00
   0.1093E+00
   0.1114E+00
   0.1134E+00
   0.1150E+00
   0.1164E+00
   0.1175E+00
   0.1183E+00
   0.1189E+00
   0.1192E+00
   0.1192E+00
   0.1189E+00
   0.1183E+00
   0.1175E+00
   0.1164E+00
   0.1150E+00
   0.1134E+00
   0.1114E+00
   0.1093E+00
   0.1068E+00
   0.1042E+00
   0.1012E+00
   0.9809E-01
   0.9470E-01
   0.9110E-01
   0.8728E-01
   0.8325E-01
   0.7904E-01
   0.7463E-01
   0.7006E-01
   0.6532E-01
   0.6042E-01
   0.5539E-01
   0.5023E-01
   0.4495E-01
   0.3956E-01
   0.3408E-01
   0.2852E-01
   0.2290E-01
   0.1722E-01
   0.1150E-01
   0.5758E-02
   0.0000E+00
   0.0000E+00
   0.5299E-02
   0.1059E-01
   0.1585E-01
   0.2107E-01
   0.2625E-01
   0.3136E-01
   0.3640E-01
   0.4136E-01
   0.4622E-01
   0.5097E-01
   0.5560E-01
   0.6010E-01
   0.6446E-01
   0.6868E-01
   0.7273E-01
   0.7661E-01
   0.8031E-01
   0.8383E-01
   0.8714E-01
   0.9026E-01
   0.9316E-01
   0.9585E-01
   0.9831E-01
   0.1005E+00
   0.1025E+00
   0.1043E+00
   0.1058E+00
   0.1071E+00
   0.1081E+00
   0.1089E+00
   0.1094E+00
   0.1096E+00
   0.1096E+00
   0.1094E+00
   0.1089E+00
   0.1081E+00
   0.1071E+00
   0.1058E+00
   0.1043E+00
   0.1025E+00
   0.1005E+00
   0.9831E-01
   0.9585E-01
   0.9316E-01
   0.9026E-01
   0.8714E-01
   0.8383E-01
   0.8031E-01
   0.7661E-01
   0.7273E-01
   0.6868E-01
   0.6446E-01
   0.6010E-01
   0.5560E-01
   0.5097E-01
   0.4622E-01
   0.4136E-01
   0.3640E-01
   0.3136E-01
   0.2625E-01
   0.2107E-01
   0.1585E-01
   0.1059E-01
   0.5299E-02
   0.0000E+00
   0.0000E+00
   0.4874E-02
   0.9737E-02
   0.1458E-01
   0.1938E-01
   0.2414E-01
   0.2885E-01
   0.3349E-01
   0.3805E-01
   0.4252E-01
   0.4689E-01
   0.5115E-01
   0.5529E-01
   0.5930E-01
   0.6318E-01
   0.6690E-01
   0.7047E-01
   0.7388E-01
   0.7711E-01
   0.8017E-01
   0.8303E-01
   0.8570E-01
   0.8818E-01
   0.9044E-01
   0.9250E-01
   0.9434E-01
   0.9595E-01
   0.9735E-01
   0.9851E-01
   0.9945E-01
   0.1002E+00
   0.1006E+00
   0.1009E+00
   0.1009E+00
   0.1006E+00
   0.1002E+00
   0.9945E-01
   0.9851E-01
   0.9735E-01
   0.9595E-01
   0.9434E-01
   0.9250E-01
   0.9044E-01
   0.8818E-01
   0.8570E-01
   0.8303E-01
   0.8017E-01
   0.7711E-01
   0.7388E-01
   0.7047E-01
   0.6690E-01
   0.6318E-01
   0.5930E-01
   0.5529E-01
   0.5115E-01
   0.4689E-01
   0.4252E-01
   0.3805E-01
   0.3349E-01
   0.2885E-01
   0.2414E-01
   0.1938E-01
   0.1458E-01
   0.9737E-02
   0.4874E-02
   0.0000E+00
   0.0000E+00
   0.4484E-02
   0.8957E-02
   0.1341E-01
   0.1783E-01
   0.2221E-01
   0.2654E-01
   0.3080E-01
   0.3500E-01
   0.3911E-01
   0.4313E-01
   0.4705E-01
   0.5086E-01
   0.5455E-01
   0.5811E-01
   0.6154E-01
   0.6483E-01
   0.6796E-01
   0.7093E-01
   0.7374E-01
   0.7638E-01
   0.7884E-01
   0.8111E-01
   0.8320E-01
   0.8509E-01
   0.8678E-01
   0.8827E-01
   0.8955E-01
   0.9062E-01
   0.9148E-01
   0.9213E-01
   0.9256E-01
   0.9278E-01
   0.9278E-01
   0.9256E-01
   0.9213E-01
   0.9148E-01
   0.9062E-01
   0.8955E-01
   0.8827E-01
   0.8678E-01
   0.8509E-01
   0.8320E-01
   0.8111E-01
   0.7884E-01
   0.7638E-01
   0.7374E-01
   0.7093E-01
   0.6796E-01
   0.6483E-01
   0.6154E-01
   0.5811E-01
   0.5455E-01
   0.5086E-01
   0.4705E-01
   0.4313E-01
   0.3911E-01
   0.3500E-01
   0.3080E-01
   0.2654E-01
   0.2221E-01
   0.1783E-01
   0.1341E-01
   0.8957E-02
   0.4484E-02
   0.0000E+00
   0.0000E+00
   0.4125E-02
   0.8241E-02
   0.1234E-01
   0.1640E-01
   0.2043E-01
   0.2442E-01
   0.2834E-01
   0.3220E-01
   0.3598E-01
   0.3968E-01
   0.4329E-01
   0.4679E-01
   0.5019E-01
   0.5347E-01
   0.5662E-01
   0.5964E-01
   0.6253E-01
   0.6526E-01
   0.6785E-01
   0.7027E-01
   0.7253E-01
   0.7462E-01
   0.7654E-01
   0.7828E-01
   0.7984E-01
   0.8121E-01
   0.8239E-01
   0.8337E-01
   0.8417E-01
   0.8476E-01
   0.8516E-01
   0.8536E-01
   0.8536E-01
   0.8516E-01
   0.8476E-01
   0.8417E-01
   0.8337E-01
   0.8239E-01
   0.8121E-01
   0.7984E-01
   0.7828E-01
   0.7654E-01
   0.7462E-01
   0.7253E-01
   0.7027E-01
   0.6785E-01
   0.6526E-01
   0.6253E-01
   0.5964E-01
   0.5662E-01
   0.5347E-01
   0.5019E-01
   0.4679E-01
   0.4329E-01
   0.3968E-01
   0.3598E-01
   0.3220E-01
   0.2834E-01
   0.2442E-01
   0.2043E-01
   0.1640E-01
   0.1234E-01
   0.8241E-02
   0.4125E-02
   0.0000E+00
   0.0000E+00
   0.3797E-02
   0.7585E-02
   0.1136E-01
   0.1510E-01
   0.1881E-01
   0.2247E-01
   0.2609E-01
   0.2964E-01
   0.3312E-01
   0.3652E-01
   0.3984E-01
   0.4307E-01
   0.4620E-01
   0.4921E-01
   0.5212E-01
   0.5490E-01
   0.5755E-01
   0.6007E-01
   0.6245E-01
   0.6468E-01
   0.6676E-01
   0.6869E-01
   0.7045E-01
   0.7205E-01
   0.7349E-01
   0.7475E-01
   0.7583E-01
   0.7674E-01
   0.7747E-01
   0.7802E-01
   0.7839E-01
   0.7857E-01
   0.7857E-01
   0.7839E-01
   0.7802E-01
   0.7747E-01
   0.7674E-01
   0.7583E-01
   0.7475E-01
   0.7349E-01
   0.7205E-01
   0.7045E-01
   0.6869E-01
   0.6676E-01
   0.6468E-01
   0.6245E-01
   0.6007E-01
   0.5755E-01
   0.5490E-01
   0.5212E-01
   0.4921E-01
   0.4620E-01
   0.4307E-01
   0.3984E-01
   0.3652E-01
   0.3312E-01
   0.2964E-01
   0.2609E-01
   0.2247E-01
   0.1881E-01
   0.1510E-01
   0.1136E-01
   0.7585E-02
   0.3797E-02
   0.0000E+00
   0.0000E+00
   0.3498E-02
   0.6987E-02
   0.1046E-01
   0.1391E-01
   0.1733E-01
   0.2070E-01
   0.2403E-01
   0.2730E-01
   0.3051E-01
   0.3365E-01
   0.3670E-01
   0.3968E-01
   0.4255E-01
   0.4533E-01
   0.4801E-01
   0.5057E-01
   0.5302E-01
   0.5534E-01
   0.5753E-01
   0.5958E-01
   0.6150E-01
   0.6327E-01
   0.6490E-01
   0.6637E-01
   0.6769E-01
   0.6886E-01
   0.6986E-01
   0.7069E-01
   0.7137E-01
   0.7187E-01
   0.7221E-01
   0.7238E-01
   0.7238E-01
   0.7221E-01
   0.7187E-01
   0.7137E-01
   0.7069E-01
   0.6986E-01
   0.6886E-01
   0.6769E-01
   0.6637E-01
   0.6490E-01
   0.6327E-01
   0.6150E-01
   0.5958E-01
   0.5753E-01
   0.5534E-01
   0.5302E-01
   0.5057E-01
   0.4801E-01
   0.4533E-01
   0.4255E-01
   0.3968E-01
   0.3670E-01
   0.3365E-01
   0.3051E-01
   0.2730E-01
   0.2403E-01
   0.2070E-01
   0.1733E-01
   0.1391E-01
   0.1046E-01
   0.6987E-02
   0.3498E-02
   0.0000E+00
   0.0000E+00
   0.3226E-02
   0.6444E-02
   0.9647E-02
   0.1283E-01
   0.1598E-01
   0.1909E-01
   0.2216E-01
   0.2518E-01
   0.2814E-01
   0.3103E-01
   0.3385E-01
   0.3659E-01
   0.3925E-01
   0.4181E-01
   0.4428E-01
   0.4664E-01
   0.4889E-01
   0.5103E-01
   0.5305E-01
   0.5495E-01
   0.5672E-01
   0.5835E-01
   0.5985E-01
   0.6121E-01
   0.6243E-01
   0.6350E-01
   0.6442E-01
   0.6520E-01
   0.6582E-01
   0.6628E-01
   0.6659E-01
   0.6675E-01
   0.6675E-01
   0.6659E-01
   0.6628E-01
   0.6582E-01
   0.6520E-01
   0.6442E-01
   0.6350E-01
   0.6243E-01
   0.6121E-01
   0.5985E-01
   0.5835E-01
   0.5672E-01
   0.5495E-01
   0.5305E-01
   0.5103E-01
   0.4889E-01
   0.4664E-01
   0.4428E-01
   0.4181E-01
   0.3925E-01
   0.3659E-01
   0.3385E-01
   0.3103E-01
   0.2814E-01
   0.2518E-01
   0.2216E-01
   0.1909E-01
   0.1598E-01
   0.1283E-01
   0.9647E-02
   0.6444E-02
   0.3226E-02
   0.0000E+00
   0.0000E+00
   0.2980E-02
   0.5952E-02
   0.8911E-02
   0.1185E-01
   0.1476E-01
   0.1764E-01
   0.2047E-01
   0.2326E-01
   0.2599E-01
   0.2866E-01
   0.3127E-01
   0.3380E-01
   0.3625E-01
   0.3862E-01
   0.4090E-01
   0.4308E-01
   0.4516E-01
   0.4714E-01
   0.4900E-01
   0.5076E-01
   0.5239E-01
   0.5390E-01
   0.5529E-01
   0.5654E-01
   0.5767E-01
   0.5865E-01
   0.5951E-01
   0.6022E-01
   0.6079E-01
   0.6122E-01
   0.6151E-01
   0.6166E-01
   0.6166E-01
   0.6151E-01
   0.6122E-01
   0.6079E-01
   0.6022E-01
   0.5951E-01
   0.5865E-01
   0.5767E-01
   0.5654E-01
   0.5529E-01
   0.5390E-01
   0.5239E-01
   0.5076E-01
   0.4900E-01
   0.4714E-01
   0.4516E-01
   0.4308E-01
   0.4090E-01
   0.3862E-01
   0.3625E-01
   0.3380E-01
   0.3127E-01
   0.2866E-01
   0.2599E-01
   0.2326E-01
   0.2047E-01
   0.1764E-01
   0.1476E-01
   0.1185E-01
   0.8911E-02
   0.5952E-02
   0.2980E-02
   0.0000E+00
   0.0000E+00
   0.2758E-02
   0.5509E-02
   0.8248E-02
   0.1097E-01
   0.1366E-01
   0.1632E-01
   0.1895E-01
   0.2153E-01
   0.2405E-01
   0.2653E-01
   0.2894E-01
   0.3128E-01
   0.3355E-01
   0.3574E-01
   0.3785E-01
   0.3987E-01
   0.4180E-01
   0.4363E-01
   0.4536E-01
   0.4698E-01
   0.4849E-01
   0.4989E-01
   0.5117E-01
   0.5233E-01
   0.5337E-01
   0.5429E-01
   0.5508E-01
   0.5574E-01
   0.5627E-01
   0.5667E-01
   0.5693E-01
   0.5707E-01
   0.5707E-01
   0.5693E-01
   0.5667E-01
   0.5627E-01
   0.5574E-01
   0.5508E-01
   0.5429E-01
   0.5337E-01
   0.5233E-01
   0.5117E-01
   0.4989E-01
   0.4849E-01
   0.4698E-01
   0.4536E-01
   0.4363E-01
   0.4180E-01
   0.3987E-01
   0.3785E-01
   0.3574E-01
   0.3355E-01
   0.3128E-01
   0.2894E-01
   0.2653E-01
   0.2405E-01
   0.2153E-01
   0.1895E-01
   0.1632E-01
   0.1366E-01
   0.1097E-01
   0.8248E-02
   0.5509E-02
   0.2758E-02
   0.0000E+00
   0.0000E+00
   0.2559E-02
   0.5112E-02
   0.7654E-02
   0.1018E-01
   0.1268E-01
   0.1515E-01
   0.1758E-01
   0.1997E-01
   0.2232E-01
   0.2462E-01
   0.2685E-01
   0.2903E-01
   0.3114E-01
   0.3317E-01
   0.3513E-01
   0.3700E-01
   0.3879E-01
   0.4049E-01
   0.4209E-01
   0.4359E-01
   0.4500E-01
   0.4629E-01
   0.4748E-01
   0.4856E-01
   0.4953E-01
   0.5038E-01
   0.5111E-01
   0.5172E-01
   0.5221E-01
   0.5258E-01
   0.5283E-01
   0.5295E-01
   0.5295E-01
   0.5283E-01
   0.5258E-01
   0.5221E-01
   0.5172E-01
   0.5111E-01
   0.5038E-01
   0.4953E-01
   0.4856E-01
   0.4748E-01
   0.4629E-01
   0.4500E-01
   0.4359E-01
   0.4209E-01
   0.4049E-01
   0.3879E-01
   0.3700E-01
   0.3513E-01
   0.3317E-01
   0.3114E-01
   0.2903E-01
   0.2685E-01
   0.2462E-01
   0.2232E-01
   0.1997E-01
   0.1758E-01
   0.1515E-01
   0.1268E-01
   0.1018E-01
   0.7654E-02
   0.5112E-02
   0.2559E-02
   0.0000E+00
   0.0000E+00
   0.2382E-02
   0.4759E-02
   0.7124E-02
   0.9473E-02
   0.1180E-01
   0.1410E-01
   0.1637E-01
   0.1859E-01
   0.2078E-01
   0.2291E-01
   0.2500E-01
   0.2702E-01
   0.2898E-01
   0.3088E-01
   0.3270E-01
   0.3444E-01
   0.3611E-01
   0.3769E-01
   0.3918E-01
   0.4058E-01
   0.4188E-01
   0.4309E-01
   0.4420E-01
   0.4520E-01
   0.4610E-01
   0.4689E-01
   0.4757E-01
   0.4815E-01
   0.4860E-01
   0.4895E-01
   0.4918E-01
   0.4929E-01
   0.4929E-01
   0.4918E-01
   0.4895E-01
   0.4860E-01
   0.4815E-01
   0.4757E-01
   0.4689E-01
   0.4610E-01
   0.4520E-01
   0.4420E-01
   0.4309E-01
   0.4188E-01
   0.4058E-01
   0.3918E-01
   0.3769E-01
   0.3611E-01
   0.3444E-01
   0.3270E-01
   0.3088E-01
   0.2898E-01
   0.2702E-01
   0.2500E-01
   0.2291E-01
   0.2078E-01
   0.1859E-01
   0.1637E-01
   0.1410E-01
   0.1180E-01
   0.9473E-02
   0.7124E-02
   0.4759E-02
   0.2382E-02
   0.0000E+00
   0.0000E+00
   0.2226E-02
   0.4446E-02
   0.6656E-02
   0.8851E-02
   0.1102E-01
   0.1317E-01
   0.1529E-01
   0.1737E-01
   0.1941E-01
   0.2141E-01
   0.2335E-01
   0.2525E-01
   0.2708E-01
   0.2885E-01
   0.3055E-01
   0.3218E-01
   0.3373E-01
   0.3521E-01
   0.3660E-01
   0.3791E-01
   0.3913E-01
   0.4026E-01
   0.4130E-01
   0.4223E-01
   0.4307E-01
   0.4381E-01
   0.4445E-01
   0.4498E-01
   0.4541E-01
   0.4573E-01
   0.4595E-01
   0.4605E-01
   0.4605E-01
   0.4595E-01
   0.4573E-01
   0.4541E-01
   0.4498E-01
   0.4445E-01
   0.4381E-01
   0.4307E-01
   0.4223E-01
   0.4130E-01
   0.4026E-01
   0.3913E-01
   0.3791E-01
   0.3660E-01
   0.3521E-01
   0.3373E-01
   0.3218E-01
   0.3055E-01
   0.2885E-01
   0.2708E-01
   0.2525E-01
   0.2335E-01
   0.2141E-01
   0.1941E-01
   0.1737E-01
   0.1529E-01
   0.1317E-01
   0.1102E-01
   0.8851E-02
   0.6656E-02
   0.4446E-02
   0.2226E-02
   0.0000E+00
   0.0000E+00
   0.2088E-02
   0.4172E-02
   0.6246E-02
   0.8305E-02
   0.1034E-01
   0.1236E-01
   0.1435E-01
   0.1630E-01
   0.1822E-01
   0.2009E-01
   0.2191E-01
   0.2369E-01
   0.2541E-01
   0.2707E-01
   0.2866E-01
   0.3019E-01
   0.3165E-01
   0.3304E-01
   0.3435E-01
   0.3557E-01
   0.3672E-01
   0.3778E-01
   0.3875E-01
   0.3963E-01
   0.4042E-01
   0.4111E-01
   0.4171E-01
   0.4221E-01
   0.4261E-01
   0.4291E-01
   0.4311E-01
   0.4321E-01
   0.4321E-01
   0.4311E-01
   0.4291E-01
   0.4261E-01
   0.4221E-01
   0.4171E-01
   0.4111E-01
   0.4042E-01
   0.3963E-01
   0.3875E-01
   0.3778E-01
   0.3672E-01
   0.3557E-01
   0.3435E-01
   0.3304E-01
   0.3165E-01
   0.3019E-01
   0.2866E-01
   0.2707E-01
   0.2541E-01
   0.2369E-01
   0.2191E-01
   0.2009E-01
   0.1822E-01
   0.1630E-01
   0.1435E-01
   0.1236E-01
   0.1034E-01
   0.8305E-02
   0.6246E-02
   0.4172E-02
   0.2088E-02
   0.0000E+00
   0.0000E+00
   0.1969E-02
   0.3934E-02
   0.5889E-02
   0.7831E-02
   0.9755E-02
   0.1166E-01
   0.1353E-01
   0.1537E-01
   0.1718E-01
   0.1894E-01
   0.2066E-01
   0.2234E-01
   0.2396E-01
   0.2552E-01
   0.2703E-01
   0.2847E-01
   0.2985E-01
   0.3115E-01
   0.3239E-01
   0.3354E-01
   0.3462E-01
   0.3562E-01
   0.3654E-01
   0.3737E-01
   0.3811E-01
   0.3877E-01
   0.3933E-01
   0.3980E-01
   0.4018E-01
   0.4046E-01
   0.4065E-01
   0.4075E-01
   0.4075E-01
   0.4065E-01
   0.4046E-01
   0.4018E-01
   0.3980E-01
   0.3933E-01
   0.3877E-01
   0.3811E-01
   0.3737E-01
   0.3654E-01
   0.3562E-01
   0.3462E-01
   0.3354E-01
   0.3239E-01
   0.3115E-01
   0.2985E-01
   0.2847E-01
   0.2703E-01
   0.2552E-01
   0.2396E-01
   0.2234E-01
   0.2066E-01
   0.1894E-01
   0.1718E-01
   0.1537E-01
   0.1353E-01
   0.1166E-01
   0.9755E-02
   0.7831E-02
   0.5889E-02
   0.3934E-02
   0.1969E-02
   0.0000E+00
   0.0000E+00
   0.1867E-02
   0.3730E-02
   0.5584E-02
   0.7425E-02
   0.9249E-02
   0.1105E-01
   0.1283E-01
   0.1457E-01
   0.1629E-01
   0.1796E-01
   0.1959E-01
   0.2118E-01
   0.2272E-01
   0.2420E-01
   0.2563E-01
   0.2699E-01
   0.2830E-01
   0.2954E-01
   0.3071E-01
   0.3181E-01
   0.3283E-01
   0.3378E-01
   0.3464E-01
   0.3543E-01
   0.3613E-01
   0.3675E-01
   0.3729E-01
   0.3774E-01
   0.3809E-01
   0.3836E-01
   0.3854E-01
   0.3864E-01
   0.3864E-01
   0.3854E-01
   0.3836E-01
   0.3809E-01
   0.3774E-01
   0.3729E-01
   0.3675E-01
   0.3613E-01
   0.3543E-01
   0.3464E-01
   0.3378E-01
   0.3283E-01
   0.3181E-01
   0.3071E-01
   0.2954E-01
   0.2830E-01
   0.2699E-01
   0.2563E-01
   0.2420E-01
   0.2272E-01
   0.2118E-01
   0.1959E-01
   0.1796E-01
   0.1629E-01
   0.1457E-01
   0.1283E-01
   0.1105E-01
   0.9249E-02
   0.7425E-02
   0.5584E-02
   0.3730E-02
   0.1867E-02
   0.0000E+00
   0.0000E+00
   0.1781E-02
   0.3558E-02
   0.5326E-02
   0.7083E-02
   0.8822E-02
   0.1054E-01
   0.1224E-01
   0.1390E-01
   0.1553E-01
   0.1713E-01
   0.1869E-01
   0.2020E-01
   0.2167E-01
   0.2308E-01
   0.2445E-01
   0.2575E-01
   0.2699E-01
   0.2818E-01
   0.2929E-01
   0.3034E-01
   0.3131E-01
   0.3222E-01
   0.3305E-01
   0.3380E-01
   0.3447E-01
   0.3506E-01
   0.3557E-01
   0.3600E-01
   0.3634E-01
   0.3659E-01
   0.3677E-01
   0.3685E-01
   0.3685E-01
   0.3677E-01
   0.3659E-01
   0.3634E-01
   0.3600E-01
   0.3557E-01
   0.3506E-01
   0.3447E-01
   0.3380E-01
   0.3305E-01
   0.3222E-01
   0.3131E-01
   0.3034E-01
   0.2929E-01
   0.2818E-01
   0.2699E-01
   0.2575E-01
   0.2445E-01
   0.2308E-01
   0.2167E-01
   0.2020E-01
   0.1869E-01
   0.1713E-01
   0.1553E-01
   0.1390E-01
   0.1224E-01
   0.1054E-01
   0.8822E-02
   0.7083E-02
   0.5326E-02
   0.3558E-02
   0.1781E-02
   0.0000E+00
   0.0000E+00
   0.1710E-02
   0.3416E-02
   0.5114E-02
   0.6800E-02
   0.8470E-02
   0.1012E-01
   0.1175E-01
   0.1335E-01
   0.1491E-01
   0.1645E-01
   0.1794E-01
   0.1940E-01
   0.2080E-01
   0.2216E-01
   0.2347E-01
   0.2472E-01
   0.2592E-01
   0.2705E-01
   0.2812E-01
   0.2913E-01
   0.3006E-01
   0.3093E-01
   0.3173E-01
   0.3245E-01
   0.3309E-01
   0.3366E-01
   0.3415E-01
   0.3456E-01
   0.3489E-01
   0.3513E-01
   0.3530E-01
   0.3538E-01
   0.3538E-01
   0.3530E-01
   0.3513E-01
   0.3489E-01
   0.3456E-01
   0.3415E-01
   0.3366E-01
   0.3309E-01
   0.3245E-01
   0.3173E-01
   0.3093E-01
   0.3006E-01
   0.2913E-01
   0.2812E-01
   0.2705E-01
   0.2592E-01
   0.2472E-01
   0.2347E-01
   0.2216E-01
   0.2080E-01
   0.1940E-01
   0.1794E-01
   0.1645E-01
   0.1491E-01
   0.1335E-01
   0.1175E-01
   0.1012E-01
   0.8470E-02
   0.6800E-02
   0.5114E-02
   0.3416E-02
   0.1710E-02
   0.0000E+00
   0.0000E+00
   0.1653E-02
   0.3302E-02
   0.4943E-02
   0.6573E-02
   0.8187E-02
   0.9783E-02
   0.1136E-01
   0.1290E-01
   0.1442E-01
   0.1590E-01
   0.1734E-01
   0.1875E-01
   0.2011E-01
   0.2142E-01
   0.2269E-01
   0.2390E-01
   0.2505E-01
   0.2615E-01
   0.2718E-01
   0.2816E-01
   0.2906E-01
   0.2990E-01
   0.3067E-01
   0.3136E-01
   0.3199E-01
   0.3254E-01
   0.3301E-01
   0.3341E-01
   0.3372E-01
   0.3396E-01
   0.3412E-01
   0.3420E-01
   0.3420E-01
   0.3412E-01
   0.3396E-01
   0.3372E-01
   0.3341E-01
   0.3301E-01
   0.3254E-01
   0.3199E-01
   0.3136E-01
   0.3067E-01
   0.2990E-01
   0.2906E-01
   0.2816E-01
   0.2718E-01
   0.2615E-01
   0.2505E-01
   0.2390E-01
   0.2269E-01
   0.2142E-01
   0.2011E-01
   0.1875E-01
   0.1734E-01
   0.1590E-01
   0.1442E-01
   0.1290E-01
   0.1136E-01
   0.9783E-02
   0.8187E-02
   0.6573E-02
   0.4943E-02
   0.3302E-02
   0.1653E-02
   0.0000E+00
   0.0000E+00
   0.1609E-02
   0.3214E-02
   0.4812E-02
   0.6399E-02
   0.7970E-02
   0.9523E-02
   0.1105E-01
   0.1256E-01
   0.1403E-01
   0.1548E-01
   0.1688E-01
   0.1825E-01
   0.1958E-01
   0.2086E-01
   0.2209E-01
   0.2326E-01
   0.2439E-01
   0.2546E-01
   0.2646E-01
   0.2741E-01
   0.2829E-01
   0.2911E-01
   0.2986E-01
   0.3053E-01
   0.3114E-01
   0.3167E-01
   0.3214E-01
   0.3252E-01
   0.3283E-01
   0.3306E-01
   0.3322E-01
   0.3330E-01
   0.3330E-01
   0.3322E-01
   0.3306E-01
   0.3283E-01
   0.3252E-01
   0.3214E-01
   0.3167E-01
   0.3114E-01
   0.3053E-01
   0.2986E-01
   0.2911E-01
   0.2829E-01
   0.2741E-01
   0.2646E-01
   0.2546E-01
   0.2439E-01
   0.2326E-01
   0.2209E-01
   0.2086E-01
   0.1958E-01
   0.1825E-01
   0.1688E-01
   0.1548E-01
   0.1403E-01
   0.1256E-01
   0.1105E-01
   0.9523E-02
   0.7970E-02
   0.6399E-02
   0.4812E-02
   0.3214E-02
   0.1609E-02
   0.0000E+00
   0.0000E+00
   0.1578E-02
   0.3152E-02
   0.4718E-02
   0.6274E-02
   0.7815E-02
   0.9338E-02
   0.1084E-01
   0.1231E-01
   0.1376E-01
   0.1518E-01
   0.1655E-01
   0.1790E-01
   0.1919E-01
   0.2045E-01
   0.2165E-01
   0.2281E-01
   0.2391E-01
   0.2496E-01
   0.2595E-01
   0.2687E-01
   0.2774E-01
   0.2854E-01
   0.2927E-01
   0.2994E-01
   0.3053E-01
   0.3106E-01
   0.3151E-01
   0.3189E-01
   0.3219E-01
   0.3242E-01
   0.3257E-01
   0.3265E-01
   0.3265E-01
   0.3257E-01
   0.3242E-01
   0.3219E-01
   0.3189E-01
   0.3151E-01
   0.3106E-01
   0.3053E-01
   0.2994E-01
   0.2927E-01
   0.2854E-01
   0.2774E-01
   0.2687E-01
   0.2595E-01
   0.2496E-01
   0.2391E-01
   0.2281E-01
   0.2165E-01
   0.2045E-01
   0.1919E-01
   0.1790E-01
   0.1655E-01
   0.1518E-01
   0.1376E-01
   0.1231E-01
   0.1084E-01
   0.9338E-02
   0.7815E-02
   0.6274E-02
   0.4718E-02
   0.3152E-02
   0.1578E-02
   0.0000E+00
   0.0000E+00
   0.1558E-02
   0.3112E-02
   0.4659E-02
   0.6195E-02
   0.7717E-02
   0.9220E-02
   0.1070E-01
   0.1216E-01
   0.1359E-01
   0.1499E-01
   0.1635E-01
   0.1767E-01
   0.1895E-01
   0.2019E-01
   0.2138E-01
   0.2252E-01
   0.2361E-01
   0.2465E-01
   0.2562E-01
   0.2654E-01
   0.2739E-01
   0.2818E-01
   0.2891E-01
   0.2956E-01
   0.3015E-01
   0.3067E-01
   0.3111E-01
   0.3149E-01
   0.3179E-01
   0.3201E-01
   0.3216E-01
   0.3224E-01
   0.3224E-01
   0.3216E-01
   0.3201E-01
   0.3179E-01
   0.3149E-01
   0.3111E-01
   0.3067E-01
   0.3015E-01
   0.2956E-01
   0.2891E-01
   0.2818E-01
   0.2739E-01
   0.2654E-01
   0.2562E-01
   0.2465E-01
   0.2361E-01
   0.2252E-01
   0.2138E-01
   0.2019E-01
   0.1895E-01
   0.1767E-01
   0.1635E-01
   0.1499E-01
   0.1359E-01
   0.1216E-01
   0.1070E-01
   0.9220E-02
   0.7717E-02
   0.6195E-02
   0.4659E-02
   0.3112E-02
   0.1558E-02
   0.0000E+00
   0.0000E+00
   0.1549E-02
   0.3094E-02
   0.4633E-02
   0.6160E-02
   0.7673E-02
   0.9168E-02
   0.1064E-01
   0.1209E-01
   0.1351E-01
   0.1490E-01
   0.1625E-01
   0.1757E-01
   0.1885E-01
   0.2008E-01
   0.2126E-01
   0.2240E-01
   0.2348E-01
   0.2451E-01
   0.2548E-01
   0.2639E-01
   0.2724E-01
   0.2802E-01
   0.2874E-01
   0.2939E-01
   0.2998E-01
   0.3049E-01
   0.3094E-01
   0.3131E-01
   0.3160E-01
   0.3183E-01
   0.3198E-01
   0.3205E-01
   0.3205E-01
   0.3198E-01
   0.3183E-01
   0.3160E-01
   0.3131E-01
   0.3094E-01
   0.3049E-01
   0.2998E-01
   0.2939E-01
   0.2874E-01
   0.2802E-01
   0.2724E-01
   0.2639E-01
   0.2548E-01
   0.2451E-01
   0.2348E-01
   0.2240E-01
   0.2126E-01
   0.2008E-01
   0.1885E-01
   0.1757E-01
   0.1625E-01
   0.1490E-01
   0.1351E-01
   0.1209E-01
   0.1064E-01
   0.9168E-02
   0.7673E-02
   0.6160E-02
   0.4633E-02
   0.3094E-02
   0.1549E-02
   0.0000E+00
   0.0000E+00
   0.1550E-02
   0.3097E-02
   0.4637E-02
   0.6165E-02
   0.7680E-02
   0.9176E-02
   0.1065E-01
   0.1210E-01
   0.1352E-01
   0.1491E-01
   0.1627E-01
   0.1759E-01
   0.1886E-01
   0.2009E-01
   0.2128E-01
   0.2242E-01
   0.2350E-01
   0.2453E-01
   0.2550E-01
   0.2641E-01
   0.2726E-01
   0.2805E-01
   0.2877E-01
   0.2942E-01
   0.3001E-01
   0.3052E-01
   0.3096E-01
   0.3133E-01
   0.3163E-01
   0.3186E-01
   0.3201E-01
   0.3208E-01
   0.3208E-01
   0.3201E-01
   0.3186E-01
   0.3163E-01
   0.3133E-01
   0.3096E-01
   0.3052E-01
   0.3001E-01
   0.2942E-01
   0.2877E-01
   0.2805E-01
   0.2726E-01
   0.2641E-01
   0.2550E-01
   0.2453E-01
   0.2350E-01
   0.2242E-01
   0.2128E-01
   0.2009E-01
   0.1886E-01
   0.1759E-01
   0.1627E-01
   0.1491E-01
   0.1352E-01
   0.1210E-01
   0.1065E-01
   0.9176E-02
   0.7680E-02
   0.6165E-02
   0.4637E-02
   0.3097E-02
   0.1550E-02
   0.0000E+00
   0.0000E+00
   0.1561E-02
   0.3119E-02
   0.4670E-02
   0.6209E-02
   0.7734E-02
   0.9241E-02
   0.1073E-01
   0.1219E-01
   0.1362E-01
   0.1502E-01
   0.1638E-01
   0.1771E-01
   0.1900E-01
   0.2024E-01
   0.2143E-01
   0.2257E-01
   0.2367E-01
   0.2470E-01
   0.2568E-01
   0.2660E-01
   0.2745E-01
   0.2824E-01
   0.2897E-01
   0.2963E-01
   0.3022E-01
   0.3074E-01
   0.3118E-01
   0.3156E-01
   0.3186E-01
   0.3208E-01
   0.3223E-01
   0.3231E-01
   0.3231E-01
   0.3223E-01
   0.3208E-01
   0.3186E-01
   0.3156E-01
   0.3118E-01
   0.3074E-01
   0.3022E-01
   0.2963E-01
   0.2897E-01
   0.2824E-01
   0.2745E-01
   0.2660E-01
   0.2568E-01
   0.2470E-01
   0.2367E-01
   0.2257E-01
   0.2143E-01
   0.2024E-01
   0.1900E-01
   0.1771E-01
   0.1638E-01
   0.1502E-01
   0.1362E-01
   0.1219E-01
   0.1073E-01
   0.9241E-02
   0.7734E-02
   0.6209E-02
   0.4670E-02
   0.3119E-02
   0.1561E-02
   0.0000E+00
   0.0000E+00
   0.1581E-02
   0.3159E-02
   0.4729E-02
   0.6289E-02
   0.7833E-02
   0.9359E-02
   0.1086E-01
   0.1234E-01
   0.1379E-01
   0.1521E-01
   0.1659E-01
   0.1794E-01
   0.1924E-01
   0.2050E-01
   0.2171E-01
   0.2286E-01
   0.2397E-01
   0.2502E-01
   0.2601E-01
   0.2694E-01
   0.2780E-01
   0.2861E-01
   0.2934E-01
   0.3001E-01
   0.3060E-01
   0.3113E-01
   0.3158E-01
   0.3196E-01
   0.3226E-01
   0.3249E-01
   0.3265E-01
   0.3272E-01
   0.3272E-01
   0.3265E-01
   0.3249E-01
   0.3226E-01
   0.3196E-01
   0.3158E-01
   0.3113E-01
   0.3060E-01
   0.3001E-01
   0.2934E-01
   0.2861E-01
   0.2780E-01
   0.2694E-01
   0.2601E-01
   0.2502E-01
   0.2397E-01
   0.2286E-01
   0.2171E-01
   0.2050E-01
   0.1924E-01
   0.1794E-01
   0.1659E-01
   0.1521E-01
   0.1379E-01
   0.1234E-01
   0.1086E-01
   0.9359E-02
   0.7833E-02
   0.6289E-02
   0.4729E-02
   0.3159E-02
   0.1581E-02
   0.0000E+00
   0.0000E+00
   0.1610E-02
   0.3216E-02
   0.4814E-02
   0.6402E-02
   0.7974E-02
   0.9528E-02
   0.1106E-01
   0.1257E-01
   0.1404E-01
   0.1548E-01
   0.1689E-01
   0.1826E-01
   0.1959E-01
   0.2086E-01
   0.2210E-01
   0.2327E-01
   0.2440E-01
   0.2547E-01
   0.2648E-01
   0.2742E-01
   0.2830E-01
   0.2912E-01
   0.2987E-01
   0.3055E-01
   0.3116E-01
   0.3169E-01
   0.3215E-01
   0.3254E-01
   0.3285E-01
   0.3308E-01
   0.3323E-01
   0.3331E-01
   0.3331E-01
   0.3323E-01
   0.3308E-01
   0.3285E-01
   0.3254E-01
   0.3215E-01
   0.3169E-01
   0.3116E-01
   0.3055E-01
   0.2987E-01
   0.2912E-01
   0.2830E-01
   0.2742E-01
   0.2648E-01
   0.2547E-01
   0.2440E-01
   0.2327E-01
   0.2210E-01
   0.2086E-01
   0.1959E-01
   0.1826E-01
   0.1689E-01
   0.1548E-01
   0.1404E-01
   0.1257E-01
   0.1106E-01
   0.9528E-02
   0.7974E-02
   0.6402E-02
   0.4814E-02
   0.3216E-02
   0.1610E-02
   0.0000E+00
   0.0000E+00
   0.1646E-02
   0.3289E-02
   0.4923E-02
   0.6547E-02
   0.8155E-02
   0.9744E-02
   0.1131E-01
   0.1285E-01
   0.1436E-01
   0.1584E-01
   0.1727E-01
   0.1867E-01
   0.2003E-01
   0.2134E-01
   0.2260E-01
   0.2380E-01
   0.2495E-01
   0.2604E-01
   0.2708E-01
   0.2804E-01
   0.2895E-01
   0.2978E-01
   0.3055E-01
   0.3124E-01
   0.3186E-01
   0.3241E-01
   0.3288E-01
   0.3327E-01
   0.3359E-01
   0.3383E-01
   0.3399E-01
   0.3406E-01
   0.3406E-01
   0.3399E-01
   0.3383E-01
   0.3359E-01
   0.3327E-01
   0.3288E-01
   0.3241E-01
   0.3186E-01
   0.3124E-01
   0.3055E-01
   0.2978E-01
   0.2895E-01
   0.2804E-01
   0.2708E-01
   0.2604E-01
   0.2495E-01
   0.2380E-01
   0.2260E-01
   0.2134E-01
   0.2003E-01
   0.1867E-01
   0.1727E-01
   0.1584E-01
   0.1436E-01
   0.1285E-01
   0.1131E-01
   0.9744E-02
   0.8155E-02
   0.6547E-02
   0.4923E-02
   0.3289E-02
   0.1646E-02
   0.0000E+00
   0.0000E+00
   0.1690E-02
   0.3376E-02
   0.5055E-02
   0.6721E-02
   0.8372E-02
   0.1000E-01
   0.1161E-01
   0.1319E-01
   0.1474E-01
   0.1626E-01
   0.1774E-01
   0.1917E-01
   0.2056E-01
   0.2191E-01
   0.2320E-01
   0.2444E-01
   0.2562E-01
   0.2674E-01
   0.2780E-01
   0.2879E-01
   0.2972E-01
   0.3057E-01
   0.3136E-01
   0.3207E-01
   0.3271E-01
   0.3327E-01
   0.3375E-01
   0.3416E-01
   0.3448E-01
   0.3473E-01
   0.3489E-01
   0.3497E-01
   0.3497E-01
   0.3489E-01
   0.3473E-01
   0.3448E-01
   0.3416E-01
   0.3375E-01
   0.3327E-01
   0.3271E-01
   0.3207E-01
   0.3136E-01
   0.3057E-01
   0.2972E-01
   0.2879E-01
   0.2780E-01
   0.2674E-01
   0.2562E-01
   0.2444E-01
   0.2320E-01
   0.2191E-01
   0.2056E-01
   0.1917E-01
   0.1774E-01
   0.1626E-01
   0.1474E-01
   0.1319E-01
   0.1161E-01
   0.1000E-01
   0.8372E-02
   0.6721E-02
   0.5055E-02
   0.3376E-02
   0.1690E-02
   0.0000E+00
   0.0000E+00
   0.1741E-02
   0.3478E-02
   0.5207E-02
   0.6924E-02
   0.8625E-02
   0.1031E-01
   0.1196E-01
   0.1359E-01
   0.1519E-01
   0.1675E-01
   0.1827E-01
   0.1975E-01
   0.2118E-01
   0.2257E-01
   0.2390E-01
   0.2517E-01
   0.2639E-01
   0.2754E-01
   0.2864E-01
   0.2966E-01
   0.3061E-01
   0.3150E-01
   0.3231E-01
   0.3304E-01
   0.3370E-01
   0.3427E-01
   0.3477E-01
   0.3519E-01
   0.3552E-01
   0.3578E-01
   0.3594E-01
   0.3603E-01
   0.3603E-01
   0.3594E-01
   0.3578E-01
   0.3552E-01
   0.3519E-01
   0.3477E-01
   0.3427E-01
   0.3370E-01
   0.3304E-01
   0.3231E-01
   0.3150E-01
   0.3061E-01
   0.2966E-01
   0.2864E-01
   0.2754E-01
   0.2639E-01
   0.2517E-01
   0.2390E-01
   0.2257E-01
   0.2118E-01
   0.1975E-01
   0.1827E-01
   0.1675E-01
   0.1519E-01
   0.1359E-01
   0.1196E-01
   0.1031E-01
   0.8625E-02
   0.6924E-02
   0.5207E-02
   0.3478E-02
   0.1741E-02
   0.0000E+00
   0.0000E+00
   0.1799E-02
   0.3593E-02
   0.5379E-02
   0.7153E-02
   0.8910E-02
   0.1065E-01
   0.1236E-01
   0.1404E-01
   0.1569E-01
   0.1730E-01
   0.1887E-01
   0.2040E-01
   0.2188E-01
   0.2331E-01
   0.2469E-01
   0.2601E-01
   0.2726E-01
   0.2846E-01
   0.2958E-01
   0.3064E-01
   0.3163E-01
   0.3254E-01
   0.3337E-01
   0.3413E-01
   0.3481E-01
   0.3541E-01
   0.3592E-01
   0.3635E-01
   0.3670E-01
   0.3696E-01
   0.3713E-01
   0.3722E-01
   0.3722E-01
   0.3713E-01
   0.3696E-01
   0.3670E-01
   0.3635E-01
   0.3592E-01
   0.3541E-01
   0.3481E-01
   0.3413E-01
   0.3337E-01
   0.3254E-01
   0.3163E-01
   0.3064E-01
   0.2958E-01
   0.2846E-01
   0.2726E-01
   0.2601E-01
   0.2469E-01
   0.2331E-01
   0.2188E-01
   0.2040E-01
   0.1887E-01
   0.1730E-01
   0.1569E-01
   0.1404E-01
   0.1236E-01
   0.1065E-01
   0.8910E-02
   0.7153E-02
   0.5379E-02
   0.3593E-02
   0.1799E-02
   0.0000E+00
   0.0000E+00
   0.1863E-02
   0.3721E-02
   0.5570E-02
   0.7407E-02
   0.9226E-02
   0.1102E-01
   0.1280E-01
   0.1454E-01
   0.1625E-01
   0.1792E-01
   0.1954E-01
   0.2113E-01
   0.2266E-01
   0.2414E-01
   0.2556E-01
   0.2693E-01
   0.2823E-01
   0.2947E-01
   0.3063E-01
   0.3173E-01
   0.3275E-01
   0.3369E-01
   0.3456E-01
   0.3534E-01
   0.3605E-01
   0.3666E-01
   0.3720E-01
   0.3764E-01
   0.3800E-01
   0.3827E-01
   0.3845E-01
   0.3854E-01
   0.3854E-01
   0.3845E-01
   0.3827E-01
   0.3800E-01
   0.3764E-01
   0.3720E-01
   0.3666E-01
   0.3605E-01
   0.3534E-01
   0.3456E-01
   0.3369E-01
   0.3275E-01
   0.3173E-01
   0.3063E-01
   0.2947E-01
   0.2823E-01
   0.2693E-01
   0.2556E-01
   0.2414E-01
   0.2266E-01
   0.2113E-01
   0.1954E-01
   0.1792E-01
   0.1625E-01
   0.1454E-01
   0.1280E-01
   0.1102E-01
   0.9226E-02
   0.7407E-02
   0.5570E-02
   0.3721E-02
   0.1863E-02
   0.0000E+00
   0.0000E+00
   0.1932E-02
   0.3860E-02
   0.5779E-02
   0.7684E-02
   0.9571E-02
   0.1144E-01
   0.1327E-01
   0.1508E-01
   0.1685E-01
   0.1859E-01
   0.2028E-01
   0.2192E-01
   0.2351E-01
   0.2504E-01
   0.2652E-01
   0.2794E-01
   0.2929E-01
   0.3057E-01
   0.3178E-01
   0.3291E-01
   0.3397E-01
   0.3495E-01
   0.3585E-01
   0.3667E-01
   0.3739E-01
   0.3804E-01
   0.3859E-01
   0.3905E-01
   0.3942E-01
   0.3970E-01
   0.3989E-01
   0.3998E-01
   0.3998E-01
   0.3989E-01
   0.3970E-01
   0.3942E-01
   0.3905E-01
   0.3859E-01
   0.3804E-01
   0.3739E-01
   0.3667E-01
   0.3585E-01
   0.3495E-01
   0.3397E-01
   0.3291E-01
   0.3178E-01
   0.3057E-01
   0.2929E-01
   0.2794E-01
   0.2652E-01
   0.2504E-01
   0.2351E-01
   0.2192E-01
   0.2028E-01
   0.1859E-01
   0.1685E-01
   0.1508E-01
   0.1327E-01
   0.1144E-01
   0.9571E-02
   0.7684E-02
   0.5779E-02
   0.3860E-02
   0.1932E-02
   0.0000E+00
   0.0000E+00
   0.2007E-02
   0.4010E-02
   0.6004E-02
   0.7983E-02
   0.9944E-02
   0.1188E-01
   0.1379E-01
   0.1567E-01
   0.1751E-01
   0.1931E-01
   0.2106E-01
   0.2277E-01
   0.2442E-01
   0.2602E-01
   0.2755E-01
   0.2902E-01
   0.3043E-01
   0.3176E-01
   0.3301E-01
   0.3419E-01
   0.3530E-01
   0.3631E-01
   0.3725E-01
   0.3809E-01
   0.3885E-01
   0.3952E-01
   0.4009E-01
   0.4057E-01
   0.4096E-01
   0.4125E-01
   0.4144E-01
   0.4154E-01
   0.4154E-01
   0.4144E-01
   0.4125E-01
   0.4096E-01
   0.4057E-01
   0.4009E-01
   0.3952E-01
   0.3885E-01
   0.3809E-01
   0.3725E-01
   0.3631E-01
   0.3530E-01
   0.3419E-01
   0.3301E-01
   0.3176E-01
   0.3043E-01
   0.2902E-01
   0.2755E-01
   0.2602E-01
   0.2442E-01
   0.2277E-01
   0.2106E-01
   0.1931E-01
   0.1751E-01
   0.1567E-01
   0.1379E-01
   0.1188E-01
   0.9944E-02
   0.7983E-02
   0.6003E-02
   0.4010E-02
   0.2007E-02
   0.0000E+00
   0.0000E+00
   0.2088E-02
   0.4171E-02
   0.6244E-02
   0.8303E-02
   0.1034E-01
   0.1236E-01
   0.1434E-01
   0.1630E-01
   0.1821E-01
   0.2008E-01
   0.2191E-01
   0.2368E-01
   0.2540E-01
   0.2706E-01
   0.2866E-01
   0.3019E-01
   0.3164E-01
   0.3303E-01
   0.3434E-01
   0.3556E-01
   0.3671E-01
   0.3777E-01
   0.3874E-01
   0.3962E-01
   0.4041E-01
   0.4110E-01
   0.4170E-01
   0.4220E-01
   0.4260E-01
   0.4290E-01
   0.4310E-01
   0.4320E-01
   0.4320E-01
   0.4310E-01
   0.4290E-01
   0.4260E-01
   0.4220E-01
   0.4170E-01
   0.4110E-01
   0.4041E-01
   0.3962E-01
   0.3874E-01
   0.3777E-01
   0.3671E-01
   0.3556E-01
   0.3434E-01
   0.3303E-01
   0.3164E-01
   0.3019E-01
   0.2866E-01
   0.2706E-01
   0.2540E-01
   0.2368E-01
   0.2191E-01
   0.2008E-01
   0.1821E-01
   0.1630E-01
   0.1434E-01
   0.1236E-01
   0.1034E-01
   0.8303E-02
   0.6244E-02
   0.4171E-02
   0.2088E-02
  -0.3778E-08
