   0.8643E-01
   0.7859E-01
   0.7145E-01
   0.6497E-01
   0.5907E-01
   0.5371E-01
   0.4883E-01
   0.4440E-01
   0.4037E-01
   0.3671E-01
   0.3337E-01
   0.3034E-01
   0.2759E-01
   0.2508E-01
   0.2281E-01
   0.2074E-01
   0.1721E+00
   0.1565E+00
   0.1423E+00
   0.1293E+00
   0.1176E+00
   0.1069E+00
   0.9723E-01
   0.8840E-01
   0.8038E-01
   0.7308E-01
   0.6645E-01
   0.6041E-01
   0.5493E-01
   0.4994E-01
   0.4541E-01
   0.4129E-01
   0.2562E+00
   0.2329E+00
   0.2118E+00
   0.1926E+00
   0.1751E+00
   0.1592E+00
   0.1447E+00
   0.1316E+00
   0.1197E+00
   0.1088E+00
   0.9892E-01
   0.8994E-01
   0.8177E-01
   0.7435E-01
   0.6760E-01
   0.6146E-01
   0.3379E+00
   0.3073E+00
   0.2794E+00
   0.2540E+00
   0.2310E+00
   0.2100E+00
   0.1909E+00
   0.1736E+00
   0.1579E+00
   0.1435E+00
   0.1305E+00
   0.1186E+00
   0.1079E+00
   0.9808E-01
   0.8918E-01
   0.8108E-01
   0.4166E+00
   0.3788E+00
   0.3444E+00
   0.3132E+00
   0.2848E+00
   0.2589E+00
   0.2354E+00
   0.2140E+00
   0.1946E+00
   0.1769E+00
   0.1609E+00
   0.1463E+00
   0.1330E+00
   0.1209E+00
   0.1099E+00
   0.9996E-01
   0.4916E+00
   0.4470E+00
   0.4064E+00
   0.3695E+00
   0.3360E+00
   0.3055E+00
   0.2778E+00
   0.2525E+00
   0.2296E+00
   0.2088E+00
   0.1898E+00
   0.1726E+00
   0.1569E+00
   0.1427E+00
   0.1297E+00
   0.1179E+00
   0.5621E+00
   0.5110E+00
   0.4647E+00
   0.4225E+00
   0.3841E+00
   0.3493E+00
   0.3176E+00
   0.2888E+00
   0.2625E+00
   0.2387E+00
   0.2170E+00
   0.1973E+00
   0.1794E+00
   0.1631E+00
   0.1483E+00
   0.1349E+00
   0.6275E+00
   0.5705E+00
   0.5187E+00
   0.4717E+00
   0.4288E+00
   0.3899E+00
   0.3545E+00
   0.3223E+00
   0.2931E+00
   0.2665E+00
   0.2423E+00
   0.2203E+00
   0.2003E+00
   0.1821E+00
   0.1656E+00
   0.1505E+00
   0.6872E+00
   0.6248E+00
   0.5681E+00
   0.5165E+00
   0.4697E+00
   0.4270E+00
   0.3883E+00
   0.3530E+00
   0.3210E+00
   0.2918E+00
   0.2653E+00
   0.2413E+00
   0.2194E+00
   0.1994E+00
   0.1813E+00
   0.1649E+00
   0.7407E+00
   0.6734E+00
   0.6123E+00
   0.5567E+00
   0.5062E+00
   0.4603E+00
   0.4185E+00
   0.3805E+00
   0.3460E+00
   0.3146E+00
   0.2860E+00
   0.2600E+00
   0.2364E+00
   0.2150E+00
   0.1954E+00
   0.1777E+00
   0.7874E+00
   0.7160E+00
   0.6510E+00
   0.5919E+00
   0.5382E+00
   0.4893E+00
   0.4449E+00
   0.4045E+00
   0.3678E+00
   0.3344E+00
   0.3041E+00
   0.2765E+00
   0.2514E+00
   0.2285E+00
   0.2078E+00
   0.1889E+00
   0.8271E+00
   0.7520E+00
   0.6838E+00
   0.6217E+00
   0.5653E+00
   0.5140E+00
   0.4673E+00
   0.4249E+00
   0.3863E+00
   0.3513E+00
   0.3194E+00
   0.2904E+00
   0.2640E+00
   0.2400E+00
   0.2183E+00
   0.1984E+00
   0.8592E+00
   0.7813E+00
   0.7104E+00
   0.6459E+00
   0.5873E+00
   0.5340E+00
   0.4855E+00
   0.4414E+00
   0.4014E+00
   0.3649E+00
   0.3318E+00
   0.3017E+00
   0.2743E+00
   0.2494E+00
   0.2267E+00
   0.2062E+00
   0.8836E+00
   0.8034E+00
   0.7305E+00
   0.6642E+00
   0.6039E+00
   0.5491E+00
   0.4993E+00
   0.4539E+00
   0.4127E+00
   0.3753E+00
   0.3412E+00
   0.3102E+00
   0.2821E+00
   0.2565E+00
   0.2332E+00
   0.2120E+00
   0.9000E+00
   0.8183E+00
   0.7440E+00
   0.6765E+00
   0.6151E+00
   0.5593E+00
   0.5085E+00
   0.4624E+00
   0.4204E+00
   0.3822E+00
   0.3475E+00
   0.3160E+00
   0.2873E+00
   0.2612E+00
   0.2375E+00
   0.2159E+00
   0.9082E+00
   0.8258E+00
   0.7508E+00
   0.6827E+00
   0.6207E+00
   0.5644E+00
   0.5132E+00
   0.4666E+00
   0.4242E+00
   0.3857E+00
   0.3507E+00
   0.3189E+00
   0.2899E+00
   0.2636E+00
   0.2397E+00
   0.2179E+00
   0.9082E+00
   0.8258E+00
   0.7508E+00
   0.6827E+00
   0.6207E+00
   0.5644E+00
   0.5132E+00
   0.4666E+00
   0.4242E+00
   0.3857E+00
   0.3507E+00
   0.3189E+00
   0.2899E+00
   0.2636E+00
   0.2397E+00
   0.2179E+00
   0.9000E+00
   0.8183E+00
   0.7440E+00
   0.6765E+00
   0.6151E+00
   0.5593E+00
   0.5085E+00
   0.4624E+00
   0.4204E+00
   0.3822E+00
   0.3475E+00
   0.3160E+00
   0.2873E+00
   0.2612E+00
   0.2375E+00
   0.2159E+00
   0.8836E+00
   0.8034E+00
   0.7305E+00
   0.6642E+00
   0.6039E+00
   0.5491E+00
   0.4993E+00
   0.4539E+00
   0.4127E+00
   0.3753E+00
   0.3412E+00
   0.3102E+00
   0.2821E+00
   0.2565E+00
   0.2332E+00
   0.2120E+00
   0.8592E+00
   0.7813E+00
   0.7104E+00
   0.6459E+00
   0.5873E+00
   0.5340E+00
   0.4855E+00
   0.4414E+00
   0.4014E+00
   0.3649E+00
   0.3318E+00
   0.3017E+00
   0.2743E+00
   0.2494E+00
   0.2267E+00
   0.2062E+00
   0.8271E+00
   0.7520E+00
   0.6838E+00
   0.6217E+00
   0.5653E+00
   0.5140E+00
   0.4673E+00
   0.4249E+00
   0.3863E+00
   0.3513E+00
   0.3194E+00
   0.2904E+00
   0.2640E+00
   0.2400E+00
   0.2183E+00
   0.1984E+00
   0.7874E+00
   0.7160E+00
   0.6510E+00
   0.5919E+00
   0.5382E+00
   0.4893E+00
   0.4449E+00
   0.4045E+00
   0.3678E+00
   0.3344E+00
   0.3041E+00
   0.2765E+00
   0.2514E+00
   0.2285E+00
   0.2078E+00
   0.1889E+00
   0.7407E+00
   0.6734E+00
   0.6123E+00
   0.5567E+00
   0.5062E+00
   0.4603E+00
   0.4185E+00
   0.3805E+00
   0.3460E+00
   0.3146E+00
   0.2860E+00
   0.2600E+00
   0.2364E+00
   0.2150E+00
   0.1954E+00
   0.1777E+00
   0.6872E+00
   0.6248E+00
   0.5681E+00
   0.5165E+00
   0.4697E+00
   0.4270E+00
   0.3883E+00
   0.3530E+00
   0.3210E+00
   0.2918E+00
   0.2653E+00
   0.2413E+00
   0.2194E+00
   0.1994E+00
   0.1813E+00
   0.1649E+00
   0.6275E+00
   0.5705E+00
   0.5187E+00
   0.4717E+00
   0.4288E+00
   0.3899E+00
   0.3545E+00
   0.3223E+00
   0.2931E+00
   0.2665E+00
   0.2423E+00
   0.2203E+00
   0.2003E+00
   0.1821E+00
   0.1656E+00
   0.1505E+00
   0.5621E+00
   0.5110E+00
   0.4647E+00
   0.4225E+00
   0.3841E+00
   0.3493E+00
   0.3176E+00
   0.2888E+00
   0.2625E+00
   0.2387E+00
   0.2170E+00
   0.1973E+00
   0.1794E+00
   0.1631E+00
   0.1483E+00
   0.1349E+00
   0.4916E+00
   0.4470E+00
   0.4064E+00
   0.3695E+00
   0.3360E+00
   0.3055E+00
   0.2778E+00
   0.2525E+00
   0.2296E+00
   0.2088E+00
   0.1898E+00
   0.1726E+00
   0.1569E+00
   0.1427E+00
   0.1297E+00
   0.1179E+00
   0.4166E+00
   0.3788E+00
   0.3444E+00
   0.3132E+00
   0.2848E+00
   0.2589E+00
   0.2354E+00
   0.2140E+00
   0.1946E+00
   0.1769E+00
   0.1609E+00
   0.1463E+00
   0.1330E+00
   0.1209E+00
   0.1099E+00
   0.9996E-01
   0.3379E+00
   0.3073E+00
   0.2794E+00
   0.2540E+00
   0.2310E+00
   0.2100E+00
   0.1909E+00
   0.1736E+00
   0.1579E+00
   0.1435E+00
   0.1305E+00
   0.1186E+00
   0.1079E+00
   0.9808E-01
   0.8918E-01
   0.8108E-01
   0.2562E+00
   0.2329E+00
   0.2118E+00
   0.1926E+00
   0.1751E+00
   0.1592E+00
   0.1447E+00
   0.1316E+00
   0.1197E+00
   0.1088E+00
   0.9892E-01
   0.8994E-01
   0.8177E-01
   0.7435E-01
   0.6760E-01
   0.6146E-01
   0.1721E+00
   0.1565E+00
   0.1423E+00
   0.1293E+00
   0.1176E+00
   0.1069E+00
   0.9723E-01
   0.8840E-01
   0.8038E-01
   0.7308E-01
   0.6645E-01
   0.6041E-01
   0.5493E-01
   0.4994E-01
   0.4541E-01
   0.4129E-01
   0.8643E-01
   0.7859E-01
   0.7145E-01
   0.6497E-01
   0.5907E-01
   0.5371E-01
   0.4883E-01
   0.4440E-01
   0.4037E-01
   0.3671E-01
   0.3337E-01
   0.3034E-01
   0.2759E-01
   0.2508E-01
   0.2281E-01
   0.2074E-01
