   0.9806E-02
   0.9344E-02
   0.8903E-02
   0.8483E-02
   0.8083E-02
   0.7701E-02
   0.7338E-02
   0.6992E-02
   0.6662E-02
   0.6348E-02
   0.6048E-02
   0.5763E-02
   0.5491E-02
   0.5232E-02
   0.4985E-02
   0.4750E-02
   0.4526E-02
   0.4312E-02
   0.4109E-02
   0.3915E-02
   0.3730E-02
   0.3554E-02
   0.3386E-02
   0.3226E-02
   0.3074E-02
   0.2929E-02
   0.2791E-02
   0.2659E-02
   0.2533E-02
   0.2414E-02
   0.2300E-02
   0.2191E-02
   0.1959E-01
   0.1867E-01
   0.1778E-01
   0.1695E-01
   0.1615E-01
   0.1538E-01
   0.1466E-01
   0.1397E-01
   0.1331E-01
   0.1268E-01
   0.1208E-01
   0.1151E-01
   0.1097E-01
   0.1045E-01
   0.9958E-02
   0.9488E-02
   0.9041E-02
   0.8614E-02
   0.8207E-02
   0.7820E-02
   0.7451E-02
   0.7100E-02
   0.6764E-02
   0.6445E-02
   0.6141E-02
   0.5851E-02
   0.5575E-02
   0.5312E-02
   0.5061E-02
   0.4822E-02
   0.4594E-02
   0.4377E-02
   0.2933E-01
   0.2794E-01
   0.2663E-01
   0.2537E-01
   0.2417E-01
   0.2303E-01
   0.2195E-01
   0.2091E-01
   0.1992E-01
   0.1898E-01
   0.1809E-01
   0.1723E-01
   0.1642E-01
   0.1565E-01
   0.1491E-01
   0.1420E-01
   0.1353E-01
   0.1290E-01
   0.1229E-01
   0.1171E-01
   0.1115E-01
   0.1063E-01
   0.1013E-01
   0.9649E-02
   0.9194E-02
   0.8760E-02
   0.8346E-02
   0.7952E-02
   0.7577E-02
   0.7219E-02
   0.6878E-02
   0.6553E-02
   0.3900E-01
   0.3716E-01
   0.3540E-01
   0.3373E-01
   0.3214E-01
   0.3063E-01
   0.2918E-01
   0.2780E-01
   0.2649E-01
   0.2524E-01
   0.2405E-01
   0.2292E-01
   0.2184E-01
   0.2080E-01
   0.1982E-01
   0.1889E-01
   0.1800E-01
   0.1715E-01
   0.1634E-01
   0.1557E-01
   0.1483E-01
   0.1413E-01
   0.1347E-01
   0.1283E-01
   0.1222E-01
   0.1165E-01
   0.1110E-01
   0.1057E-01
   0.1007E-01
   0.9599E-02
   0.9146E-02
   0.8714E-02
   0.4857E-01
   0.4628E-01
   0.4410E-01
   0.4202E-01
   0.4004E-01
   0.3815E-01
   0.3635E-01
   0.3463E-01
   0.3300E-01
   0.3144E-01
   0.2996E-01
   0.2854E-01
   0.2720E-01
   0.2591E-01
   0.2469E-01
   0.2353E-01
   0.2242E-01
   0.2136E-01
   0.2035E-01
   0.1939E-01
   0.1848E-01
   0.1760E-01
   0.1677E-01
   0.1598E-01
   0.1523E-01
   0.1451E-01
   0.1382E-01
   0.1317E-01
   0.1255E-01
   0.1196E-01
   0.1139E-01
   0.1085E-01
   0.5804E-01
   0.5530E-01
   0.5269E-01
   0.5021E-01
   0.4784E-01
   0.4558E-01
   0.4343E-01
   0.4138E-01
   0.3943E-01
   0.3757E-01
   0.3580E-01
   0.3411E-01
   0.3250E-01
   0.3096E-01
   0.2950E-01
   0.2811E-01
   0.2678E-01
   0.2552E-01
   0.2432E-01
   0.2317E-01
   0.2208E-01
   0.2103E-01
   0.2004E-01
   0.1910E-01
   0.1819E-01
   0.1734E-01
   0.1652E-01
   0.1574E-01
   0.1499E-01
   0.1429E-01
   0.1361E-01
   0.1297E-01
   0.6737E-01
   0.6419E-01
   0.6116E-01
   0.5828E-01
   0.5553E-01
   0.5291E-01
   0.5041E-01
   0.4803E-01
   0.4577E-01
   0.4361E-01
   0.4155E-01
   0.3959E-01
   0.3772E-01
   0.3594E-01
   0.3425E-01
   0.3263E-01
   0.3109E-01
   0.2962E-01
   0.2823E-01
   0.2689E-01
   0.2562E-01
   0.2441E-01
   0.2326E-01
   0.2216E-01
   0.2112E-01
   0.2012E-01
   0.1917E-01
   0.1827E-01
   0.1740E-01
   0.1658E-01
   0.1580E-01
   0.1505E-01
   0.7654E-01
   0.7293E-01
   0.6949E-01
   0.6621E-01
   0.6309E-01
   0.6011E-01
   0.5727E-01
   0.5457E-01
   0.5200E-01
   0.4954E-01
   0.4721E-01
   0.4498E-01
   0.4286E-01
   0.4083E-01
   0.3891E-01
   0.3707E-01
   0.3532E-01
   0.3366E-01
   0.3207E-01
   0.3055E-01
   0.2911E-01
   0.2774E-01
   0.2643E-01
   0.2518E-01
   0.2399E-01
   0.2286E-01
   0.2178E-01
   0.2075E-01
   0.1977E-01
   0.1884E-01
   0.1795E-01
   0.1710E-01
   0.8553E-01
   0.8150E-01
   0.7765E-01
   0.7399E-01
   0.7050E-01
   0.6717E-01
   0.6400E-01
   0.6098E-01
   0.5811E-01
   0.5536E-01
   0.5275E-01
   0.5026E-01
   0.4789E-01
   0.4563E-01
   0.4348E-01
   0.4143E-01
   0.3947E-01
   0.3761E-01
   0.3584E-01
   0.3414E-01
   0.3253E-01
   0.3100E-01
   0.2954E-01
   0.2814E-01
   0.2681E-01
   0.2555E-01
   0.2434E-01
   0.2319E-01
   0.2210E-01
   0.2105E-01
   0.2006E-01
   0.1911E-01
   0.9433E-01
   0.8988E-01
   0.8564E-01
   0.8160E-01
   0.7775E-01
   0.7408E-01
   0.7058E-01
   0.6725E-01
   0.6408E-01
   0.6106E-01
   0.5818E-01
   0.5543E-01
   0.5282E-01
   0.5032E-01
   0.4795E-01
   0.4569E-01
   0.4353E-01
   0.4148E-01
   0.3952E-01
   0.3765E-01
   0.3588E-01
   0.3418E-01
   0.3257E-01
   0.3103E-01
   0.2957E-01
   0.2817E-01
   0.2684E-01
   0.2558E-01
   0.2437E-01
   0.2322E-01
   0.2212E-01
   0.2108E-01
   0.1029E+00
   0.9804E-01
   0.9342E-01
   0.8901E-01
   0.8481E-01
   0.8081E-01
   0.7700E-01
   0.7337E-01
   0.6990E-01
   0.6661E-01
   0.6346E-01
   0.6047E-01
   0.5762E-01
   0.5490E-01
   0.5231E-01
   0.4984E-01
   0.4749E-01
   0.4525E-01
   0.4311E-01
   0.4108E-01
   0.3914E-01
   0.3729E-01
   0.3553E-01
   0.3385E-01
   0.3226E-01
   0.3073E-01
   0.2928E-01
   0.2790E-01
   0.2658E-01
   0.2533E-01
   0.2413E-01
   0.2299E-01
   0.1112E+00
   0.1060E+00
   0.1010E+00
   0.9622E-01
   0.9168E-01
   0.8735E-01
   0.8323E-01
   0.7931E-01
   0.7556E-01
   0.7200E-01
   0.6860E-01
   0.6537E-01
   0.6228E-01
   0.5934E-01
   0.5654E-01
   0.5387E-01
   0.5133E-01
   0.4891E-01
   0.4660E-01
   0.4440E-01
   0.4231E-01
   0.4031E-01
   0.3841E-01
   0.3660E-01
   0.3487E-01
   0.3322E-01
   0.3166E-01
   0.3016E-01
   0.2874E-01
   0.2738E-01
   0.2609E-01
   0.2486E-01
   0.1193E+00
   0.1137E+00
   0.1083E+00
   0.1032E+00
   0.9833E-01
   0.9369E-01
   0.8927E-01
   0.8506E-01
   0.8105E-01
   0.7722E-01
   0.7358E-01
   0.7011E-01
   0.6680E-01
   0.6365E-01
   0.6065E-01
   0.5779E-01
   0.5506E-01
   0.5246E-01
   0.4998E-01
   0.4763E-01
   0.4538E-01
   0.4324E-01
   0.4120E-01
   0.3925E-01
   0.3740E-01
   0.3563E-01
   0.3395E-01
   0.3235E-01
   0.3082E-01
   0.2937E-01
   0.2798E-01
   0.2666E-01
   0.1271E+00
   0.1211E+00
   0.1154E+00
   0.1099E+00
   0.1048E+00
   0.9982E-01
   0.9511E-01
   0.9062E-01
   0.8634E-01
   0.8227E-01
   0.7839E-01
   0.7469E-01
   0.7117E-01
   0.6781E-01
   0.6461E-01
   0.6156E-01
   0.5866E-01
   0.5589E-01
   0.5325E-01
   0.5074E-01
   0.4834E-01
   0.4606E-01
   0.4389E-01
   0.4182E-01
   0.3984E-01
   0.3796E-01
   0.3617E-01
   0.3446E-01
   0.3284E-01
   0.3129E-01
   0.2981E-01
   0.2840E-01
   0.1346E+00
   0.1282E+00
   0.1222E+00
   0.1164E+00
   0.1109E+00
   0.1057E+00
   0.1007E+00
   0.9596E-01
   0.9144E-01
   0.8712E-01
   0.8301E-01
   0.7910E-01
   0.7536E-01
   0.7181E-01
   0.6842E-01
   0.6519E-01
   0.6212E-01
   0.5918E-01
   0.5639E-01
   0.5373E-01
   0.5119E-01
   0.4878E-01
   0.4648E-01
   0.4428E-01
   0.4219E-01
   0.4020E-01
   0.3830E-01
   0.3650E-01
   0.3477E-01
   0.3313E-01
   0.3157E-01
   0.3008E-01
   0.1418E+00
   0.1351E+00
   0.1287E+00
   0.1226E+00
   0.1169E+00
   0.1113E+00
   0.1061E+00
   0.1011E+00
   0.9632E-01
   0.9177E-01
   0.8744E-01
   0.8332E-01
   0.7939E-01
   0.7564E-01
   0.7207E-01
   0.6867E-01
   0.6543E-01
   0.6234E-01
   0.5940E-01
   0.5660E-01
   0.5393E-01
   0.5138E-01
   0.4896E-01
   0.4665E-01
   0.4445E-01
   0.4235E-01
   0.4035E-01
   0.3844E-01
   0.3663E-01
   0.3490E-01
   0.3325E-01
   0.3168E-01
   0.1486E+00
   0.1416E+00
   0.1349E+00
   0.1286E+00
   0.1225E+00
   0.1167E+00
   0.1112E+00
   0.1060E+00
   0.1010E+00
   0.9621E-01
   0.9167E-01
   0.8734E-01
   0.8322E-01
   0.7930E-01
   0.7555E-01
   0.7199E-01
   0.6859E-01
   0.6536E-01
   0.6227E-01
   0.5933E-01
   0.5653E-01
   0.5387E-01
   0.5132E-01
   0.4890E-01
   0.4659E-01
   0.4439E-01
   0.4230E-01
   0.4030E-01
   0.3840E-01
   0.3659E-01
   0.3486E-01
   0.3321E-01
   0.1551E+00
   0.1478E+00
   0.1408E+00
   0.1342E+00
   0.1279E+00
   0.1218E+00
   0.1161E+00
   0.1106E+00
   0.1054E+00
   0.1004E+00
   0.9568E-01
   0.9117E-01
   0.8686E-01
   0.8277E-01
   0.7886E-01
   0.7514E-01
   0.7159E-01
   0.6822E-01
   0.6500E-01
   0.6193E-01
   0.5901E-01
   0.5622E-01
   0.5357E-01
   0.5104E-01
   0.4863E-01
   0.4634E-01
   0.4415E-01
   0.4207E-01
   0.4008E-01
   0.3819E-01
   0.3638E-01
   0.3467E-01
   0.1613E+00
   0.1537E+00
   0.1464E+00
   0.1395E+00
   0.1329E+00
   0.1267E+00
   0.1207E+00
   0.1150E+00
   0.1096E+00
   0.1044E+00
   0.9947E-01
   0.9478E-01
   0.9030E-01
   0.8604E-01
   0.8198E-01
   0.7811E-01
   0.7443E-01
   0.7092E-01
   0.6757E-01
   0.6438E-01
   0.6134E-01
   0.5845E-01
   0.5569E-01
   0.5306E-01
   0.5056E-01
   0.4817E-01
   0.4590E-01
   0.4373E-01
   0.4167E-01
   0.3970E-01
   0.3782E-01
   0.3604E-01
   0.1670E+00
   0.1592E+00
   0.1517E+00
   0.1445E+00
   0.1377E+00
   0.1312E+00
   0.1250E+00
   0.1191E+00
   0.1135E+00
   0.1081E+00
   0.1030E+00
   0.9816E-01
   0.9353E-01
   0.8912E-01
   0.8491E-01
   0.8091E-01
   0.7709E-01
   0.7345E-01
   0.6999E-01
   0.6668E-01
   0.6354E-01
   0.6054E-01
   0.5768E-01
   0.5496E-01
   0.5237E-01
   0.4989E-01
   0.4754E-01
   0.4529E-01
   0.4316E-01
   0.4112E-01
   0.3918E-01
   0.3733E-01
   0.1724E+00
   0.1643E+00
   0.1565E+00
   0.1491E+00
   0.1421E+00
   0.1354E+00
   0.1290E+00
   0.1229E+00
   0.1171E+00
   0.1116E+00
   0.1063E+00
   0.1013E+00
   0.9654E-01
   0.9199E-01
   0.8765E-01
   0.8351E-01
   0.7957E-01
   0.7582E-01
   0.7224E-01
   0.6883E-01
   0.6558E-01
   0.6249E-01
   0.5954E-01
   0.5673E-01
   0.5405E-01
   0.5150E-01
   0.4907E-01
   0.4675E-01
   0.4454E-01
   0.4244E-01
   0.4044E-01
   0.3853E-01
   0.1774E+00
   0.1690E+00
   0.1610E+00
   0.1534E+00
   0.1462E+00
   0.1393E+00
   0.1327E+00
   0.1265E+00
   0.1205E+00
   0.1148E+00
   0.1094E+00
   0.1042E+00
   0.9933E-01
   0.9464E-01
   0.9017E-01
   0.8592E-01
   0.8187E-01
   0.7800E-01
   0.7432E-01
   0.7081E-01
   0.6747E-01
   0.6429E-01
   0.6125E-01
   0.5836E-01
   0.5561E-01
   0.5298E-01
   0.5048E-01
   0.4810E-01
   0.4583E-01
   0.4367E-01
   0.4160E-01
   0.3964E-01
   0.1819E+00
   0.1734E+00
   0.1652E+00
   0.1574E+00
   0.1500E+00
   0.1429E+00
   0.1362E+00
   0.1297E+00
   0.1236E+00
   0.1178E+00
   0.1122E+00
   0.1069E+00
   0.1019E+00
   0.9707E-01
   0.9249E-01
   0.8813E-01
   0.8397E-01
   0.8001E-01
   0.7623E-01
   0.7263E-01
   0.6921E-01
   0.6594E-01
   0.6283E-01
   0.5986E-01
   0.5704E-01
   0.5435E-01
   0.5178E-01
   0.4934E-01
   0.4701E-01
   0.4479E-01
   0.4267E-01
   0.4066E-01
   0.1861E+00
   0.1773E+00
   0.1689E+00
   0.1610E+00
   0.1534E+00
   0.1461E+00
   0.1392E+00
   0.1327E+00
   0.1264E+00
   0.1205E+00
   0.1148E+00
   0.1094E+00
   0.1042E+00
   0.9928E-01
   0.9459E-01
   0.9013E-01
   0.8588E-01
   0.8182E-01
   0.7796E-01
   0.7428E-01
   0.7078E-01
   0.6744E-01
   0.6426E-01
   0.6122E-01
   0.5833E-01
   0.5558E-01
   0.5296E-01
   0.5046E-01
   0.4808E-01
   0.4581E-01
   0.4364E-01
   0.4158E-01
   0.1898E+00
   0.1808E+00
   0.1723E+00
   0.1642E+00
   0.1564E+00
   0.1490E+00
   0.1420E+00
   0.1353E+00
   0.1289E+00
   0.1228E+00
   0.1170E+00
   0.1115E+00
   0.1063E+00
   0.1013E+00
   0.9647E-01
   0.9192E-01
   0.8758E-01
   0.8345E-01
   0.7951E-01
   0.7576E-01
   0.7219E-01
   0.6878E-01
   0.6553E-01
   0.6244E-01
   0.5949E-01
   0.5669E-01
   0.5401E-01
   0.5146E-01
   0.4903E-01
   0.4672E-01
   0.4451E-01
   0.4241E-01
   0.1930E+00
   0.1839E+00
   0.1753E+00
   0.1670E+00
   0.1591E+00
   0.1516E+00
   0.1444E+00
   0.1376E+00
   0.1311E+00
   0.1250E+00
   0.1191E+00
   0.1134E+00
   0.1081E+00
   0.1030E+00
   0.9813E-01
   0.9350E-01
   0.8909E-01
   0.8488E-01
   0.8088E-01
   0.7706E-01
   0.7342E-01
   0.6996E-01
   0.6666E-01
   0.6351E-01
   0.6051E-01
   0.5766E-01
   0.5494E-01
   0.5234E-01
   0.4987E-01
   0.4752E-01
   0.4527E-01
   0.4314E-01
   0.1958E+00
   0.1866E+00
   0.1778E+00
   0.1694E+00
   0.1614E+00
   0.1538E+00
   0.1465E+00
   0.1396E+00
   0.1330E+00
   0.1268E+00
   0.1208E+00
   0.1151E+00
   0.1097E+00
   0.1045E+00
   0.9955E-01
   0.9486E-01
   0.9038E-01
   0.8612E-01
   0.8205E-01
   0.7818E-01
   0.7449E-01
   0.7098E-01
   0.6763E-01
   0.6443E-01
   0.6139E-01
   0.5850E-01
   0.5573E-01
   0.5310E-01
   0.5060E-01
   0.4821E-01
   0.4593E-01
   0.4376E-01
   0.1982E+00
   0.1888E+00
   0.1799E+00
   0.1714E+00
   0.1634E+00
   0.1556E+00
   0.1483E+00
   0.1413E+00
   0.1346E+00
   0.1283E+00
   0.1222E+00
   0.1165E+00
   0.1110E+00
   0.1057E+00
   0.1007E+00
   0.9599E-01
   0.9146E-01
   0.8715E-01
   0.8304E-01
   0.7912E-01
   0.7538E-01
   0.7183E-01
   0.6844E-01
   0.6521E-01
   0.6213E-01
   0.5920E-01
   0.5640E-01
   0.5374E-01
   0.5120E-01
   0.4879E-01
   0.4648E-01
   0.4429E-01
   0.2001E+00
   0.1906E+00
   0.1816E+00
   0.1731E+00
   0.1649E+00
   0.1571E+00
   0.1497E+00
   0.1427E+00
   0.1359E+00
   0.1295E+00
   0.1234E+00
   0.1176E+00
   0.1120E+00
   0.1067E+00
   0.1017E+00
   0.9691E-01
   0.9233E-01
   0.8798E-01
   0.8383E-01
   0.7987E-01
   0.7610E-01
   0.7251E-01
   0.6909E-01
   0.6583E-01
   0.6272E-01
   0.5976E-01
   0.5694E-01
   0.5425E-01
   0.5169E-01
   0.4925E-01
   0.4692E-01
   0.4471E-01
   0.2015E+00
   0.1920E+00
   0.1829E+00
   0.1743E+00
   0.1661E+00
   0.1582E+00
   0.1508E+00
   0.1437E+00
   0.1369E+00
   0.1304E+00
   0.1243E+00
   0.1184E+00
   0.1128E+00
   0.1075E+00
   0.1024E+00
   0.9759E-01
   0.9299E-01
   0.8860E-01
   0.8442E-01
   0.8044E-01
   0.7664E-01
   0.7302E-01
   0.6958E-01
   0.6629E-01
   0.6316E-01
   0.6018E-01
   0.5734E-01
   0.5464E-01
   0.5206E-01
   0.4960E-01
   0.4726E-01
   0.4503E-01
   0.2024E+00
   0.1929E+00
   0.1838E+00
   0.1751E+00
   0.1669E+00
   0.1590E+00
   0.1515E+00
   0.1443E+00
   0.1375E+00
   0.1310E+00
   0.1249E+00
   0.1190E+00
   0.1134E+00
   0.1080E+00
   0.1029E+00
   0.9805E-01
   0.9342E-01
   0.8902E-01
   0.8482E-01
   0.8081E-01
   0.7700E-01
   0.7337E-01
   0.6990E-01
   0.6660E-01
   0.6346E-01
   0.6047E-01
   0.5761E-01
   0.5489E-01
   0.5230E-01
   0.4983E-01
   0.4748E-01
   0.4524E-01
   0.2029E+00
   0.1933E+00
   0.1842E+00
   0.1755E+00
   0.1672E+00
   0.1594E+00
   0.1518E+00
   0.1447E+00
   0.1378E+00
   0.1313E+00
   0.1251E+00
   0.1192E+00
   0.1136E+00
   0.1083E+00
   0.1031E+00
   0.9828E-01
   0.9364E-01
   0.8922E-01
   0.8501E-01
   0.8100E-01
   0.7718E-01
   0.7354E-01
   0.7007E-01
   0.6676E-01
   0.6361E-01
   0.6061E-01
   0.5775E-01
   0.5502E-01
   0.5242E-01
   0.4995E-01
   0.4759E-01
   0.4534E-01
   0.2029E+00
   0.1933E+00
   0.1842E+00
   0.1755E+00
   0.1672E+00
   0.1594E+00
   0.1518E+00
   0.1447E+00
   0.1378E+00
   0.1313E+00
   0.1251E+00
   0.1192E+00
   0.1136E+00
   0.1083E+00
   0.1031E+00
   0.9828E-01
   0.9364E-01
   0.8922E-01
   0.8501E-01
   0.8100E-01
   0.7718E-01
   0.7354E-01
   0.7007E-01
   0.6676E-01
   0.6361E-01
   0.6061E-01
   0.5775E-01
   0.5502E-01
   0.5242E-01
   0.4995E-01
   0.4759E-01
   0.4534E-01
   0.2024E+00
   0.1929E+00
   0.1838E+00
   0.1751E+00
   0.1669E+00
   0.1590E+00
   0.1515E+00
   0.1443E+00
   0.1375E+00
   0.1310E+00
   0.1249E+00
   0.1190E+00
   0.1134E+00
   0.1080E+00
   0.1029E+00
   0.9805E-01
   0.9342E-01
   0.8902E-01
   0.8482E-01
   0.8081E-01
   0.7700E-01
   0.7337E-01
   0.6990E-01
   0.6660E-01
   0.6346E-01
   0.6047E-01
   0.5761E-01
   0.5489E-01
   0.5230E-01
   0.4983E-01
   0.4748E-01
   0.4524E-01
   0.2015E+00
   0.1920E+00
   0.1829E+00
   0.1743E+00
   0.1661E+00
   0.1582E+00
   0.1508E+00
   0.1437E+00
   0.1369E+00
   0.1304E+00
   0.1243E+00
   0.1184E+00
   0.1128E+00
   0.1075E+00
   0.1024E+00
   0.9759E-01
   0.9299E-01
   0.8860E-01
   0.8442E-01
   0.8044E-01
   0.7664E-01
   0.7302E-01
   0.6958E-01
   0.6629E-01
   0.6316E-01
   0.6018E-01
   0.5734E-01
   0.5464E-01
   0.5206E-01
   0.4960E-01
   0.4726E-01
   0.4503E-01
   0.2001E+00
   0.1906E+00
   0.1816E+00
   0.1731E+00
   0.1649E+00
   0.1571E+00
   0.1497E+00
   0.1427E+00
   0.1359E+00
   0.1295E+00
   0.1234E+00
   0.1176E+00
   0.1120E+00
   0.1067E+00
   0.1017E+00
   0.9691E-01
   0.9233E-01
   0.8798E-01
   0.8383E-01
   0.7987E-01
   0.7610E-01
   0.7251E-01
   0.6909E-01
   0.6583E-01
   0.6272E-01
   0.5976E-01
   0.5694E-01
   0.5425E-01
   0.5169E-01
   0.4925E-01
   0.4692E-01
   0.4471E-01
   0.1982E+00
   0.1888E+00
   0.1799E+00
   0.1714E+00
   0.1634E+00
   0.1556E+00
   0.1483E+00
   0.1413E+00
   0.1346E+00
   0.1283E+00
   0.1222E+00
   0.1165E+00
   0.1110E+00
   0.1057E+00
   0.1007E+00
   0.9599E-01
   0.9146E-01
   0.8715E-01
   0.8304E-01
   0.7912E-01
   0.7538E-01
   0.7183E-01
   0.6844E-01
   0.6521E-01
   0.6213E-01
   0.5920E-01
   0.5640E-01
   0.5374E-01
   0.5120E-01
   0.4879E-01
   0.4648E-01
   0.4429E-01
   0.1958E+00
   0.1866E+00
   0.1778E+00
   0.1694E+00
   0.1614E+00
   0.1538E+00
   0.1465E+00
   0.1396E+00
   0.1330E+00
   0.1268E+00
   0.1208E+00
   0.1151E+00
   0.1097E+00
   0.1045E+00
   0.9955E-01
   0.9486E-01
   0.9038E-01
   0.8612E-01
   0.8205E-01
   0.7818E-01
   0.7449E-01
   0.7098E-01
   0.6763E-01
   0.6443E-01
   0.6139E-01
   0.5850E-01
   0.5573E-01
   0.5310E-01
   0.5060E-01
   0.4821E-01
   0.4593E-01
   0.4376E-01
   0.1930E+00
   0.1839E+00
   0.1753E+00
   0.1670E+00
   0.1591E+00
   0.1516E+00
   0.1444E+00
   0.1376E+00
   0.1311E+00
   0.1250E+00
   0.1191E+00
   0.1134E+00
   0.1081E+00
   0.1030E+00
   0.9813E-01
   0.9350E-01
   0.8909E-01
   0.8488E-01
   0.8088E-01
   0.7706E-01
   0.7342E-01
   0.6996E-01
   0.6666E-01
   0.6351E-01
   0.6051E-01
   0.5766E-01
   0.5494E-01
   0.5234E-01
   0.4987E-01
   0.4752E-01
   0.4527E-01
   0.4314E-01
   0.1898E+00
   0.1808E+00
   0.1723E+00
   0.1642E+00
   0.1564E+00
   0.1490E+00
   0.1420E+00
   0.1353E+00
   0.1289E+00
   0.1228E+00
   0.1170E+00
   0.1115E+00
   0.1063E+00
   0.1013E+00
   0.9647E-01
   0.9192E-01
   0.8758E-01
   0.8345E-01
   0.7951E-01
   0.7576E-01
   0.7219E-01
   0.6878E-01
   0.6553E-01
   0.6244E-01
   0.5949E-01
   0.5669E-01
   0.5401E-01
   0.5146E-01
   0.4903E-01
   0.4672E-01
   0.4451E-01
   0.4241E-01
   0.1861E+00
   0.1773E+00
   0.1689E+00
   0.1610E+00
   0.1534E+00
   0.1461E+00
   0.1392E+00
   0.1327E+00
   0.1264E+00
   0.1205E+00
   0.1148E+00
   0.1094E+00
   0.1042E+00
   0.9928E-01
   0.9459E-01
   0.9013E-01
   0.8588E-01
   0.8182E-01
   0.7796E-01
   0.7428E-01
   0.7078E-01
   0.6744E-01
   0.6426E-01
   0.6122E-01
   0.5833E-01
   0.5558E-01
   0.5296E-01
   0.5046E-01
   0.4808E-01
   0.4581E-01
   0.4364E-01
   0.4158E-01
   0.1819E+00
   0.1734E+00
   0.1652E+00
   0.1574E+00
   0.1500E+00
   0.1429E+00
   0.1362E+00
   0.1297E+00
   0.1236E+00
   0.1178E+00
   0.1122E+00
   0.1069E+00
   0.1019E+00
   0.9707E-01
   0.9249E-01
   0.8813E-01
   0.8397E-01
   0.8001E-01
   0.7623E-01
   0.7263E-01
   0.6921E-01
   0.6594E-01
   0.6283E-01
   0.5986E-01
   0.5704E-01
   0.5435E-01
   0.5178E-01
   0.4934E-01
   0.4701E-01
   0.4479E-01
   0.4267E-01
   0.4066E-01
   0.1774E+00
   0.1690E+00
   0.1610E+00
   0.1534E+00
   0.1462E+00
   0.1393E+00
   0.1327E+00
   0.1265E+00
   0.1205E+00
   0.1148E+00
   0.1094E+00
   0.1042E+00
   0.9933E-01
   0.9464E-01
   0.9017E-01
   0.8592E-01
   0.8187E-01
   0.7800E-01
   0.7432E-01
   0.7081E-01
   0.6747E-01
   0.6429E-01
   0.6125E-01
   0.5836E-01
   0.5561E-01
   0.5298E-01
   0.5048E-01
   0.4810E-01
   0.4583E-01
   0.4367E-01
   0.4160E-01
   0.3964E-01
   0.1724E+00
   0.1643E+00
   0.1565E+00
   0.1491E+00
   0.1421E+00
   0.1354E+00
   0.1290E+00
   0.1229E+00
   0.1171E+00
   0.1116E+00
   0.1063E+00
   0.1013E+00
   0.9654E-01
   0.9199E-01
   0.8765E-01
   0.8351E-01
   0.7957E-01
   0.7582E-01
   0.7224E-01
   0.6883E-01
   0.6558E-01
   0.6249E-01
   0.5954E-01
   0.5673E-01
   0.5405E-01
   0.5150E-01
   0.4907E-01
   0.4675E-01
   0.4454E-01
   0.4244E-01
   0.4044E-01
   0.3853E-01
   0.1670E+00
   0.1592E+00
   0.1517E+00
   0.1445E+00
   0.1377E+00
   0.1312E+00
   0.1250E+00
   0.1191E+00
   0.1135E+00
   0.1081E+00
   0.1030E+00
   0.9816E-01
   0.9353E-01
   0.8912E-01
   0.8491E-01
   0.8091E-01
   0.7709E-01
   0.7345E-01
   0.6999E-01
   0.6668E-01
   0.6354E-01
   0.6054E-01
   0.5768E-01
   0.5496E-01
   0.5237E-01
   0.4989E-01
   0.4754E-01
   0.4529E-01
   0.4316E-01
   0.4112E-01
   0.3918E-01
   0.3733E-01
   0.1613E+00
   0.1537E+00
   0.1464E+00
   0.1395E+00
   0.1329E+00
   0.1267E+00
   0.1207E+00
   0.1150E+00
   0.1096E+00
   0.1044E+00
   0.9947E-01
   0.9478E-01
   0.9030E-01
   0.8604E-01
   0.8198E-01
   0.7811E-01
   0.7443E-01
   0.7092E-01
   0.6757E-01
   0.6438E-01
   0.6134E-01
   0.5845E-01
   0.5569E-01
   0.5306E-01
   0.5056E-01
   0.4817E-01
   0.4590E-01
   0.4373E-01
   0.4167E-01
   0.3970E-01
   0.3782E-01
   0.3604E-01
   0.1551E+00
   0.1478E+00
   0.1408E+00
   0.1342E+00
   0.1279E+00
   0.1218E+00
   0.1161E+00
   0.1106E+00
   0.1054E+00
   0.1004E+00
   0.9568E-01
   0.9117E-01
   0.8686E-01
   0.8277E-01
   0.7886E-01
   0.7514E-01
   0.7159E-01
   0.6822E-01
   0.6500E-01
   0.6193E-01
   0.5901E-01
   0.5622E-01
   0.5357E-01
   0.5104E-01
   0.4863E-01
   0.4634E-01
   0.4415E-01
   0.4207E-01
   0.4008E-01
   0.3819E-01
   0.3638E-01
   0.3467E-01
   0.1486E+00
   0.1416E+00
   0.1349E+00
   0.1286E+00
   0.1225E+00
   0.1167E+00
   0.1112E+00
   0.1060E+00
   0.1010E+00
   0.9621E-01
   0.9167E-01
   0.8734E-01
   0.8322E-01
   0.7930E-01
   0.7555E-01
   0.7199E-01
   0.6859E-01
   0.6536E-01
   0.6227E-01
   0.5933E-01
   0.5653E-01
   0.5387E-01
   0.5132E-01
   0.4890E-01
   0.4659E-01
   0.4439E-01
   0.4230E-01
   0.4030E-01
   0.3840E-01
   0.3659E-01
   0.3486E-01
   0.3321E-01
   0.1418E+00
   0.1351E+00
   0.1287E+00
   0.1226E+00
   0.1169E+00
   0.1113E+00
   0.1061E+00
   0.1011E+00
   0.9632E-01
   0.9177E-01
   0.8744E-01
   0.8332E-01
   0.7939E-01
   0.7564E-01
   0.7207E-01
   0.6867E-01
   0.6543E-01
   0.6234E-01
   0.5940E-01
   0.5660E-01
   0.5393E-01
   0.5138E-01
   0.4896E-01
   0.4665E-01
   0.4445E-01
   0.4235E-01
   0.4035E-01
   0.3844E-01
   0.3663E-01
   0.3490E-01
   0.3325E-01
   0.3168E-01
   0.1346E+00
   0.1282E+00
   0.1222E+00
   0.1164E+00
   0.1109E+00
   0.1057E+00
   0.1007E+00
   0.9596E-01
   0.9144E-01
   0.8712E-01
   0.8301E-01
   0.7910E-01
   0.7536E-01
   0.7181E-01
   0.6842E-01
   0.6519E-01
   0.6212E-01
   0.5918E-01
   0.5639E-01
   0.5373E-01
   0.5119E-01
   0.4878E-01
   0.4648E-01
   0.4428E-01
   0.4219E-01
   0.4020E-01
   0.3830E-01
   0.3650E-01
   0.3477E-01
   0.3313E-01
   0.3157E-01
   0.3008E-01
   0.1271E+00
   0.1211E+00
   0.1154E+00
   0.1099E+00
   0.1048E+00
   0.9982E-01
   0.9511E-01
   0.9062E-01
   0.8634E-01
   0.8227E-01
   0.7839E-01
   0.7469E-01
   0.7117E-01
   0.6781E-01
   0.6461E-01
   0.6156E-01
   0.5866E-01
   0.5589E-01
   0.5325E-01
   0.5074E-01
   0.4834E-01
   0.4606E-01
   0.4389E-01
   0.4182E-01
   0.3984E-01
   0.3796E-01
   0.3617E-01
   0.3446E-01
   0.3284E-01
   0.3129E-01
   0.2981E-01
   0.2840E-01
   0.1193E+00
   0.1137E+00
   0.1083E+00
   0.1032E+00
   0.9833E-01
   0.9369E-01
   0.8927E-01
   0.8506E-01
   0.8105E-01
   0.7722E-01
   0.7358E-01
   0.7011E-01
   0.6680E-01
   0.6365E-01
   0.6065E-01
   0.5779E-01
   0.5506E-01
   0.5246E-01
   0.4998E-01
   0.4763E-01
   0.4538E-01
   0.4324E-01
   0.4120E-01
   0.3925E-01
   0.3740E-01
   0.3563E-01
   0.3395E-01
   0.3235E-01
   0.3082E-01
   0.2937E-01
   0.2798E-01
   0.2666E-01
   0.1112E+00
   0.1060E+00
   0.1010E+00
   0.9622E-01
   0.9168E-01
   0.8735E-01
   0.8323E-01
   0.7931E-01
   0.7556E-01
   0.7200E-01
   0.6860E-01
   0.6537E-01
   0.6228E-01
   0.5934E-01
   0.5654E-01
   0.5387E-01
   0.5133E-01
   0.4891E-01
   0.4660E-01
   0.4440E-01
   0.4231E-01
   0.4031E-01
   0.3841E-01
   0.3660E-01
   0.3487E-01
   0.3322E-01
   0.3166E-01
   0.3016E-01
   0.2874E-01
   0.2738E-01
   0.2609E-01
   0.2486E-01
   0.1029E+00
   0.9804E-01
   0.9342E-01
   0.8901E-01
   0.8481E-01
   0.8081E-01
   0.7700E-01
   0.7337E-01
   0.6990E-01
   0.6661E-01
   0.6346E-01
   0.6047E-01
   0.5762E-01
   0.5490E-01
   0.5231E-01
   0.4984E-01
   0.4749E-01
   0.4525E-01
   0.4311E-01
   0.4108E-01
   0.3914E-01
   0.3729E-01
   0.3553E-01
   0.3385E-01
   0.3226E-01
   0.3073E-01
   0.2928E-01
   0.2790E-01
   0.2658E-01
   0.2533E-01
   0.2413E-01
   0.2299E-01
   0.9433E-01
   0.8988E-01
   0.8564E-01
   0.8160E-01
   0.7775E-01
   0.7408E-01
   0.7058E-01
   0.6725E-01
   0.6408E-01
   0.6106E-01
   0.5818E-01
   0.5543E-01
   0.5282E-01
   0.5032E-01
   0.4795E-01
   0.4569E-01
   0.4353E-01
   0.4148E-01
   0.3952E-01
   0.3765E-01
   0.3588E-01
   0.3418E-01
   0.3257E-01
   0.3103E-01
   0.2957E-01
   0.2817E-01
   0.2684E-01
   0.2558E-01
   0.2437E-01
   0.2322E-01
   0.2212E-01
   0.2108E-01
   0.8553E-01
   0.8150E-01
   0.7765E-01
   0.7399E-01
   0.7050E-01
   0.6717E-01
   0.6400E-01
   0.6098E-01
   0.5811E-01
   0.5536E-01
   0.5275E-01
   0.5026E-01
   0.4789E-01
   0.4563E-01
   0.4348E-01
   0.4143E-01
   0.3947E-01
   0.3761E-01
   0.3584E-01
   0.3414E-01
   0.3253E-01
   0.3100E-01
   0.2954E-01
   0.2814E-01
   0.2681E-01
   0.2555E-01
   0.2434E-01
   0.2319E-01
   0.2210E-01
   0.2105E-01
   0.2006E-01
   0.1911E-01
   0.7654E-01
   0.7293E-01
   0.6949E-01
   0.6621E-01
   0.6309E-01
   0.6011E-01
   0.5727E-01
   0.5457E-01
   0.5200E-01
   0.4954E-01
   0.4721E-01
   0.4498E-01
   0.4286E-01
   0.4083E-01
   0.3891E-01
   0.3707E-01
   0.3532E-01
   0.3366E-01
   0.3207E-01
   0.3055E-01
   0.2911E-01
   0.2774E-01
   0.2643E-01
   0.2518E-01
   0.2399E-01
   0.2286E-01
   0.2178E-01
   0.2075E-01
   0.1977E-01
   0.1884E-01
   0.1795E-01
   0.1710E-01
   0.6737E-01
   0.6419E-01
   0.6116E-01
   0.5828E-01
   0.5553E-01
   0.5291E-01
   0.5041E-01
   0.4803E-01
   0.4577E-01
   0.4361E-01
   0.4155E-01
   0.3959E-01
   0.3772E-01
   0.3594E-01
   0.3425E-01
   0.3263E-01
   0.3109E-01
   0.2962E-01
   0.2823E-01
   0.2689E-01
   0.2562E-01
   0.2441E-01
   0.2326E-01
   0.2216E-01
   0.2112E-01
   0.2012E-01
   0.1917E-01
   0.1827E-01
   0.1740E-01
   0.1658E-01
   0.1580E-01
   0.1505E-01
   0.5804E-01
   0.5530E-01
   0.5269E-01
   0.5021E-01
   0.4784E-01
   0.4558E-01
   0.4343E-01
   0.4138E-01
   0.3943E-01
   0.3757E-01
   0.3580E-01
   0.3411E-01
   0.3250E-01
   0.3096E-01
   0.2950E-01
   0.2811E-01
   0.2678E-01
   0.2552E-01
   0.2432E-01
   0.2317E-01
   0.2208E-01
   0.2103E-01
   0.2004E-01
   0.1910E-01
   0.1819E-01
   0.1734E-01
   0.1652E-01
   0.1574E-01
   0.1499E-01
   0.1429E-01
   0.1361E-01
   0.1297E-01
   0.4857E-01
   0.4628E-01
   0.4410E-01
   0.4202E-01
   0.4004E-01
   0.3815E-01
   0.3635E-01
   0.3463E-01
   0.3300E-01
   0.3144E-01
   0.2996E-01
   0.2854E-01
   0.2720E-01
   0.2591E-01
   0.2469E-01
   0.2353E-01
   0.2242E-01
   0.2136E-01
   0.2035E-01
   0.1939E-01
   0.1848E-01
   0.1760E-01
   0.1677E-01
   0.1598E-01
   0.1523E-01
   0.1451E-01
   0.1382E-01
   0.1317E-01
   0.1255E-01
   0.1196E-01
   0.1139E-01
   0.1085E-01
   0.3900E-01
   0.3716E-01
   0.3540E-01
   0.3373E-01
   0.3214E-01
   0.3063E-01
   0.2918E-01
   0.2780E-01
   0.2649E-01
   0.2524E-01
   0.2405E-01
   0.2292E-01
   0.2184E-01
   0.2080E-01
   0.1982E-01
   0.1889E-01
   0.1800E-01
   0.1715E-01
   0.1634E-01
   0.1557E-01
   0.1483E-01
   0.1413E-01
   0.1347E-01
   0.1283E-01
   0.1222E-01
   0.1165E-01
   0.1110E-01
   0.1057E-01
   0.1007E-01
   0.9599E-02
   0.9146E-02
   0.8714E-02
   0.2933E-01
   0.2794E-01
   0.2663E-01
   0.2537E-01
   0.2417E-01
   0.2303E-01
   0.2195E-01
   0.2091E-01
   0.1992E-01
   0.1898E-01
   0.1809E-01
   0.1723E-01
   0.1642E-01
   0.1565E-01
   0.1491E-01
   0.1420E-01
   0.1353E-01
   0.1290E-01
   0.1229E-01
   0.1171E-01
   0.1115E-01
   0.1063E-01
   0.1013E-01
   0.9649E-02
   0.9194E-02
   0.8760E-02
   0.8346E-02
   0.7952E-02
   0.7577E-02
   0.7219E-02
   0.6878E-02
   0.6553E-02
   0.1959E-01
   0.1867E-01
   0.1778E-01
   0.1695E-01
   0.1615E-01
   0.1538E-01
   0.1466E-01
   0.1397E-01
   0.1331E-01
   0.1268E-01
   0.1208E-01
   0.1151E-01
   0.1097E-01
   0.1045E-01
   0.9958E-02
   0.9488E-02
   0.9041E-02
   0.8614E-02
   0.8207E-02
   0.7820E-02
   0.7451E-02
   0.7100E-02
   0.6764E-02
   0.6445E-02
   0.6141E-02
   0.5851E-02
   0.5575E-02
   0.5312E-02
   0.5061E-02
   0.4822E-02
   0.4594E-02
   0.4377E-02
   0.9806E-02
   0.9344E-02
   0.8903E-02
   0.8483E-02
   0.8083E-02
   0.7701E-02
   0.7338E-02
   0.6992E-02
   0.6662E-02
   0.6348E-02
   0.6048E-02
   0.5763E-02
   0.5491E-02
   0.5232E-02
   0.4985E-02
   0.4750E-02
   0.4526E-02
   0.4312E-02
   0.4109E-02
   0.3915E-02
   0.3730E-02
   0.3554E-02
   0.3386E-02
   0.3226E-02
   0.3074E-02
   0.2929E-02
   0.2791E-02
   0.2659E-02
   0.2533E-02
   0.2414E-02
   0.2300E-02
   0.2191E-02
