   0.0000E+00
   0.4831E-01
   0.9651E-01
   0.1445E+00
   0.1921E+00
   0.2393E+00
   0.2859E+00
   0.3319E+00
   0.3771E+00
   0.4214E+00
   0.4647E+00
   0.5070E+00
   0.5480E+00
   0.5878E+00
   0.6262E+00
   0.6631E+00
   0.6985E+00
   0.7323E+00
   0.7643E+00
   0.7946E+00
   0.8230E+00
   0.8495E+00
   0.8740E+00
   0.8964E+00
   0.9168E+00
   0.9350E+00
   0.9511E+00
   0.9649E+00
   0.9764E+00
   0.9857E+00
   0.9927E+00
   0.9974E+00
   0.9997E+00
   0.9997E+00
   0.9974E+00
   0.9927E+00
   0.9857E+00
   0.9764E+00
   0.9649E+00
   0.9511E+00
   0.9350E+00
   0.9168E+00
   0.8964E+00
   0.8740E+00
   0.8495E+00
   0.8230E+00
   0.7946E+00
   0.7643E+00
   0.7323E+00
   0.6985E+00
   0.6631E+00
   0.6262E+00
   0.5878E+00
   0.5480E+00
   0.5070E+00
   0.4647E+00
   0.4214E+00
   0.3771E+00
   0.3319E+00
   0.2859E+00
   0.2393E+00
   0.1921E+00
   0.1445E+00
   0.9651E-01
   0.4831E-01
  -0.8742E-07
   0.0000E+00
   0.4603E-01
   0.9196E-01
   0.1377E+00
   0.1831E+00
   0.2280E+00
   0.2725E+00
   0.3162E+00
   0.3593E+00
   0.4015E+00
   0.4428E+00
   0.4830E+00
   0.5222E+00
   0.5600E+00
   0.5966E+00
   0.6318E+00
   0.6655E+00
   0.6977E+00
   0.7282E+00
   0.7571E+00
   0.7841E+00
   0.8094E+00
   0.8327E+00
   0.8541E+00
   0.8735E+00
   0.8909E+00
   0.9062E+00
   0.9193E+00
   0.9304E+00
   0.9392E+00
   0.9459E+00
   0.9503E+00
   0.9525E+00
   0.9525E+00
   0.9503E+00
   0.9459E+00
   0.9392E+00
   0.9304E+00
   0.9193E+00
   0.9062E+00
   0.8909E+00
   0.8735E+00
   0.8541E+00
   0.8327E+00
   0.8094E+00
   0.7841E+00
   0.7571E+00
   0.7282E+00
   0.6977E+00
   0.6655E+00
   0.6318E+00
   0.5966E+00
   0.5600E+00
   0.5222E+00
   0.4830E+00
   0.4428E+00
   0.4015E+00
   0.3593E+00
   0.3162E+00
   0.2725E+00
   0.2280E+00
   0.1831E+00
   0.1377E+00
   0.9196E-01
   0.4603E-01
   0.0000E+00
   0.0000E+00
   0.4386E-01
   0.8762E-01
   0.1312E+00
   0.1744E+00
   0.2173E+00
   0.2596E+00
   0.3013E+00
   0.3423E+00
   0.3826E+00
   0.4219E+00
   0.4602E+00
   0.4975E+00
   0.5336E+00
   0.5685E+00
   0.6020E+00
   0.6341E+00
   0.6648E+00
   0.6939E+00
   0.7214E+00
   0.7471E+00
   0.7712E+00
   0.7934E+00
   0.8138E+00
   0.8323E+00
   0.8489E+00
   0.8634E+00
   0.8760E+00
   0.8865E+00
   0.8949E+00
   0.9012E+00
   0.9055E+00
   0.9076E+00
   0.9076E+00
   0.9055E+00
   0.9012E+00
   0.8949E+00
   0.8865E+00
   0.8760E+00
   0.8634E+00
   0.8489E+00
   0.8323E+00
   0.8138E+00
   0.7934E+00
   0.7712E+00
   0.7471E+00
   0.7214E+00
   0.6939E+00
   0.6648E+00
   0.6341E+00
   0.6020E+00
   0.5685E+00
   0.5336E+00
   0.4975E+00
   0.4602E+00
   0.4219E+00
   0.3826E+00
   0.3423E+00
   0.3013E+00
   0.2596E+00
   0.2173E+00
   0.1744E+00
   0.1312E+00
   0.8762E-01
   0.4386E-01
   0.0000E+00
   0.0000E+00
   0.4179E-01
   0.8349E-01
   0.1250E+00
   0.1662E+00
   0.2070E+00
   0.2473E+00
   0.2871E+00
   0.3262E+00
   0.3645E+00
   0.4020E+00
   0.4385E+00
   0.4740E+00
   0.5084E+00
   0.5417E+00
   0.5736E+00
   0.6042E+00
   0.6334E+00
   0.6611E+00
   0.6873E+00
   0.7119E+00
   0.7348E+00
   0.7560E+00
   0.7754E+00
   0.7930E+00
   0.8088E+00
   0.8227E+00
   0.8346E+00
   0.8446E+00
   0.8527E+00
   0.8587E+00
   0.8627E+00
   0.8648E+00
   0.8648E+00
   0.8627E+00
   0.8587E+00
   0.8527E+00
   0.8446E+00
   0.8346E+00
   0.8227E+00
   0.8088E+00
   0.7930E+00
   0.7754E+00
   0.7560E+00
   0.7348E+00
   0.7119E+00
   0.6873E+00
   0.6611E+00
   0.6334E+00
   0.6042E+00
   0.5736E+00
   0.5417E+00
   0.5084E+00
   0.4740E+00
   0.4385E+00
   0.4020E+00
   0.3645E+00
   0.3262E+00
   0.2871E+00
   0.2473E+00
   0.2070E+00
   0.1662E+00
   0.1250E+00
   0.8349E-01
   0.4179E-01
   0.0000E+00
   0.0000E+00
   0.3982E-01
   0.7955E-01
   0.1191E+00
   0.1583E+00
   0.1972E+00
   0.2357E+00
   0.2736E+00
   0.3108E+00
   0.3473E+00
   0.3830E+00
   0.4178E+00
   0.4517E+00
   0.4844E+00
   0.5161E+00
   0.5465E+00
   0.5757E+00
   0.6035E+00
   0.6299E+00
   0.6549E+00
   0.6783E+00
   0.7001E+00
   0.7203E+00
   0.7388E+00
   0.7556E+00
   0.7706E+00
   0.7838E+00
   0.7952E+00
   0.8048E+00
   0.8124E+00
   0.8182E+00
   0.8220E+00
   0.8239E+00
   0.8239E+00
   0.8220E+00
   0.8182E+00
   0.8124E+00
   0.8048E+00
   0.7952E+00
   0.7838E+00
   0.7706E+00
   0.7556E+00
   0.7388E+00
   0.7203E+00
   0.7001E+00
   0.6783E+00
   0.6549E+00
   0.6299E+00
   0.6035E+00
   0.5757E+00
   0.5465E+00
   0.5161E+00
   0.4844E+00
   0.4517E+00
   0.4178E+00
   0.3830E+00
   0.3473E+00
   0.3108E+00
   0.2736E+00
   0.2357E+00
   0.1972E+00
   0.1583E+00
   0.1191E+00
   0.7955E-01
   0.3982E-01
   0.0000E+00
   0.0000E+00
   0.3794E-01
   0.7579E-01
   0.1135E+00
   0.1509E+00
   0.1879E+00
   0.2245E+00
   0.2606E+00
   0.2961E+00
   0.3309E+00
   0.3649E+00
   0.3981E+00
   0.4303E+00
   0.4616E+00
   0.4917E+00
   0.5207E+00
   0.5485E+00
   0.5750E+00
   0.6002E+00
   0.6240E+00
   0.6463E+00
   0.6671E+00
   0.6863E+00
   0.7040E+00
   0.7199E+00
   0.7343E+00
   0.7469E+00
   0.7577E+00
   0.7668E+00
   0.7741E+00
   0.7796E+00
   0.7832E+00
   0.7851E+00
   0.7851E+00
   0.7832E+00
   0.7796E+00
   0.7741E+00
   0.7668E+00
   0.7577E+00
   0.7469E+00
   0.7343E+00
   0.7199E+00
   0.7040E+00
   0.6863E+00
   0.6671E+00
   0.6463E+00
   0.6240E+00
   0.6002E+00
   0.5750E+00
   0.5485E+00
   0.5207E+00
   0.4917E+00
   0.4616E+00
   0.4303E+00
   0.3981E+00
   0.3649E+00
   0.3309E+00
   0.2961E+00
   0.2606E+00
   0.2245E+00
   0.1879E+00
   0.1509E+00
   0.1135E+00
   0.7579E-01
   0.3794E-01
   0.0000E+00
   0.0000E+00
   0.3615E-01
   0.7221E-01
   0.1081E+00
   0.1438E+00
   0.1791E+00
   0.2140E+00
   0.2483E+00
   0.2822E+00
   0.3153E+00
   0.3477E+00
   0.3793E+00
   0.4100E+00
   0.4398E+00
   0.4685E+00
   0.4962E+00
   0.5226E+00
   0.5479E+00
   0.5719E+00
   0.5945E+00
   0.6158E+00
   0.6356E+00
   0.6539E+00
   0.6707E+00
   0.6860E+00
   0.6996E+00
   0.7116E+00
   0.7219E+00
   0.7306E+00
   0.7375E+00
   0.7428E+00
   0.7463E+00
   0.7480E+00
   0.7480E+00
   0.7463E+00
   0.7428E+00
   0.7375E+00
   0.7306E+00
   0.7219E+00
   0.7116E+00
   0.6996E+00
   0.6860E+00
   0.6707E+00
   0.6539E+00
   0.6356E+00
   0.6158E+00
   0.5945E+00
   0.5719E+00
   0.5479E+00
   0.5226E+00
   0.4962E+00
   0.4685E+00
   0.4398E+00
   0.4100E+00
   0.3793E+00
   0.3477E+00
   0.3153E+00
   0.2822E+00
   0.2483E+00
   0.2140E+00
   0.1791E+00
   0.1438E+00
   0.1081E+00
   0.7221E-01
   0.3615E-01
   0.0000E+00
   0.0000E+00
   0.3444E-01
   0.6881E-01
   0.1030E+00
   0.1370E+00
   0.1706E+00
   0.2039E+00
   0.2366E+00
   0.2688E+00
   0.3004E+00
   0.3313E+00
   0.3614E+00
   0.3907E+00
   0.4190E+00
   0.4464E+00
   0.4727E+00
   0.4980E+00
   0.5220E+00
   0.5449E+00
   0.5665E+00
   0.5867E+00
   0.6056E+00
   0.6231E+00
   0.6391E+00
   0.6536E+00
   0.6666E+00
   0.6780E+00
   0.6879E+00
   0.6961E+00
   0.7027E+00
   0.7077E+00
   0.7110E+00
   0.7127E+00
   0.7127E+00
   0.7110E+00
   0.7077E+00
   0.7027E+00
   0.6961E+00
   0.6879E+00
   0.6780E+00
   0.6666E+00
   0.6536E+00
   0.6391E+00
   0.6231E+00
   0.6056E+00
   0.5867E+00
   0.5665E+00
   0.5449E+00
   0.5220E+00
   0.4980E+00
   0.4727E+00
   0.4464E+00
   0.4190E+00
   0.3907E+00
   0.3614E+00
   0.3313E+00
   0.3004E+00
   0.2688E+00
   0.2366E+00
   0.2039E+00
   0.1706E+00
   0.1370E+00
   0.1030E+00
   0.6881E-01
   0.3444E-01
   0.0000E+00
   0.0000E+00
   0.3282E-01
   0.6556E-01
   0.9815E-01
   0.1305E+00
   0.1626E+00
   0.1942E+00
   0.2255E+00
   0.2561E+00
   0.2862E+00
   0.3157E+00
   0.3444E+00
   0.3722E+00
   0.3993E+00
   0.4253E+00
   0.4504E+00
   0.4745E+00
   0.4974E+00
   0.5192E+00
   0.5397E+00
   0.5590E+00
   0.5770E+00
   0.5937E+00
   0.6089E+00
   0.6227E+00
   0.6351E+00
   0.6460E+00
   0.6554E+00
   0.6633E+00
   0.6696E+00
   0.6743E+00
   0.6775E+00
   0.6791E+00
   0.6791E+00
   0.6775E+00
   0.6743E+00
   0.6696E+00
   0.6633E+00
   0.6554E+00
   0.6460E+00
   0.6351E+00
   0.6227E+00
   0.6089E+00
   0.5937E+00
   0.5770E+00
   0.5590E+00
   0.5397E+00
   0.5192E+00
   0.4974E+00
   0.4745E+00
   0.4504E+00
   0.4253E+00
   0.3993E+00
   0.3722E+00
   0.3444E+00
   0.3157E+00
   0.2862E+00
   0.2561E+00
   0.2255E+00
   0.1942E+00
   0.1626E+00
   0.1305E+00
   0.9815E-01
   0.6556E-01
   0.3282E-01
   0.0000E+00
   0.0000E+00
   0.3127E-01
   0.6246E-01
   0.9351E-01
   0.1243E+00
   0.1549E+00
   0.1851E+00
   0.2148E+00
   0.2441E+00
   0.2727E+00
   0.3008E+00
   0.3281E+00
   0.3547E+00
   0.3804E+00
   0.4053E+00
   0.4292E+00
   0.4521E+00
   0.4739E+00
   0.4947E+00
   0.5142E+00
   0.5326E+00
   0.5498E+00
   0.5656E+00
   0.5802E+00
   0.5933E+00
   0.6051E+00
   0.6155E+00
   0.6245E+00
   0.6320E+00
   0.6380E+00
   0.6425E+00
   0.6455E+00
   0.6470E+00
   0.6470E+00
   0.6455E+00
   0.6425E+00
   0.6380E+00
   0.6320E+00
   0.6245E+00
   0.6155E+00
   0.6051E+00
   0.5933E+00
   0.5802E+00
   0.5656E+00
   0.5498E+00
   0.5326E+00
   0.5142E+00
   0.4947E+00
   0.4739E+00
   0.4521E+00
   0.4292E+00
   0.4053E+00
   0.3804E+00
   0.3547E+00
   0.3281E+00
   0.3008E+00
   0.2727E+00
   0.2441E+00
   0.2148E+00
   0.1851E+00
   0.1549E+00
   0.1243E+00
   0.9351E-01
   0.6246E-01
   0.3127E-01
   0.0000E+00
   0.0000E+00
   0.2979E-01
   0.5952E-01
   0.8910E-01
   0.1185E+00
   0.1476E+00
   0.1763E+00
   0.2047E+00
   0.2325E+00
   0.2599E+00
   0.2866E+00
   0.3126E+00
   0.3379E+00
   0.3625E+00
   0.3861E+00
   0.4089E+00
   0.4307E+00
   0.4516E+00
   0.4713E+00
   0.4900E+00
   0.5075E+00
   0.5238E+00
   0.5389E+00
   0.5528E+00
   0.5653E+00
   0.5766E+00
   0.5865E+00
   0.5950E+00
   0.6021E+00
   0.6078E+00
   0.6122E+00
   0.6150E+00
   0.6165E+00
   0.6165E+00
   0.6150E+00
   0.6122E+00
   0.6078E+00
   0.6021E+00
   0.5950E+00
   0.5865E+00
   0.5766E+00
   0.5653E+00
   0.5528E+00
   0.5389E+00
   0.5238E+00
   0.5075E+00
   0.4900E+00
   0.4713E+00
   0.4516E+00
   0.4307E+00
   0.4089E+00
   0.3861E+00
   0.3625E+00
   0.3379E+00
   0.3126E+00
   0.2866E+00
   0.2599E+00
   0.2325E+00
   0.2047E+00
   0.1763E+00
   0.1476E+00
   0.1185E+00
   0.8910E-01
   0.5952E-01
   0.2979E-01
   0.0000E+00
   0.0000E+00
   0.2839E-01
   0.5671E-01
   0.8489E-01
   0.1129E+00
   0.1406E+00
   0.1680E+00
   0.1950E+00
   0.2216E+00
   0.2476E+00
   0.2730E+00
   0.2979E+00
   0.3220E+00
   0.3453E+00
   0.3679E+00
   0.3896E+00
   0.4104E+00
   0.4302E+00
   0.4491E+00
   0.4668E+00
   0.4835E+00
   0.4991E+00
   0.5135E+00
   0.5267E+00
   0.5387E+00
   0.5494E+00
   0.5588E+00
   0.5669E+00
   0.5737E+00
   0.5792E+00
   0.5833E+00
   0.5860E+00
   0.5874E+00
   0.5874E+00
   0.5860E+00
   0.5833E+00
   0.5792E+00
   0.5737E+00
   0.5669E+00
   0.5588E+00
   0.5494E+00
   0.5387E+00
   0.5267E+00
   0.5135E+00
   0.4991E+00
   0.4835E+00
   0.4668E+00
   0.4491E+00
   0.4302E+00
   0.4104E+00
   0.3896E+00
   0.3679E+00
   0.3453E+00
   0.3220E+00
   0.2979E+00
   0.2730E+00
   0.2476E+00
   0.2216E+00
   0.1950E+00
   0.1680E+00
   0.1406E+00
   0.1129E+00
   0.8489E-01
   0.5671E-01
   0.2839E-01
   0.0000E+00
   0.0000E+00
   0.2705E-01
   0.5403E-01
   0.8089E-01
   0.1076E+00
   0.1340E+00
   0.1601E+00
   0.1858E+00
   0.2111E+00
   0.2359E+00
   0.2602E+00
   0.2838E+00
   0.3068E+00
   0.3290E+00
   0.3505E+00
   0.3712E+00
   0.3910E+00
   0.4099E+00
   0.4279E+00
   0.4448E+00
   0.4607E+00
   0.4755E+00
   0.4893E+00
   0.5018E+00
   0.5132E+00
   0.5234E+00
   0.5324E+00
   0.5401E+00
   0.5466E+00
   0.5518E+00
   0.5557E+00
   0.5583E+00
   0.5596E+00
   0.5596E+00
   0.5583E+00
   0.5557E+00
   0.5518E+00
   0.5466E+00
   0.5401E+00
   0.5324E+00
   0.5234E+00
   0.5132E+00
   0.5018E+00
   0.4893E+00
   0.4755E+00
   0.4607E+00
   0.4448E+00
   0.4279E+00
   0.4099E+00
   0.3910E+00
   0.3712E+00
   0.3505E+00
   0.3290E+00
   0.3068E+00
   0.2838E+00
   0.2602E+00
   0.2359E+00
   0.2111E+00
   0.1858E+00
   0.1601E+00
   0.1340E+00
   0.1076E+00
   0.8089E-01
   0.5403E-01
   0.2705E-01
   0.0000E+00
   0.0000E+00
   0.2577E-01
   0.5148E-01
   0.7707E-01
   0.1025E+00
   0.1276E+00
   0.1525E+00
   0.1770E+00
   0.2011E+00
   0.2248E+00
   0.2479E+00
   0.2704E+00
   0.2923E+00
   0.3135E+00
   0.3340E+00
   0.3537E+00
   0.3726E+00
   0.3906E+00
   0.4077E+00
   0.4238E+00
   0.4390E+00
   0.4531E+00
   0.4662E+00
   0.4781E+00
   0.4890E+00
   0.4987E+00
   0.5073E+00
   0.5146E+00
   0.5208E+00
   0.5258E+00
   0.5295E+00
   0.5320E+00
   0.5332E+00
   0.5332E+00
   0.5320E+00
   0.5295E+00
   0.5258E+00
   0.5208E+00
   0.5146E+00
   0.5073E+00
   0.4987E+00
   0.4890E+00
   0.4781E+00
   0.4662E+00
   0.4531E+00
   0.4390E+00
   0.4238E+00
   0.4077E+00
   0.3906E+00
   0.3726E+00
   0.3537E+00
   0.3340E+00
   0.3135E+00
   0.2923E+00
   0.2704E+00
   0.2479E+00
   0.2248E+00
   0.2011E+00
   0.1770E+00
   0.1525E+00
   0.1276E+00
   0.1025E+00
   0.7707E-01
   0.5148E-01
   0.2577E-01
   0.0000E+00
   0.0000E+00
   0.2455E-01
   0.4905E-01
   0.7343E-01
   0.9764E-01
   0.1216E+00
   0.1453E+00
   0.1687E+00
   0.1916E+00
   0.2142E+00
   0.2362E+00
   0.2576E+00
   0.2785E+00
   0.2987E+00
   0.3182E+00
   0.3370E+00
   0.3550E+00
   0.3721E+00
   0.3884E+00
   0.4038E+00
   0.4182E+00
   0.4317E+00
   0.4441E+00
   0.4556E+00
   0.4659E+00
   0.4752E+00
   0.4833E+00
   0.4903E+00
   0.4962E+00
   0.5009E+00
   0.5045E+00
   0.5069E+00
   0.5080E+00
   0.5080E+00
   0.5069E+00
   0.5045E+00
   0.5009E+00
   0.4962E+00
   0.4903E+00
   0.4833E+00
   0.4752E+00
   0.4659E+00
   0.4556E+00
   0.4441E+00
   0.4317E+00
   0.4182E+00
   0.4038E+00
   0.3884E+00
   0.3721E+00
   0.3550E+00
   0.3370E+00
   0.3182E+00
   0.2987E+00
   0.2785E+00
   0.2576E+00
   0.2362E+00
   0.2142E+00
   0.1916E+00
   0.1687E+00
   0.1453E+00
   0.1216E+00
   0.9764E-01
   0.7343E-01
   0.4905E-01
   0.2455E-01
   0.0000E+00
   0.0000E+00
   0.2339E-01
   0.4673E-01
   0.6996E-01
   0.9303E-01
   0.1159E+00
   0.1385E+00
   0.1607E+00
   0.1826E+00
   0.2040E+00
   0.2250E+00
   0.2455E+00
   0.2653E+00
   0.2846E+00
   0.3032E+00
   0.3211E+00
   0.3382E+00
   0.3546E+00
   0.3701E+00
   0.3847E+00
   0.3985E+00
   0.4113E+00
   0.4232E+00
   0.4341E+00
   0.4439E+00
   0.4527E+00
   0.4605E+00
   0.4672E+00
   0.4728E+00
   0.4773E+00
   0.4807E+00
   0.4829E+00
   0.4841E+00
   0.4841E+00
   0.4829E+00
   0.4807E+00
   0.4773E+00
   0.4728E+00
   0.4672E+00
   0.4605E+00
   0.4527E+00
   0.4439E+00
   0.4341E+00
   0.4232E+00
   0.4113E+00
   0.3985E+00
   0.3847E+00
   0.3701E+00
   0.3546E+00
   0.3382E+00
   0.3211E+00
   0.3032E+00
   0.2846E+00
   0.2653E+00
   0.2455E+00
   0.2250E+00
   0.2040E+00
   0.1826E+00
   0.1607E+00
   0.1385E+00
   0.1159E+00
   0.9303E-01
   0.6996E-01
   0.4673E-01
   0.2339E-01
   0.0000E+00
   0.0000E+00
   0.2229E-01
   0.4453E-01
   0.6666E-01
   0.8864E-01
   0.1104E+00
   0.1319E+00
   0.1531E+00
   0.1740E+00
   0.1944E+00
   0.2144E+00
   0.2339E+00
   0.2528E+00
   0.2712E+00
   0.2889E+00
   0.3059E+00
   0.3223E+00
   0.3378E+00
   0.3526E+00
   0.3666E+00
   0.3797E+00
   0.3919E+00
   0.4032E+00
   0.4136E+00
   0.4230E+00
   0.4314E+00
   0.4388E+00
   0.4451E+00
   0.4505E+00
   0.4548E+00
   0.4580E+00
   0.4601E+00
   0.4612E+00
   0.4612E+00
   0.4601E+00
   0.4580E+00
   0.4548E+00
   0.4505E+00
   0.4451E+00
   0.4388E+00
   0.4314E+00
   0.4230E+00
   0.4136E+00
   0.4032E+00
   0.3919E+00
   0.3797E+00
   0.3666E+00
   0.3526E+00
   0.3378E+00
   0.3223E+00
   0.3059E+00
   0.2889E+00
   0.2712E+00
   0.2528E+00
   0.2339E+00
   0.2144E+00
   0.1944E+00
   0.1740E+00
   0.1531E+00
   0.1319E+00
   0.1104E+00
   0.8864E-01
   0.6666E-01
   0.4453E-01
   0.2229E-01
   0.0000E+00
   0.0000E+00
   0.2124E-01
   0.4242E-01
   0.6351E-01
   0.8445E-01
   0.1052E+00
   0.1257E+00
   0.1459E+00
   0.1658E+00
   0.1852E+00
   0.2043E+00
   0.2228E+00
   0.2409E+00
   0.2584E+00
   0.2752E+00
   0.2915E+00
   0.3070E+00
   0.3219E+00
   0.3360E+00
   0.3493E+00
   0.3617E+00
   0.3734E+00
   0.3842E+00
   0.3940E+00
   0.4030E+00
   0.4110E+00
   0.4180E+00
   0.4241E+00
   0.4292E+00
   0.4333E+00
   0.4364E+00
   0.4384E+00
   0.4394E+00
   0.4394E+00
   0.4384E+00
   0.4364E+00
   0.4333E+00
   0.4292E+00
   0.4241E+00
   0.4180E+00
   0.4110E+00
   0.4030E+00
   0.3940E+00
   0.3842E+00
   0.3734E+00
   0.3617E+00
   0.3493E+00
   0.3360E+00
   0.3219E+00
   0.3070E+00
   0.2915E+00
   0.2752E+00
   0.2584E+00
   0.2409E+00
   0.2228E+00
   0.2043E+00
   0.1852E+00
   0.1658E+00
   0.1459E+00
   0.1257E+00
   0.1052E+00
   0.8445E-01
   0.6351E-01
   0.4242E-01
   0.2124E-01
   0.0000E+00
   0.0000E+00
   0.2023E-01
   0.4042E-01
   0.6051E-01
   0.8046E-01
   0.1002E+00
   0.1198E+00
   0.1390E+00
   0.1579E+00
   0.1765E+00
   0.1946E+00
   0.2123E+00
   0.2295E+00
   0.2462E+00
   0.2622E+00
   0.2777E+00
   0.2925E+00
   0.3067E+00
   0.3201E+00
   0.3328E+00
   0.3447E+00
   0.3558E+00
   0.3660E+00
   0.3754E+00
   0.3840E+00
   0.3916E+00
   0.3983E+00
   0.4041E+00
   0.4089E+00
   0.4128E+00
   0.4157E+00
   0.4177E+00
   0.4187E+00
   0.4187E+00
   0.4177E+00
   0.4157E+00
   0.4128E+00
   0.4089E+00
   0.4041E+00
   0.3983E+00
   0.3916E+00
   0.3840E+00
   0.3754E+00
   0.3660E+00
   0.3558E+00
   0.3447E+00
   0.3328E+00
   0.3201E+00
   0.3067E+00
   0.2925E+00
   0.2777E+00
   0.2622E+00
   0.2462E+00
   0.2295E+00
   0.2123E+00
   0.1946E+00
   0.1765E+00
   0.1579E+00
   0.1390E+00
   0.1198E+00
   0.1002E+00
   0.8046E-01
   0.6051E-01
   0.4042E-01
   0.2023E-01
   0.0000E+00
   0.0000E+00
   0.1928E-01
   0.3851E-01
   0.5765E-01
   0.7666E-01
   0.9549E-01
   0.1141E+00
   0.1324E+00
   0.1505E+00
   0.1681E+00
   0.1854E+00
   0.2023E+00
   0.2187E+00
   0.2345E+00
   0.2499E+00
   0.2646E+00
   0.2787E+00
   0.2922E+00
   0.3050E+00
   0.3171E+00
   0.3284E+00
   0.3390E+00
   0.3487E+00
   0.3577E+00
   0.3658E+00
   0.3731E+00
   0.3795E+00
   0.3850E+00
   0.3896E+00
   0.3933E+00
   0.3961E+00
   0.3980E+00
   0.3989E+00
   0.3989E+00
   0.3980E+00
   0.3961E+00
   0.3933E+00
   0.3896E+00
   0.3850E+00
   0.3795E+00
   0.3731E+00
   0.3658E+00
   0.3577E+00
   0.3487E+00
   0.3390E+00
   0.3284E+00
   0.3171E+00
   0.3050E+00
   0.2922E+00
   0.2787E+00
   0.2646E+00
   0.2499E+00
   0.2345E+00
   0.2187E+00
   0.2023E+00
   0.1854E+00
   0.1681E+00
   0.1505E+00
   0.1324E+00
   0.1141E+00
   0.9549E-01
   0.7666E-01
   0.5765E-01
   0.3851E-01
   0.1928E-01
   0.0000E+00
   0.0000E+00
   0.1837E-01
   0.3669E-01
   0.5493E-01
   0.7304E-01
   0.9098E-01
   0.1087E+00
   0.1262E+00
   0.1434E+00
   0.1602E+00
   0.1767E+00
   0.1927E+00
   0.2083E+00
   0.2235E+00
   0.2381E+00
   0.2521E+00
   0.2656E+00
   0.2784E+00
   0.2906E+00
   0.3021E+00
   0.3129E+00
   0.3230E+00
   0.3323E+00
   0.3408E+00
   0.3485E+00
   0.3555E+00
   0.3616E+00
   0.3668E+00
   0.3712E+00
   0.3748E+00
   0.3774E+00
   0.3792E+00
   0.3801E+00
   0.3801E+00
   0.3792E+00
   0.3774E+00
   0.3748E+00
   0.3712E+00
   0.3668E+00
   0.3616E+00
   0.3555E+00
   0.3485E+00
   0.3408E+00
   0.3323E+00
   0.3230E+00
   0.3129E+00
   0.3021E+00
   0.2906E+00
   0.2784E+00
   0.2656E+00
   0.2521E+00
   0.2381E+00
   0.2235E+00
   0.2083E+00
   0.1927E+00
   0.1767E+00
   0.1602E+00
   0.1434E+00
   0.1262E+00
   0.1087E+00
   0.9098E-01
   0.7304E-01
   0.5493E-01
   0.3669E-01
   0.1837E-01
   0.0000E+00
   0.0000E+00
   0.1750E-01
   0.3496E-01
   0.5234E-01
   0.6959E-01
   0.8669E-01
   0.1036E+00
   0.1202E+00
   0.1366E+00
   0.1526E+00
   0.1683E+00
   0.1836E+00
   0.1985E+00
   0.2129E+00
   0.2268E+00
   0.2402E+00
   0.2530E+00
   0.2652E+00
   0.2769E+00
   0.2878E+00
   0.2981E+00
   0.3077E+00
   0.3166E+00
   0.3247E+00
   0.3321E+00
   0.3387E+00
   0.3445E+00
   0.3495E+00
   0.3537E+00
   0.3571E+00
   0.3596E+00
   0.3613E+00
   0.3621E+00
   0.3621E+00
   0.3613E+00
   0.3596E+00
   0.3571E+00
   0.3537E+00
   0.3495E+00
   0.3445E+00
   0.3387E+00
   0.3321E+00
   0.3247E+00
   0.3166E+00
   0.3077E+00
   0.2981E+00
   0.2878E+00
   0.2769E+00
   0.2652E+00
   0.2530E+00
   0.2402E+00
   0.2268E+00
   0.2129E+00
   0.1985E+00
   0.1836E+00
   0.1683E+00
   0.1526E+00
   0.1366E+00
   0.1202E+00
   0.1036E+00
   0.8669E-01
   0.6959E-01
   0.5234E-01
   0.3496E-01
   0.1750E-01
   0.0000E+00
   0.0000E+00
   0.1667E-01
   0.3331E-01
   0.4987E-01
   0.6631E-01
   0.8259E-01
   0.9869E-01
   0.1145E+00
   0.1301E+00
   0.1454E+00
   0.1604E+00
   0.1750E+00
   0.1891E+00
   0.2029E+00
   0.2161E+00
   0.2289E+00
   0.2411E+00
   0.2527E+00
   0.2638E+00
   0.2742E+00
   0.2840E+00
   0.2932E+00
   0.3016E+00
   0.3094E+00
   0.3164E+00
   0.3227E+00
   0.3282E+00
   0.3330E+00
   0.3370E+00
   0.3402E+00
   0.3426E+00
   0.3442E+00
   0.3450E+00
   0.3450E+00
   0.3442E+00
   0.3426E+00
   0.3402E+00
   0.3370E+00
   0.3330E+00
   0.3282E+00
   0.3227E+00
   0.3164E+00
   0.3094E+00
   0.3016E+00
   0.2932E+00
   0.2840E+00
   0.2742E+00
   0.2638E+00
   0.2527E+00
   0.2411E+00
   0.2289E+00
   0.2161E+00
   0.2029E+00
   0.1891E+00
   0.1750E+00
   0.1604E+00
   0.1454E+00
   0.1301E+00
   0.1145E+00
   0.9868E-01
   0.8259E-01
   0.6631E-01
   0.4987E-01
   0.3331E-01
   0.1667E-01
   0.0000E+00
   0.0000E+00
   0.1589E-01
   0.3174E-01
   0.4751E-01
   0.6317E-01
   0.7869E-01
   0.9402E-01
   0.1091E+00
   0.1240E+00
   0.1386E+00
   0.1528E+00
   0.1667E+00
   0.1802E+00
   0.1933E+00
   0.2059E+00
   0.2180E+00
   0.2297E+00
   0.2408E+00
   0.2513E+00
   0.2613E+00
   0.2706E+00
   0.2793E+00
   0.2874E+00
   0.2948E+00
   0.3015E+00
   0.3075E+00
   0.3127E+00
   0.3173E+00
   0.3211E+00
   0.3241E+00
   0.3264E+00
   0.3280E+00
   0.3287E+00
   0.3287E+00
   0.3280E+00
   0.3264E+00
   0.3241E+00
   0.3211E+00
   0.3173E+00
   0.3127E+00
   0.3075E+00
   0.3015E+00
   0.2948E+00
   0.2874E+00
   0.2793E+00
   0.2706E+00
   0.2613E+00
   0.2513E+00
   0.2408E+00
   0.2297E+00
   0.2180E+00
   0.2059E+00
   0.1933E+00
   0.1802E+00
   0.1667E+00
   0.1528E+00
   0.1386E+00
   0.1240E+00
   0.1091E+00
   0.9402E-01
   0.7869E-01
   0.6317E-01
   0.4751E-01
   0.3174E-01
   0.1589E-01
   0.0000E+00
   0.0000E+00
   0.1514E-01
   0.3024E-01
   0.4527E-01
   0.6019E-01
   0.7497E-01
   0.8958E-01
   0.1040E+00
   0.1181E+00
   0.1320E+00
   0.1456E+00
   0.1588E+00
   0.1717E+00
   0.1841E+00
   0.1962E+00
   0.2077E+00
   0.2188E+00
   0.2294E+00
   0.2395E+00
   0.2489E+00
   0.2578E+00
   0.2661E+00
   0.2738E+00
   0.2808E+00
   0.2872E+00
   0.2929E+00
   0.2980E+00
   0.3023E+00
   0.3059E+00
   0.3088E+00
   0.3110E+00
   0.3125E+00
   0.3132E+00
   0.3132E+00
   0.3125E+00
   0.3110E+00
   0.3088E+00
   0.3059E+00
   0.3023E+00
   0.2980E+00
   0.2929E+00
   0.2872E+00
   0.2808E+00
   0.2738E+00
   0.2661E+00
   0.2578E+00
   0.2489E+00
   0.2395E+00
   0.2294E+00
   0.2188E+00
   0.2077E+00
   0.1962E+00
   0.1841E+00
   0.1717E+00
   0.1588E+00
   0.1456E+00
   0.1320E+00
   0.1181E+00
   0.1040E+00
   0.8958E-01
   0.7497E-01
   0.6019E-01
   0.4527E-01
   0.3024E-01
   0.1514E-01
   0.0000E+00
   0.0000E+00
   0.1442E-01
   0.2881E-01
   0.4313E-01
   0.5735E-01
   0.7143E-01
   0.8535E-01
   0.9907E-01
   0.1126E+00
   0.1258E+00
   0.1387E+00
   0.1513E+00
   0.1636E+00
   0.1754E+00
   0.1869E+00
   0.1979E+00
   0.2085E+00
   0.2186E+00
   0.2281E+00
   0.2372E+00
   0.2457E+00
   0.2536E+00
   0.2609E+00
   0.2676E+00
   0.2737E+00
   0.2791E+00
   0.2839E+00
   0.2880E+00
   0.2915E+00
   0.2942E+00
   0.2963E+00
   0.2977E+00
   0.2984E+00
   0.2984E+00
   0.2977E+00
   0.2963E+00
   0.2942E+00
   0.2915E+00
   0.2880E+00
   0.2839E+00
   0.2791E+00
   0.2737E+00
   0.2676E+00
   0.2609E+00
   0.2536E+00
   0.2457E+00
   0.2372E+00
   0.2281E+00
   0.2186E+00
   0.2085E+00
   0.1979E+00
   0.1869E+00
   0.1754E+00
   0.1636E+00
   0.1513E+00
   0.1387E+00
   0.1258E+00
   0.1126E+00
   0.9907E-01
   0.8535E-01
   0.7143E-01
   0.5735E-01
   0.4313E-01
   0.2881E-01
   0.1442E-01
   0.0000E+00
   0.0000E+00
   0.1374E-01
   0.2745E-01
   0.4109E-01
   0.5464E-01
   0.6806E-01
   0.8132E-01
   0.9439E-01
   0.1072E+00
   0.1198E+00
   0.1322E+00
   0.1442E+00
   0.1558E+00
   0.1672E+00
   0.1781E+00
   0.1886E+00
   0.1986E+00
   0.2083E+00
   0.2174E+00
   0.2260E+00
   0.2340E+00
   0.2416E+00
   0.2485E+00
   0.2549E+00
   0.2607E+00
   0.2659E+00
   0.2705E+00
   0.2744E+00
   0.2777E+00
   0.2803E+00
   0.2823E+00
   0.2836E+00
   0.2843E+00
   0.2843E+00
   0.2836E+00
   0.2823E+00
   0.2803E+00
   0.2777E+00
   0.2744E+00
   0.2705E+00
   0.2659E+00
   0.2607E+00
   0.2549E+00
   0.2485E+00
   0.2416E+00
   0.2340E+00
   0.2260E+00
   0.2174E+00
   0.2083E+00
   0.1986E+00
   0.1886E+00
   0.1781E+00
   0.1672E+00
   0.1558E+00
   0.1442E+00
   0.1322E+00
   0.1198E+00
   0.1072E+00
   0.9439E-01
   0.8132E-01
   0.6806E-01
   0.5464E-01
   0.4109E-01
   0.2745E-01
   0.1374E-01
   0.0000E+00
   0.0000E+00
   0.1309E-01
   0.2615E-01
   0.3915E-01
   0.5206E-01
   0.6484E-01
   0.7748E-01
   0.8993E-01
   0.1022E+00
   0.1142E+00
   0.1259E+00
   0.1374E+00
   0.1485E+00
   0.1593E+00
   0.1697E+00
   0.1797E+00
   0.1893E+00
   0.1984E+00
   0.2071E+00
   0.2153E+00
   0.2230E+00
   0.2302E+00
   0.2368E+00
   0.2429E+00
   0.2484E+00
   0.2533E+00
   0.2577E+00
   0.2614E+00
   0.2646E+00
   0.2671E+00
   0.2690E+00
   0.2702E+00
   0.2709E+00
   0.2709E+00
   0.2702E+00
   0.2690E+00
   0.2671E+00
   0.2646E+00
   0.2614E+00
   0.2577E+00
   0.2533E+00
   0.2484E+00
   0.2429E+00
   0.2368E+00
   0.2302E+00
   0.2230E+00
   0.2153E+00
   0.2071E+00
   0.1984E+00
   0.1893E+00
   0.1797E+00
   0.1697E+00
   0.1593E+00
   0.1485E+00
   0.1374E+00
   0.1259E+00
   0.1142E+00
   0.1022E+00
   0.8993E-01
   0.7748E-01
   0.6484E-01
   0.5206E-01
   0.3915E-01
   0.2615E-01
   0.1309E-01
   0.0000E+00
   0.0000E+00
   0.1247E-01
   0.2492E-01
   0.3730E-01
   0.4960E-01
   0.6178E-01
   0.7382E-01
   0.8568E-01
   0.9735E-01
   0.1088E+00
   0.1200E+00
   0.1309E+00
   0.1415E+00
   0.1517E+00
   0.1617E+00
   0.1712E+00
   0.1803E+00
   0.1890E+00
   0.1973E+00
   0.2051E+00
   0.2125E+00
   0.2193E+00
   0.2256E+00
   0.2314E+00
   0.2367E+00
   0.2414E+00
   0.2455E+00
   0.2491E+00
   0.2521E+00
   0.2545E+00
   0.2563E+00
   0.2575E+00
   0.2581E+00
   0.2581E+00
   0.2575E+00
   0.2563E+00
   0.2545E+00
   0.2521E+00
   0.2491E+00
   0.2455E+00
   0.2414E+00
   0.2367E+00
   0.2314E+00
   0.2256E+00
   0.2193E+00
   0.2125E+00
   0.2051E+00
   0.1973E+00
   0.1890E+00
   0.1803E+00
   0.1712E+00
   0.1617E+00
   0.1517E+00
   0.1415E+00
   0.1309E+00
   0.1200E+00
   0.1088E+00
   0.9735E-01
   0.8568E-01
   0.7382E-01
   0.6178E-01
   0.4960E-01
   0.3730E-01
   0.2492E-01
   0.1247E-01
   0.0000E+00
   0.0000E+00
   0.1188E-01
   0.2374E-01
   0.3554E-01
   0.4726E-01
   0.5886E-01
   0.7033E-01
   0.8164E-01
   0.9275E-01
   0.1036E+00
   0.1143E+00
   0.1247E+00
   0.1348E+00
   0.1446E+00
   0.1540E+00
   0.1631E+00
   0.1718E+00
   0.1801E+00
   0.1880E+00
   0.1954E+00
   0.2024E+00
   0.2089E+00
   0.2150E+00
   0.2205E+00
   0.2255E+00
   0.2300E+00
   0.2339E+00
   0.2373E+00
   0.2402E+00
   0.2425E+00
   0.2442E+00
   0.2453E+00
   0.2459E+00
   0.2459E+00
   0.2453E+00
   0.2442E+00
   0.2425E+00
   0.2402E+00
   0.2373E+00
   0.2339E+00
   0.2300E+00
   0.2255E+00
   0.2205E+00
   0.2150E+00
   0.2089E+00
   0.2024E+00
   0.1954E+00
   0.1880E+00
   0.1801E+00
   0.1718E+00
   0.1631E+00
   0.1540E+00
   0.1446E+00
   0.1348E+00
   0.1247E+00
   0.1143E+00
   0.1036E+00
   0.9275E-01
   0.8164E-01
   0.7033E-01
   0.5886E-01
   0.4726E-01
   0.3554E-01
   0.2374E-01
   0.1188E-01
   0.0000E+00
   0.0000E+00
   0.1132E-01
   0.2262E-01
   0.3386E-01
   0.4502E-01
   0.5608E-01
   0.6701E-01
   0.7778E-01
   0.8837E-01
   0.9875E-01
   0.1089E+00
   0.1188E+00
   0.1284E+00
   0.1377E+00
   0.1467E+00
   0.1554E+00
   0.1637E+00
   0.1716E+00
   0.1791E+00
   0.1862E+00
   0.1929E+00
   0.1991E+00
   0.2048E+00
   0.2101E+00
   0.2148E+00
   0.2191E+00
   0.2229E+00
   0.2261E+00
   0.2288E+00
   0.2310E+00
   0.2326E+00
   0.2337E+00
   0.2343E+00
   0.2343E+00
   0.2337E+00
   0.2326E+00
   0.2310E+00
   0.2288E+00
   0.2261E+00
   0.2229E+00
   0.2191E+00
   0.2148E+00
   0.2101E+00
   0.2048E+00
   0.1991E+00
   0.1929E+00
   0.1862E+00
   0.1791E+00
   0.1716E+00
   0.1637E+00
   0.1554E+00
   0.1467E+00
   0.1377E+00
   0.1284E+00
   0.1188E+00
   0.1089E+00
   0.9875E-01
   0.8837E-01
   0.7778E-01
   0.6701E-01
   0.5608E-01
   0.4502E-01
   0.3386E-01
   0.2262E-01
   0.1132E-01
   0.0000E+00
   0.0000E+00
   0.1079E-01
   0.2155E-01
   0.3226E-01
   0.4290E-01
   0.5343E-01
   0.6384E-01
   0.7411E-01
   0.8419E-01
   0.9409E-01
   0.1038E+00
   0.1132E+00
   0.1224E+00
   0.1312E+00
   0.1398E+00
   0.1481E+00
   0.1560E+00
   0.1635E+00
   0.1706E+00
   0.1774E+00
   0.1837E+00
   0.1897E+00
   0.1951E+00
   0.2001E+00
   0.2047E+00
   0.2088E+00
   0.2123E+00
   0.2154E+00
   0.2180E+00
   0.2201E+00
   0.2216E+00
   0.2227E+00
   0.2232E+00
   0.2232E+00
   0.2227E+00
   0.2216E+00
   0.2201E+00
   0.2180E+00
   0.2154E+00
   0.2123E+00
   0.2088E+00
   0.2047E+00
   0.2001E+00
   0.1951E+00
   0.1897E+00
   0.1837E+00
   0.1774E+00
   0.1706E+00
   0.1635E+00
   0.1560E+00
   0.1481E+00
   0.1398E+00
   0.1312E+00
   0.1224E+00
   0.1132E+00
   0.1038E+00
   0.9409E-01
   0.8419E-01
   0.7411E-01
   0.6384E-01
   0.5343E-01
   0.4290E-01
   0.3226E-01
   0.2155E-01
   0.1079E-01
   0.0000E+00
   0.0000E+00
   0.1028E-01
   0.2053E-01
   0.3074E-01
   0.4087E-01
   0.5091E-01
   0.6083E-01
   0.7060E-01
   0.8022E-01
   0.8964E-01
   0.9886E-01
   0.1078E+00
   0.1166E+00
   0.1250E+00
   0.1332E+00
   0.1411E+00
   0.1486E+00
   0.1558E+00
   0.1626E+00
   0.1690E+00
   0.1751E+00
   0.1807E+00
   0.1859E+00
   0.1907E+00
   0.1950E+00
   0.1989E+00
   0.2023E+00
   0.2053E+00
   0.2077E+00
   0.2097E+00
   0.2112E+00
   0.2122E+00
   0.2127E+00
   0.2127E+00
   0.2122E+00
   0.2112E+00
   0.2097E+00
   0.2077E+00
   0.2053E+00
   0.2023E+00
   0.1989E+00
   0.1950E+00
   0.1907E+00
   0.1859E+00
   0.1807E+00
   0.1751E+00
   0.1690E+00
   0.1626E+00
   0.1558E+00
   0.1486E+00
   0.1411E+00
   0.1332E+00
   0.1250E+00
   0.1166E+00
   0.1078E+00
   0.9886E-01
   0.8964E-01
   0.8022E-01
   0.7060E-01
   0.6083E-01
   0.5091E-01
   0.4087E-01
   0.3074E-01
   0.2053E-01
   0.1028E-01
   0.0000E+00
   0.0000E+00
   0.9792E-02
   0.1956E-01
   0.2928E-01
   0.3894E-01
   0.4850E-01
   0.5795E-01
   0.6727E-01
   0.7643E-01
   0.8541E-01
   0.9419E-01
   0.1027E+00
   0.1111E+00
   0.1191E+00
   0.1269E+00
   0.1344E+00
   0.1416E+00
   0.1484E+00
   0.1549E+00
   0.1610E+00
   0.1668E+00
   0.1722E+00
   0.1771E+00
   0.1817E+00
   0.1858E+00
   0.1895E+00
   0.1928E+00
   0.1956E+00
   0.1979E+00
   0.1998E+00
   0.2012E+00
   0.2021E+00
   0.2026E+00
   0.2026E+00
   0.2021E+00
   0.2012E+00
   0.1998E+00
   0.1979E+00
   0.1956E+00
   0.1928E+00
   0.1895E+00
   0.1858E+00
   0.1817E+00
   0.1771E+00
   0.1722E+00
   0.1668E+00
   0.1610E+00
   0.1549E+00
   0.1484E+00
   0.1416E+00
   0.1344E+00
   0.1269E+00
   0.1191E+00
   0.1111E+00
   0.1027E+00
   0.9419E-01
   0.8541E-01
   0.7643E-01
   0.6727E-01
   0.5795E-01
   0.4850E-01
   0.3894E-01
   0.2928E-01
   0.1956E-01
   0.9792E-02
   0.0000E+00
