   0.0000E+00
   0.9506E-01
   0.1893E+00
   0.2817E+00
   0.3717E+00
   0.4582E+00
   0.5406E+00
   0.6182E+00
   0.6901E+00
   0.7557E+00
   0.8146E+00
   0.8660E+00
   0.9096E+00
   0.9450E+00
   0.9718E+00
   0.9898E+00
   0.9989E+00
   0.9989E+00
   0.9898E+00
   0.9718E+00
   0.9450E+00
   0.9096E+00
   0.8660E+00
   0.8146E+00
   0.7557E+00
   0.6901E+00
   0.6182E+00
   0.5406E+00
   0.4582E+00
   0.3717E+00
   0.2817E+00
   0.1893E+00
   0.9506E-01
  -0.3258E-06
   0.0000E+00
   0.8623E-01
   0.1717E+00
   0.2556E+00
   0.3371E+00
   0.4157E+00
   0.4904E+00
   0.5607E+00
   0.6260E+00
   0.6856E+00
   0.7389E+00
   0.7856E+00
   0.8251E+00
   0.8572E+00
   0.8816E+00
   0.8979E+00
   0.9061E+00
   0.9061E+00
   0.8979E+00
   0.8816E+00
   0.8572E+00
   0.8251E+00
   0.7856E+00
   0.7389E+00
   0.6856E+00
   0.6260E+00
   0.5607E+00
   0.4904E+00
   0.4157E+00
   0.3371E+00
   0.2556E+00
   0.1717E+00
   0.8623E-01
   0.0000E+00
   0.0000E+00
   0.7818E-01
   0.1557E+00
   0.2317E+00
   0.3057E+00
   0.3769E+00
   0.4447E+00
   0.5084E+00
   0.5676E+00
   0.6216E+00
   0.6700E+00
   0.7123E+00
   0.7482E+00
   0.7773E+00
   0.7993E+00
   0.8141E+00
   0.8216E+00
   0.8216E+00
   0.8141E+00
   0.7993E+00
   0.7773E+00
   0.7482E+00
   0.7123E+00
   0.6700E+00
   0.6216E+00
   0.5676E+00
   0.5084E+00
   0.4447E+00
   0.3769E+00
   0.3057E+00
   0.2317E+00
   0.1557E+00
   0.7818E-01
   0.0000E+00
   0.0000E+00
   0.7086E-01
   0.1411E+00
   0.2100E+00
   0.2770E+00
   0.3416E+00
   0.4030E+00
   0.4608E+00
   0.5144E+00
   0.5633E+00
   0.6072E+00
   0.6455E+00
   0.6780E+00
   0.7044E+00
   0.7244E+00
   0.7378E+00
   0.7446E+00
   0.7446E+00
   0.7378E+00
   0.7244E+00
   0.7044E+00
   0.6780E+00
   0.6455E+00
   0.6072E+00
   0.5633E+00
   0.5144E+00
   0.4608E+00
   0.4030E+00
   0.3416E+00
   0.2770E+00
   0.2100E+00
   0.1411E+00
   0.7086E-01
   0.0000E+00
   0.0000E+00
   0.6418E-01
   0.1278E+00
   0.1902E+00
   0.2509E+00
   0.3094E+00
   0.3650E+00
   0.4174E+00
   0.4659E+00
   0.5103E+00
   0.5500E+00
   0.5847E+00
   0.6142E+00
   0.6381E+00
   0.6562E+00
   0.6683E+00
   0.6744E+00
   0.6744E+00
   0.6683E+00
   0.6562E+00
   0.6381E+00
   0.6142E+00
   0.5847E+00
   0.5500E+00
   0.5103E+00
   0.4659E+00
   0.4174E+00
   0.3650E+00
   0.3094E+00
   0.2509E+00
   0.1902E+00
   0.1278E+00
   0.6418E-01
   0.0000E+00
   0.0000E+00
   0.5810E-01
   0.1157E+00
   0.1722E+00
   0.2272E+00
   0.2801E+00
   0.3305E+00
   0.3778E+00
   0.4218E+00
   0.4619E+00
   0.4979E+00
   0.5293E+00
   0.5560E+00
   0.5776E+00
   0.5940E+00
   0.6050E+00
   0.6105E+00
   0.6105E+00
   0.6050E+00
   0.5940E+00
   0.5776E+00
   0.5560E+00
   0.5293E+00
   0.4979E+00
   0.4619E+00
   0.4218E+00
   0.3778E+00
   0.3305E+00
   0.2801E+00
   0.2272E+00
   0.1722E+00
   0.1157E+00
   0.5810E-01
   0.0000E+00
   0.0000E+00
   0.5257E-01
   0.1047E+00
   0.1558E+00
   0.2055E+00
   0.2534E+00
   0.2990E+00
   0.3418E+00
   0.3816E+00
   0.4179E+00
   0.4505E+00
   0.4789E+00
   0.5030E+00
   0.5226E+00
   0.5374E+00
   0.5474E+00
   0.5524E+00
   0.5524E+00
   0.5474E+00
   0.5374E+00
   0.5226E+00
   0.5030E+00
   0.4789E+00
   0.4505E+00
   0.4179E+00
   0.3816E+00
   0.3418E+00
   0.2990E+00
   0.2534E+00
   0.2055E+00
   0.1558E+00
   0.1047E+00
   0.5257E-01
   0.0000E+00
   0.0000E+00
   0.4753E-01
   0.9463E-01
   0.1409E+00
   0.1858E+00
   0.2291E+00
   0.2703E+00
   0.3091E+00
   0.3450E+00
   0.3779E+00
   0.4073E+00
   0.4330E+00
   0.4548E+00
   0.4725E+00
   0.4859E+00
   0.4949E+00
   0.4994E+00
   0.4994E+00
   0.4949E+00
   0.4859E+00
   0.4725E+00
   0.4548E+00
   0.4330E+00
   0.4073E+00
   0.3779E+00
   0.3450E+00
   0.3091E+00
   0.2703E+00
   0.2291E+00
   0.1858E+00
   0.1409E+00
   0.9463E-01
   0.4753E-01
   0.0000E+00
   0.0000E+00
   0.4295E-01
   0.8550E-01
   0.1273E+00
   0.1679E+00
   0.2070E+00
   0.2443E+00
   0.2793E+00
   0.3118E+00
   0.3415E+00
   0.3680E+00
   0.3913E+00
   0.4110E+00
   0.4270E+00
   0.4391E+00
   0.4472E+00
   0.4513E+00
   0.4513E+00
   0.4472E+00
   0.4391E+00
   0.4270E+00
   0.4110E+00
   0.3913E+00
   0.3680E+00
   0.3415E+00
   0.3118E+00
   0.2793E+00
   0.2443E+00
   0.2070E+00
   0.1679E+00
   0.1273E+00
   0.8550E-01
   0.4295E-01
   0.0000E+00
   0.0000E+00
   0.3878E-01
   0.7721E-01
   0.1149E+00
   0.1516E+00
   0.1869E+00
   0.2206E+00
   0.2522E+00
   0.2815E+00
   0.3083E+00
   0.3323E+00
   0.3533E+00
   0.3711E+00
   0.3855E+00
   0.3965E+00
   0.4038E+00
   0.4075E+00
   0.4075E+00
   0.4038E+00
   0.3965E+00
   0.3855E+00
   0.3711E+00
   0.3533E+00
   0.3323E+00
   0.3083E+00
   0.2815E+00
   0.2522E+00
   0.2206E+00
   0.1869E+00
   0.1516E+00
   0.1149E+00
   0.7721E-01
   0.3878E-01
   0.0000E+00
   0.0000E+00
   0.3499E-01
   0.6967E-01
   0.1037E+00
   0.1368E+00
   0.1687E+00
   0.1990E+00
   0.2276E+00
   0.2541E+00
   0.2782E+00
   0.2999E+00
   0.3188E+00
   0.3349E+00
   0.3479E+00
   0.3578E+00
   0.3644E+00
   0.3677E+00
   0.3677E+00
   0.3644E+00
   0.3578E+00
   0.3479E+00
   0.3349E+00
   0.3188E+00
   0.2999E+00
   0.2782E+00
   0.2541E+00
   0.2276E+00
   0.1990E+00
   0.1687E+00
   0.1368E+00
   0.1037E+00
   0.6967E-01
   0.3499E-01
   0.0000E+00
   0.0000E+00
   0.3156E-01
   0.6283E-01
   0.9353E-01
   0.1234E+00
   0.1521E+00
   0.1795E+00
   0.2052E+00
   0.2291E+00
   0.2509E+00
   0.2704E+00
   0.2875E+00
   0.3020E+00
   0.3137E+00
   0.3226E+00
   0.3286E+00
   0.3316E+00
   0.3316E+00
   0.3286E+00
   0.3226E+00
   0.3137E+00
   0.3020E+00
   0.2875E+00
   0.2704E+00
   0.2509E+00
   0.2291E+00
   0.2052E+00
   0.1795E+00
   0.1521E+00
   0.1234E+00
   0.9353E-01
   0.6283E-01
   0.3156E-01
   0.0000E+00
   0.0000E+00
   0.2844E-01
   0.5662E-01
   0.8429E-01
   0.1112E+00
   0.1371E+00
   0.1618E+00
   0.1850E+00
   0.2065E+00
   0.2261E+00
   0.2437E+00
   0.2591E+00
   0.2722E+00
   0.2827E+00
   0.2908E+00
   0.2962E+00
   0.2989E+00
   0.2989E+00
   0.2962E+00
   0.2908E+00
   0.2827E+00
   0.2722E+00
   0.2591E+00
   0.2437E+00
   0.2261E+00
   0.2065E+00
   0.1850E+00
   0.1618E+00
   0.1371E+00
   0.1112E+00
   0.8429E-01
   0.5662E-01
   0.2844E-01
   0.0000E+00
   0.0000E+00
   0.2562E-01
   0.5100E-01
   0.7592E-01
   0.1002E+00
   0.1235E+00
   0.1457E+00
   0.1666E+00
   0.1860E+00
   0.2037E+00
   0.2195E+00
   0.2334E+00
   0.2451E+00
   0.2547E+00
   0.2619E+00
   0.2667E+00
   0.2692E+00
   0.2692E+00
   0.2667E+00
   0.2619E+00
   0.2547E+00
   0.2451E+00
   0.2334E+00
   0.2195E+00
   0.2037E+00
   0.1860E+00
   0.1666E+00
   0.1457E+00
   0.1235E+00
   0.1002E+00
   0.7592E-01
   0.5100E-01
   0.2562E-01
   0.0000E+00
   0.0000E+00
   0.2306E-01
   0.4591E-01
   0.6835E-01
   0.9016E-01
   0.1112E+00
   0.1312E+00
   0.1500E+00
   0.1674E+00
   0.1833E+00
   0.1976E+00
   0.2101E+00
   0.2207E+00
   0.2292E+00
   0.2358E+00
   0.2401E+00
   0.2423E+00
   0.2423E+00
   0.2401E+00
   0.2358E+00
   0.2292E+00
   0.2207E+00
   0.2101E+00
   0.1976E+00
   0.1833E+00
   0.1674E+00
   0.1500E+00
   0.1312E+00
   0.1112E+00
   0.9016E-01
   0.6835E-01
   0.4591E-01
   0.2306E-01
   0.0000E+00
   0.0000E+00
   0.2075E-01
   0.4131E-01
   0.6150E-01
   0.8113E-01
   0.1000E+00
   0.1180E+00
   0.1349E+00
   0.1506E+00
   0.1650E+00
   0.1778E+00
   0.1890E+00
   0.1986E+00
   0.2063E+00
   0.2121E+00
   0.2161E+00
   0.2180E+00
   0.2180E+00
   0.2161E+00
   0.2121E+00
   0.2063E+00
   0.1986E+00
   0.1890E+00
   0.1778E+00
   0.1650E+00
   0.1506E+00
   0.1349E+00
   0.1180E+00
   0.1000E+00
   0.8113E-01
   0.6150E-01
   0.4131E-01
   0.2075E-01
   0.0000E+00
   0.0000E+00
   0.1866E-01
   0.3716E-01
   0.5532E-01
   0.7298E-01
   0.8997E-01
   0.1062E+00
   0.1214E+00
   0.1355E+00
   0.1484E+00
   0.1599E+00
   0.1700E+00
   0.1786E+00
   0.1856E+00
   0.1908E+00
   0.1944E+00
   0.1961E+00
   0.1961E+00
   0.1944E+00
   0.1908E+00
   0.1856E+00
   0.1786E+00
   0.1700E+00
   0.1599E+00
   0.1484E+00
   0.1355E+00
   0.1214E+00
   0.1062E+00
   0.8997E-01
   0.7298E-01
   0.5532E-01
   0.3716E-01
   0.1866E-01
   0.0000E+00
   0.0000E+00
   0.1679E-01
   0.3342E-01
   0.4975E-01
   0.6563E-01
   0.8092E-01
   0.9548E-01
   0.1092E+00
   0.1219E+00
   0.1335E+00
   0.1439E+00
   0.1529E+00
   0.1606E+00
   0.1669E+00
   0.1716E+00
   0.1748E+00
   0.1764E+00
   0.1764E+00
   0.1748E+00
   0.1716E+00
   0.1669E+00
   0.1606E+00
   0.1529E+00
   0.1439E+00
   0.1335E+00
   0.1219E+00
   0.1092E+00
   0.9548E-01
   0.8092E-01
   0.6563E-01
   0.4975E-01
   0.3342E-01
   0.1679E-01
   0.0000E+00
