   0.0000E+00
   0.1837E+00
   0.3612E+00
   0.5264E+00
   0.6737E+00
   0.7980E+00
   0.8952E+00
   0.9618E+00
   0.9957E+00
   0.9957E+00
   0.9618E+00
   0.8952E+00
   0.7980E+00
   0.6737E+00
   0.5264E+00
   0.3612E+00
   0.1837E+00
  -0.8742E-07
   0.0000E+00
   0.1506E+00
   0.2960E+00
   0.4313E+00
   0.5520E+00
   0.6539E+00
   0.7335E+00
   0.7881E+00
   0.8159E+00
   0.8159E+00
   0.7881E+00
   0.7335E+00
   0.6539E+00
   0.5520E+00
   0.4313E+00
   0.2960E+00
   0.1506E+00
   0.0000E+00
   0.0000E+00
   0.1227E+00
   0.2412E+00
   0.3514E+00
   0.4498E+00
   0.5328E+00
   0.5976E+00
   0.6421E+00
   0.6647E+00
   0.6647E+00
   0.6421E+00
   0.5976E+00
   0.5328E+00
   0.4498E+00
   0.3514E+00
   0.2412E+00
   0.1227E+00
   0.0000E+00
   0.0000E+00
   0.9931E-01
   0.1952E+00
   0.2845E+00
   0.3641E+00
   0.4313E+00
   0.4838E+00
   0.5198E+00
   0.5381E+00
   0.5381E+00
   0.5198E+00
   0.4838E+00
   0.4313E+00
   0.3641E+00
   0.2845E+00
   0.1952E+00
   0.9931E-01
   0.0000E+00
   0.0000E+00
   0.7982E-01
   0.1569E+00
   0.2287E+00
   0.2926E+00
   0.3466E+00
   0.3888E+00
   0.4178E+00
   0.4325E+00
   0.4325E+00
   0.4178E+00
   0.3888E+00
   0.3466E+00
   0.2926E+00
   0.2287E+00
   0.1569E+00
   0.7982E-01
   0.0000E+00
   0.0000E+00
   0.6366E-01
   0.1252E+00
   0.1824E+00
   0.2334E+00
   0.2765E+00
   0.3101E+00
   0.3332E+00
   0.3450E+00
   0.3450E+00
   0.3332E+00
   0.3101E+00
   0.2765E+00
   0.2334E+00
   0.1824E+00
   0.1252E+00
   0.6366E-01
   0.0000E+00
   0.0000E+00
   0.5038E-01
   0.9903E-01
   0.1443E+00
   0.1847E+00
   0.2188E+00
   0.2454E+00
   0.2637E+00
   0.2730E+00
   0.2730E+00
   0.2637E+00
   0.2454E+00
   0.2188E+00
   0.1847E+00
   0.1443E+00
   0.9903E-01
   0.5038E-01
   0.0000E+00
   0.0000E+00
   0.3957E-01
   0.7779E-01
   0.1134E+00
   0.1451E+00
   0.1718E+00
   0.1928E+00
   0.2071E+00
   0.2144E+00
   0.2144E+00
   0.2071E+00
   0.1928E+00
   0.1718E+00
   0.1451E+00
   0.1134E+00
   0.7779E-01
   0.3957E-01
   0.0000E+00
   0.0000E+00
   0.3089E-01
   0.6072E-01
   0.8849E-01
   0.1132E+00
   0.1341E+00
   0.1505E+00
   0.1617E+00
   0.1674E+00
   0.1674E+00
   0.1617E+00
   0.1505E+00
   0.1341E+00
   0.1132E+00
   0.8849E-01
   0.6072E-01
   0.3089E-01
   0.0000E+00
   0.0000E+00
   0.2403E-01
   0.4724E-01
   0.6884E-01
   0.8810E-01
   0.1044E+00
   0.1171E+00
   0.1258E+00
   0.1302E+00
   0.1302E+00
   0.1258E+00
   0.1171E+00
   0.1044E+00
   0.8810E-01
   0.6884E-01
   0.4724E-01
   0.2403E-01
   0.0000E+00
