   0.0000E+00
   0.5299E-02
   0.1059E-01
   0.1585E-01
   0.2107E-01
   0.2625E-01
   0.3136E-01
   0.3640E-01
   0.4136E-01
   0.4622E-01
   0.5097E-01
   0.5560E-01
   0.6010E-01
   0.6446E-01
   0.6868E-01
   0.7273E-01
   0.7661E-01
   0.8031E-01
   0.8383E-01
   0.8714E-01
   0.9026E-01
   0.9316E-01
   0.9585E-01
   0.9831E-01
   0.1005E+00
   0.1025E+00
   0.1043E+00
   0.1058E+00
   0.1071E+00
   0.1081E+00
   0.1089E+00
   0.1094E+00
   0.1096E+00
   0.1096E+00
   0.1094E+00
   0.1089E+00
   0.1081E+00
   0.1071E+00
   0.1058E+00
   0.1043E+00
   0.1025E+00
   0.1005E+00
   0.9831E-01
   0.9585E-01
   0.9316E-01
   0.9026E-01
   0.8714E-01
   0.8383E-01
   0.8031E-01
   0.7661E-01
   0.7273E-01
   0.6868E-01
   0.6446E-01
   0.6010E-01
   0.5560E-01
   0.5097E-01
   0.4622E-01
   0.4136E-01
   0.3640E-01
   0.3136E-01
   0.2625E-01
   0.2107E-01
   0.1585E-01
   0.1059E-01
   0.5299E-02
   0.0000E+00
   0.0000E+00
   0.4874E-02
   0.9737E-02
   0.1458E-01
   0.1938E-01
   0.2414E-01
   0.2885E-01
   0.3349E-01
   0.3805E-01
   0.4252E-01
   0.4689E-01
   0.5115E-01
   0.5529E-01
   0.5930E-01
   0.6318E-01
   0.6690E-01
   0.7047E-01
   0.7388E-01
   0.7711E-01
   0.8017E-01
   0.8303E-01
   0.8570E-01
   0.8818E-01
   0.9044E-01
   0.9250E-01
   0.9434E-01
   0.9595E-01
   0.9735E-01
   0.9851E-01
   0.9945E-01
   0.1002E+00
   0.1006E+00
   0.1009E+00
   0.1009E+00
   0.1006E+00
   0.1002E+00
   0.9945E-01
   0.9851E-01
   0.9735E-01
   0.9595E-01
   0.9434E-01
   0.9250E-01
   0.9044E-01
   0.8818E-01
   0.8570E-01
   0.8303E-01
   0.8017E-01
   0.7711E-01
   0.7388E-01
   0.7047E-01
   0.6690E-01
   0.6318E-01
   0.5930E-01
   0.5529E-01
   0.5115E-01
   0.4689E-01
   0.4252E-01
   0.3805E-01
   0.3349E-01
   0.2885E-01
   0.2414E-01
   0.1938E-01
   0.1458E-01
   0.9737E-02
   0.4874E-02
   0.0000E+00
   0.0000E+00
   0.4484E-02
   0.8957E-02
   0.1341E-01
   0.1783E-01
   0.2221E-01
   0.2654E-01
   0.3080E-01
   0.3500E-01
   0.3911E-01
   0.4313E-01
   0.4705E-01
   0.5086E-01
   0.5455E-01
   0.5811E-01
   0.6154E-01
   0.6483E-01
   0.6796E-01
   0.7093E-01
   0.7374E-01
   0.7638E-01
   0.7884E-01
   0.8111E-01
   0.8320E-01
   0.8509E-01
   0.8678E-01
   0.8827E-01
   0.8955E-01
   0.9062E-01
   0.9148E-01
   0.9213E-01
   0.9256E-01
   0.9278E-01
   0.9278E-01
   0.9256E-01
   0.9213E-01
   0.9148E-01
   0.9062E-01
   0.8955E-01
   0.8827E-01
   0.8678E-01
   0.8509E-01
   0.8320E-01
   0.8111E-01
   0.7884E-01
   0.7638E-01
   0.7374E-01
   0.7093E-01
   0.6796E-01
   0.6483E-01
   0.6154E-01
   0.5811E-01
   0.5455E-01
   0.5086E-01
   0.4705E-01
   0.4313E-01
   0.3911E-01
   0.3500E-01
   0.3080E-01
   0.2654E-01
   0.2221E-01
   0.1783E-01
   0.1341E-01
   0.8957E-02
   0.4484E-02
   0.0000E+00
   0.0000E+00
   0.4125E-02
   0.8241E-02
   0.1234E-01
   0.1640E-01
   0.2043E-01
   0.2442E-01
   0.2834E-01
   0.3220E-01
   0.3598E-01
   0.3968E-01
   0.4329E-01
   0.4679E-01
   0.5019E-01
   0.5347E-01
   0.5662E-01
   0.5964E-01
   0.6253E-01
   0.6526E-01
   0.6785E-01
   0.7027E-01
   0.7253E-01
   0.7462E-01
   0.7654E-01
   0.7828E-01
   0.7984E-01
   0.8121E-01
   0.8239E-01
   0.8337E-01
   0.8417E-01
   0.8476E-01
   0.8516E-01
   0.8536E-01
   0.8536E-01
   0.8516E-01
   0.8476E-01
   0.8417E-01
   0.8337E-01
   0.8239E-01
   0.8121E-01
   0.7984E-01
   0.7828E-01
   0.7654E-01
   0.7462E-01
   0.7253E-01
   0.7027E-01
   0.6785E-01
   0.6526E-01
   0.6253E-01
   0.5964E-01
   0.5662E-01
   0.5347E-01
   0.5019E-01
   0.4679E-01
   0.4329E-01
   0.3968E-01
   0.3598E-01
   0.3220E-01
   0.2834E-01
   0.2442E-01
   0.2043E-01
   0.1640E-01
   0.1234E-01
   0.8241E-02
   0.4125E-02
   0.0000E+00
   0.0000E+00
   0.3797E-02
   0.7585E-02
   0.1136E-01
   0.1510E-01
   0.1881E-01
   0.2247E-01
   0.2609E-01
   0.2964E-01
   0.3312E-01
   0.3652E-01
   0.3984E-01
   0.4307E-01
   0.4620E-01
   0.4921E-01
   0.5212E-01
   0.5490E-01
   0.5755E-01
   0.6007E-01
   0.6245E-01
   0.6468E-01
   0.6676E-01
   0.6869E-01
   0.7045E-01
   0.7205E-01
   0.7349E-01
   0.7475E-01
   0.7583E-01
   0.7674E-01
   0.7747E-01
   0.7802E-01
   0.7839E-01
   0.7857E-01
   0.7857E-01
   0.7839E-01
   0.7802E-01
   0.7747E-01
   0.7674E-01
   0.7583E-01
   0.7475E-01
   0.7349E-01
   0.7205E-01
   0.7045E-01
   0.6869E-01
   0.6676E-01
   0.6468E-01
   0.6245E-01
   0.6007E-01
   0.5755E-01
   0.5490E-01
   0.5212E-01
   0.4921E-01
   0.4620E-01
   0.4307E-01
   0.3984E-01
   0.3652E-01
   0.3312E-01
   0.2964E-01
   0.2609E-01
   0.2247E-01
   0.1881E-01
   0.1510E-01
   0.1136E-01
   0.7585E-02
   0.3797E-02
   0.0000E+00
   0.0000E+00
   0.3498E-02
   0.6987E-02
   0.1046E-01
   0.1391E-01
   0.1733E-01
   0.2070E-01
   0.2403E-01
   0.2730E-01
   0.3051E-01
   0.3365E-01
   0.3670E-01
   0.3968E-01
   0.4255E-01
   0.4533E-01
   0.4801E-01
   0.5057E-01
   0.5302E-01
   0.5534E-01
   0.5753E-01
   0.5958E-01
   0.6150E-01
   0.6327E-01
   0.6490E-01
   0.6637E-01
   0.6769E-01
   0.6886E-01
   0.6986E-01
   0.7069E-01
   0.7137E-01
   0.7187E-01
   0.7221E-01
   0.7238E-01
   0.7238E-01
   0.7221E-01
   0.7187E-01
   0.7137E-01
   0.7069E-01
   0.6986E-01
   0.6886E-01
   0.6769E-01
   0.6637E-01
   0.6490E-01
   0.6327E-01
   0.6150E-01
   0.5958E-01
   0.5753E-01
   0.5534E-01
   0.5302E-01
   0.5057E-01
   0.4801E-01
   0.4533E-01
   0.4255E-01
   0.3968E-01
   0.3670E-01
   0.3365E-01
   0.3051E-01
   0.2730E-01
   0.2403E-01
   0.2070E-01
   0.1733E-01
   0.1391E-01
   0.1046E-01
   0.6987E-02
   0.3498E-02
   0.0000E+00
   0.0000E+00
   0.3226E-02
   0.6444E-02
   0.9647E-02
   0.1283E-01
   0.1598E-01
   0.1909E-01
   0.2216E-01
   0.2518E-01
   0.2814E-01
   0.3103E-01
   0.3385E-01
   0.3659E-01
   0.3925E-01
   0.4181E-01
   0.4428E-01
   0.4664E-01
   0.4889E-01
   0.5103E-01
   0.5305E-01
   0.5495E-01
   0.5672E-01
   0.5835E-01
   0.5985E-01
   0.6121E-01
   0.6243E-01
   0.6350E-01
   0.6442E-01
   0.6520E-01
   0.6582E-01
   0.6628E-01
   0.6659E-01
   0.6675E-01
   0.6675E-01
   0.6659E-01
   0.6628E-01
   0.6582E-01
   0.6520E-01
   0.6442E-01
   0.6350E-01
   0.6243E-01
   0.6121E-01
   0.5985E-01
   0.5835E-01
   0.5672E-01
   0.5495E-01
   0.5305E-01
   0.5103E-01
   0.4889E-01
   0.4664E-01
   0.4428E-01
   0.4181E-01
   0.3925E-01
   0.3659E-01
   0.3385E-01
   0.3103E-01
   0.2814E-01
   0.2518E-01
   0.2216E-01
   0.1909E-01
   0.1598E-01
   0.1283E-01
   0.9647E-02
   0.6444E-02
   0.3226E-02
   0.0000E+00
   0.0000E+00
   0.2980E-02
   0.5952E-02
   0.8911E-02
   0.1185E-01
   0.1476E-01
   0.1764E-01
   0.2047E-01
   0.2326E-01
   0.2599E-01
   0.2866E-01
   0.3127E-01
   0.3380E-01
   0.3625E-01
   0.3862E-01
   0.4090E-01
   0.4308E-01
   0.4516E-01
   0.4714E-01
   0.4900E-01
   0.5076E-01
   0.5239E-01
   0.5390E-01
   0.5529E-01
   0.5654E-01
   0.5767E-01
   0.5865E-01
   0.5951E-01
   0.6022E-01
   0.6079E-01
   0.6122E-01
   0.6151E-01
   0.6166E-01
   0.6166E-01
   0.6151E-01
   0.6122E-01
   0.6079E-01
   0.6022E-01
   0.5951E-01
   0.5865E-01
   0.5767E-01
   0.5654E-01
   0.5529E-01
   0.5390E-01
   0.5239E-01
   0.5076E-01
   0.4900E-01
   0.4714E-01
   0.4516E-01
   0.4308E-01
   0.4090E-01
   0.3862E-01
   0.3625E-01
   0.3380E-01
   0.3127E-01
   0.2866E-01
   0.2599E-01
   0.2326E-01
   0.2047E-01
   0.1764E-01
   0.1476E-01
   0.1185E-01
   0.8911E-02
   0.5952E-02
   0.2980E-02
   0.0000E+00
   0.0000E+00
   0.2758E-02
   0.5509E-02
   0.8248E-02
   0.1097E-01
   0.1366E-01
   0.1632E-01
   0.1895E-01
   0.2153E-01
   0.2405E-01
   0.2653E-01
   0.2894E-01
   0.3128E-01
   0.3355E-01
   0.3574E-01
   0.3785E-01
   0.3987E-01
   0.4180E-01
   0.4363E-01
   0.4536E-01
   0.4698E-01
   0.4849E-01
   0.4989E-01
   0.5117E-01
   0.5233E-01
   0.5337E-01
   0.5429E-01
   0.5508E-01
   0.5574E-01
   0.5627E-01
   0.5667E-01
   0.5693E-01
   0.5707E-01
   0.5707E-01
   0.5693E-01
   0.5667E-01
   0.5627E-01
   0.5574E-01
   0.5508E-01
   0.5429E-01
   0.5337E-01
   0.5233E-01
   0.5117E-01
   0.4989E-01
   0.4849E-01
   0.4698E-01
   0.4536E-01
   0.4363E-01
   0.4180E-01
   0.3987E-01
   0.3785E-01
   0.3574E-01
   0.3355E-01
   0.3128E-01
   0.2894E-01
   0.2653E-01
   0.2405E-01
   0.2153E-01
   0.1895E-01
   0.1632E-01
   0.1366E-01
   0.1097E-01
   0.8248E-02
   0.5509E-02
   0.2758E-02
   0.0000E+00
   0.0000E+00
   0.2559E-02
   0.5112E-02
   0.7654E-02
   0.1018E-01
   0.1268E-01
   0.1515E-01
   0.1758E-01
   0.1997E-01
   0.2232E-01
   0.2462E-01
   0.2685E-01
   0.2903E-01
   0.3114E-01
   0.3317E-01
   0.3513E-01
   0.3700E-01
   0.3879E-01
   0.4049E-01
   0.4209E-01
   0.4359E-01
   0.4500E-01
   0.4629E-01
   0.4748E-01
   0.4856E-01
   0.4953E-01
   0.5038E-01
   0.5111E-01
   0.5172E-01
   0.5221E-01
   0.5258E-01
   0.5283E-01
   0.5295E-01
   0.5295E-01
   0.5283E-01
   0.5258E-01
   0.5221E-01
   0.5172E-01
   0.5111E-01
   0.5038E-01
   0.4953E-01
   0.4856E-01
   0.4748E-01
   0.4629E-01
   0.4500E-01
   0.4359E-01
   0.4209E-01
   0.4049E-01
   0.3879E-01
   0.3700E-01
   0.3513E-01
   0.3317E-01
   0.3114E-01
   0.2903E-01
   0.2685E-01
   0.2462E-01
   0.2232E-01
   0.1997E-01
   0.1758E-01
   0.1515E-01
   0.1268E-01
   0.1018E-01
   0.7654E-02
   0.5112E-02
   0.2559E-02
   0.0000E+00
   0.0000E+00
   0.2382E-02
   0.4759E-02
   0.7124E-02
   0.9473E-02
   0.1180E-01
   0.1410E-01
   0.1637E-01
   0.1859E-01
   0.2078E-01
   0.2291E-01
   0.2500E-01
   0.2702E-01
   0.2898E-01
   0.3088E-01
   0.3270E-01
   0.3444E-01
   0.3611E-01
   0.3769E-01
   0.3918E-01
   0.4058E-01
   0.4188E-01
   0.4309E-01
   0.4420E-01
   0.4520E-01
   0.4610E-01
   0.4689E-01
   0.4757E-01
   0.4815E-01
   0.4860E-01
   0.4895E-01
   0.4918E-01
   0.4929E-01
   0.4929E-01
   0.4918E-01
   0.4895E-01
   0.4860E-01
   0.4815E-01
   0.4757E-01
   0.4689E-01
   0.4610E-01
   0.4520E-01
   0.4420E-01
   0.4309E-01
   0.4188E-01
   0.4058E-01
   0.3918E-01
   0.3769E-01
   0.3611E-01
   0.3444E-01
   0.3270E-01
   0.3088E-01
   0.2898E-01
   0.2702E-01
   0.2500E-01
   0.2291E-01
   0.2078E-01
   0.1859E-01
   0.1637E-01
   0.1410E-01
   0.1180E-01
   0.9473E-02
   0.7124E-02
   0.4759E-02
   0.2382E-02
   0.0000E+00
   0.0000E+00
   0.2226E-02
   0.4446E-02
   0.6656E-02
   0.8851E-02
   0.1102E-01
   0.1317E-01
   0.1529E-01
   0.1737E-01
   0.1941E-01
   0.2141E-01
   0.2335E-01
   0.2525E-01
   0.2708E-01
   0.2885E-01
   0.3055E-01
   0.3218E-01
   0.3373E-01
   0.3521E-01
   0.3660E-01
   0.3791E-01
   0.3913E-01
   0.4026E-01
   0.4130E-01
   0.4223E-01
   0.4307E-01
   0.4381E-01
   0.4445E-01
   0.4498E-01
   0.4541E-01
   0.4573E-01
   0.4595E-01
   0.4605E-01
   0.4605E-01
   0.4595E-01
   0.4573E-01
   0.4541E-01
   0.4498E-01
   0.4445E-01
   0.4381E-01
   0.4307E-01
   0.4223E-01
   0.4130E-01
   0.4026E-01
   0.3913E-01
   0.3791E-01
   0.3660E-01
   0.3521E-01
   0.3373E-01
   0.3218E-01
   0.3055E-01
   0.2885E-01
   0.2708E-01
   0.2525E-01
   0.2335E-01
   0.2141E-01
   0.1941E-01
   0.1737E-01
   0.1529E-01
   0.1317E-01
   0.1102E-01
   0.8851E-02
   0.6656E-02
   0.4446E-02
   0.2226E-02
   0.0000E+00
   0.0000E+00
   0.2088E-02
   0.4172E-02
   0.6246E-02
   0.8305E-02
   0.1034E-01
   0.1236E-01
   0.1435E-01
   0.1630E-01
   0.1822E-01
   0.2009E-01
   0.2191E-01
   0.2369E-01
   0.2541E-01
   0.2707E-01
   0.2866E-01
   0.3019E-01
   0.3165E-01
   0.3304E-01
   0.3435E-01
   0.3557E-01
   0.3672E-01
   0.3778E-01
   0.3875E-01
   0.3963E-01
   0.4042E-01
   0.4111E-01
   0.4171E-01
   0.4221E-01
   0.4261E-01
   0.4291E-01
   0.4311E-01
   0.4321E-01
   0.4321E-01
   0.4311E-01
   0.4291E-01
   0.4261E-01
   0.4221E-01
   0.4171E-01
   0.4111E-01
   0.4042E-01
   0.3963E-01
   0.3875E-01
   0.3778E-01
   0.3672E-01
   0.3557E-01
   0.3435E-01
   0.3304E-01
   0.3165E-01
   0.3019E-01
   0.2866E-01
   0.2707E-01
   0.2541E-01
   0.2369E-01
   0.2191E-01
   0.2009E-01
   0.1822E-01
   0.1630E-01
   0.1435E-01
   0.1236E-01
   0.1034E-01
   0.8305E-02
   0.6246E-02
   0.4172E-02
   0.2088E-02
   0.0000E+00
   0.0000E+00
   0.1969E-02
   0.3934E-02
   0.5889E-02
   0.7831E-02
   0.9755E-02
   0.1166E-01
   0.1353E-01
   0.1537E-01
   0.1718E-01
   0.1894E-01
   0.2066E-01
   0.2234E-01
   0.2396E-01
   0.2552E-01
   0.2703E-01
   0.2847E-01
   0.2985E-01
   0.3115E-01
   0.3239E-01
   0.3354E-01
   0.3462E-01
   0.3562E-01
   0.3654E-01
   0.3737E-01
   0.3811E-01
   0.3877E-01
   0.3933E-01
   0.3980E-01
   0.4018E-01
   0.4046E-01
   0.4065E-01
   0.4075E-01
   0.4075E-01
   0.4065E-01
   0.4046E-01
   0.4018E-01
   0.3980E-01
   0.3933E-01
   0.3877E-01
   0.3811E-01
   0.3737E-01
   0.3654E-01
   0.3562E-01
   0.3462E-01
   0.3354E-01
   0.3239E-01
   0.3115E-01
   0.2985E-01
   0.2847E-01
   0.2703E-01
   0.2552E-01
   0.2396E-01
   0.2234E-01
   0.2066E-01
   0.1894E-01
   0.1718E-01
   0.1537E-01
   0.1353E-01
   0.1166E-01
   0.9755E-02
   0.7831E-02
   0.5889E-02
   0.3934E-02
   0.1969E-02
   0.0000E+00
   0.0000E+00
   0.1867E-02
   0.3730E-02
   0.5584E-02
   0.7425E-02
   0.9249E-02
   0.1105E-01
   0.1283E-01
   0.1457E-01
   0.1629E-01
   0.1796E-01
   0.1959E-01
   0.2118E-01
   0.2272E-01
   0.2420E-01
   0.2563E-01
   0.2699E-01
   0.2830E-01
   0.2954E-01
   0.3071E-01
   0.3181E-01
   0.3283E-01
   0.3378E-01
   0.3464E-01
   0.3543E-01
   0.3613E-01
   0.3675E-01
   0.3729E-01
   0.3774E-01
   0.3809E-01
   0.3836E-01
   0.3854E-01
   0.3864E-01
   0.3864E-01
   0.3854E-01
   0.3836E-01
   0.3809E-01
   0.3774E-01
   0.3729E-01
   0.3675E-01
   0.3613E-01
   0.3543E-01
   0.3464E-01
   0.3378E-01
   0.3283E-01
   0.3181E-01
   0.3071E-01
   0.2954E-01
   0.2830E-01
   0.2699E-01
   0.2563E-01
   0.2420E-01
   0.2272E-01
   0.2118E-01
   0.1959E-01
   0.1796E-01
   0.1629E-01
   0.1457E-01
   0.1283E-01
   0.1105E-01
   0.9249E-02
   0.7425E-02
   0.5584E-02
   0.3730E-02
   0.1867E-02
   0.0000E+00
   0.0000E+00
   0.1781E-02
   0.3558E-02
   0.5326E-02
   0.7083E-02
   0.8822E-02
   0.1054E-01
   0.1224E-01
   0.1390E-01
   0.1553E-01
   0.1713E-01
   0.1869E-01
   0.2020E-01
   0.2167E-01
   0.2308E-01
   0.2445E-01
   0.2575E-01
   0.2699E-01
   0.2818E-01
   0.2929E-01
   0.3034E-01
   0.3131E-01
   0.3222E-01
   0.3305E-01
   0.3380E-01
   0.3447E-01
   0.3506E-01
   0.3557E-01
   0.3600E-01
   0.3634E-01
   0.3659E-01
   0.3677E-01
   0.3685E-01
   0.3685E-01
   0.3677E-01
   0.3659E-01
   0.3634E-01
   0.3600E-01
   0.3557E-01
   0.3506E-01
   0.3447E-01
   0.3380E-01
   0.3305E-01
   0.3222E-01
   0.3131E-01
   0.3034E-01
   0.2929E-01
   0.2818E-01
   0.2699E-01
   0.2575E-01
   0.2445E-01
   0.2308E-01
   0.2167E-01
   0.2020E-01
   0.1869E-01
   0.1713E-01
   0.1553E-01
   0.1390E-01
   0.1224E-01
   0.1054E-01
   0.8822E-02
   0.7083E-02
   0.5326E-02
   0.3558E-02
   0.1781E-02
   0.0000E+00
   0.0000E+00
   0.1710E-02
   0.3416E-02
   0.5114E-02
   0.6800E-02
   0.8470E-02
   0.1012E-01
   0.1175E-01
   0.1335E-01
   0.1491E-01
   0.1645E-01
   0.1794E-01
   0.1940E-01
   0.2080E-01
   0.2216E-01
   0.2347E-01
   0.2472E-01
   0.2592E-01
   0.2705E-01
   0.2812E-01
   0.2913E-01
   0.3006E-01
   0.3093E-01
   0.3173E-01
   0.3245E-01
   0.3309E-01
   0.3366E-01
   0.3415E-01
   0.3456E-01
   0.3489E-01
   0.3513E-01
   0.3530E-01
   0.3538E-01
   0.3538E-01
   0.3530E-01
   0.3513E-01
   0.3489E-01
   0.3456E-01
   0.3415E-01
   0.3366E-01
   0.3309E-01
   0.3245E-01
   0.3173E-01
   0.3093E-01
   0.3006E-01
   0.2913E-01
   0.2812E-01
   0.2705E-01
   0.2592E-01
   0.2472E-01
   0.2347E-01
   0.2216E-01
   0.2080E-01
   0.1940E-01
   0.1794E-01
   0.1645E-01
   0.1491E-01
   0.1335E-01
   0.1175E-01
   0.1012E-01
   0.8470E-02
   0.6800E-02
   0.5114E-02
   0.3416E-02
   0.1710E-02
   0.0000E+00
   0.0000E+00
   0.1653E-02
   0.3302E-02
   0.4943E-02
   0.6573E-02
   0.8187E-02
   0.9783E-02
   0.1136E-01
   0.1290E-01
   0.1442E-01
   0.1590E-01
   0.1734E-01
   0.1875E-01
   0.2011E-01
   0.2142E-01
   0.2269E-01
   0.2390E-01
   0.2505E-01
   0.2615E-01
   0.2718E-01
   0.2816E-01
   0.2906E-01
   0.2990E-01
   0.3067E-01
   0.3136E-01
   0.3199E-01
   0.3254E-01
   0.3301E-01
   0.3341E-01
   0.3372E-01
   0.3396E-01
   0.3412E-01
   0.3420E-01
   0.3420E-01
   0.3412E-01
   0.3396E-01
   0.3372E-01
   0.3341E-01
   0.3301E-01
   0.3254E-01
   0.3199E-01
   0.3136E-01
   0.3067E-01
   0.2990E-01
   0.2906E-01
   0.2816E-01
   0.2718E-01
   0.2615E-01
   0.2505E-01
   0.2390E-01
   0.2269E-01
   0.2142E-01
   0.2011E-01
   0.1875E-01
   0.1734E-01
   0.1590E-01
   0.1442E-01
   0.1290E-01
   0.1136E-01
   0.9783E-02
   0.8187E-02
   0.6573E-02
   0.4943E-02
   0.3302E-02
   0.1653E-02
   0.0000E+00
   0.0000E+00
   0.1609E-02
   0.3214E-02
   0.4812E-02
   0.6399E-02
   0.7970E-02
   0.9523E-02
   0.1105E-01
   0.1256E-01
   0.1403E-01
   0.1548E-01
   0.1688E-01
   0.1825E-01
   0.1958E-01
   0.2086E-01
   0.2209E-01
   0.2326E-01
   0.2439E-01
   0.2546E-01
   0.2646E-01
   0.2741E-01
   0.2829E-01
   0.2911E-01
   0.2986E-01
   0.3053E-01
   0.3114E-01
   0.3167E-01
   0.3214E-01
   0.3252E-01
   0.3283E-01
   0.3306E-01
   0.3322E-01
   0.3330E-01
   0.3330E-01
   0.3322E-01
   0.3306E-01
   0.3283E-01
   0.3252E-01
   0.3214E-01
   0.3167E-01
   0.3114E-01
   0.3053E-01
   0.2986E-01
   0.2911E-01
   0.2829E-01
   0.2741E-01
   0.2646E-01
   0.2546E-01
   0.2439E-01
   0.2326E-01
   0.2209E-01
   0.2086E-01
   0.1958E-01
   0.1825E-01
   0.1688E-01
   0.1548E-01
   0.1403E-01
   0.1256E-01
   0.1105E-01
   0.9523E-02
   0.7970E-02
   0.6399E-02
   0.4812E-02
   0.3214E-02
   0.1609E-02
   0.0000E+00
   0.0000E+00
   0.1578E-02
   0.3152E-02
   0.4718E-02
   0.6274E-02
   0.7815E-02
   0.9338E-02
   0.1084E-01
   0.1231E-01
   0.1376E-01
   0.1518E-01
   0.1655E-01
   0.1790E-01
   0.1919E-01
   0.2045E-01
   0.2165E-01
   0.2281E-01
   0.2391E-01
   0.2496E-01
   0.2595E-01
   0.2687E-01
   0.2774E-01
   0.2854E-01
   0.2927E-01
   0.2994E-01
   0.3053E-01
   0.3106E-01
   0.3151E-01
   0.3189E-01
   0.3219E-01
   0.3242E-01
   0.3257E-01
   0.3265E-01
   0.3265E-01
   0.3257E-01
   0.3242E-01
   0.3219E-01
   0.3189E-01
   0.3151E-01
   0.3106E-01
   0.3053E-01
   0.2994E-01
   0.2927E-01
   0.2854E-01
   0.2774E-01
   0.2687E-01
   0.2595E-01
   0.2496E-01
   0.2391E-01
   0.2281E-01
   0.2165E-01
   0.2045E-01
   0.1919E-01
   0.1790E-01
   0.1655E-01
   0.1518E-01
   0.1376E-01
   0.1231E-01
   0.1084E-01
   0.9338E-02
   0.7815E-02
   0.6274E-02
   0.4718E-02
   0.3152E-02
   0.1578E-02
   0.0000E+00
   0.0000E+00
   0.1558E-02
   0.3112E-02
   0.4659E-02
   0.6195E-02
   0.7717E-02
   0.9220E-02
   0.1070E-01
   0.1216E-01
   0.1359E-01
   0.1499E-01
   0.1635E-01
   0.1767E-01
   0.1895E-01
   0.2019E-01
   0.2138E-01
   0.2252E-01
   0.2361E-01
   0.2465E-01
   0.2562E-01
   0.2654E-01
   0.2739E-01
   0.2818E-01
   0.2891E-01
   0.2956E-01
   0.3015E-01
   0.3067E-01
   0.3111E-01
   0.3149E-01
   0.3179E-01
   0.3201E-01
   0.3216E-01
   0.3224E-01
   0.3224E-01
   0.3216E-01
   0.3201E-01
   0.3179E-01
   0.3149E-01
   0.3111E-01
   0.3067E-01
   0.3015E-01
   0.2956E-01
   0.2891E-01
   0.2818E-01
   0.2739E-01
   0.2654E-01
   0.2562E-01
   0.2465E-01
   0.2361E-01
   0.2252E-01
   0.2138E-01
   0.2019E-01
   0.1895E-01
   0.1767E-01
   0.1635E-01
   0.1499E-01
   0.1359E-01
   0.1216E-01
   0.1070E-01
   0.9220E-02
   0.7717E-02
   0.6195E-02
   0.4659E-02
   0.3112E-02
   0.1558E-02
   0.0000E+00
   0.0000E+00
   0.1549E-02
   0.3094E-02
   0.4633E-02
   0.6160E-02
   0.7673E-02
   0.9168E-02
   0.1064E-01
   0.1209E-01
   0.1351E-01
   0.1490E-01
   0.1625E-01
   0.1757E-01
   0.1885E-01
   0.2008E-01
   0.2126E-01
   0.2240E-01
   0.2348E-01
   0.2451E-01
   0.2548E-01
   0.2639E-01
   0.2724E-01
   0.2802E-01
   0.2874E-01
   0.2939E-01
   0.2998E-01
   0.3049E-01
   0.3094E-01
   0.3131E-01
   0.3160E-01
   0.3183E-01
   0.3198E-01
   0.3205E-01
   0.3205E-01
   0.3198E-01
   0.3183E-01
   0.3160E-01
   0.3131E-01
   0.3094E-01
   0.3049E-01
   0.2998E-01
   0.2939E-01
   0.2874E-01
   0.2802E-01
   0.2724E-01
   0.2639E-01
   0.2548E-01
   0.2451E-01
   0.2348E-01
   0.2240E-01
   0.2126E-01
   0.2008E-01
   0.1885E-01
   0.1757E-01
   0.1625E-01
   0.1490E-01
   0.1351E-01
   0.1209E-01
   0.1064E-01
   0.9168E-02
   0.7673E-02
   0.6160E-02
   0.4633E-02
   0.3094E-02
   0.1549E-02
   0.0000E+00
   0.0000E+00
   0.1550E-02
   0.3097E-02
   0.4637E-02
   0.6165E-02
   0.7680E-02
   0.9176E-02
   0.1065E-01
   0.1210E-01
   0.1352E-01
   0.1491E-01
   0.1627E-01
   0.1759E-01
   0.1886E-01
   0.2009E-01
   0.2128E-01
   0.2242E-01
   0.2350E-01
   0.2453E-01
   0.2550E-01
   0.2641E-01
   0.2726E-01
   0.2805E-01
   0.2877E-01
   0.2942E-01
   0.3001E-01
   0.3052E-01
   0.3096E-01
   0.3133E-01
   0.3163E-01
   0.3186E-01
   0.3201E-01
   0.3208E-01
   0.3208E-01
   0.3201E-01
   0.3186E-01
   0.3163E-01
   0.3133E-01
   0.3096E-01
   0.3052E-01
   0.3001E-01
   0.2942E-01
   0.2877E-01
   0.2805E-01
   0.2726E-01
   0.2641E-01
   0.2550E-01
   0.2453E-01
   0.2350E-01
   0.2242E-01
   0.2128E-01
   0.2009E-01
   0.1886E-01
   0.1759E-01
   0.1627E-01
   0.1491E-01
   0.1352E-01
   0.1210E-01
   0.1065E-01
   0.9176E-02
   0.7680E-02
   0.6165E-02
   0.4637E-02
   0.3097E-02
   0.1550E-02
   0.0000E+00
   0.0000E+00
   0.1561E-02
   0.3119E-02
   0.4670E-02
   0.6209E-02
   0.7734E-02
   0.9241E-02
   0.1073E-01
   0.1219E-01
   0.1362E-01
   0.1502E-01
   0.1638E-01
   0.1771E-01
   0.1900E-01
   0.2024E-01
   0.2143E-01
   0.2257E-01
   0.2367E-01
   0.2470E-01
   0.2568E-01
   0.2660E-01
   0.2745E-01
   0.2824E-01
   0.2897E-01
   0.2963E-01
   0.3022E-01
   0.3074E-01
   0.3118E-01
   0.3156E-01
   0.3186E-01
   0.3208E-01
   0.3223E-01
   0.3231E-01
   0.3231E-01
   0.3223E-01
   0.3208E-01
   0.3186E-01
   0.3156E-01
   0.3118E-01
   0.3074E-01
   0.3022E-01
   0.2963E-01
   0.2897E-01
   0.2824E-01
   0.2745E-01
   0.2660E-01
   0.2568E-01
   0.2470E-01
   0.2367E-01
   0.2257E-01
   0.2143E-01
   0.2024E-01
   0.1900E-01
   0.1771E-01
   0.1638E-01
   0.1502E-01
   0.1362E-01
   0.1219E-01
   0.1073E-01
   0.9241E-02
   0.7734E-02
   0.6209E-02
   0.4670E-02
   0.3119E-02
   0.1561E-02
   0.0000E+00
   0.0000E+00
   0.1581E-02
   0.3159E-02
   0.4729E-02
   0.6289E-02
   0.7833E-02
   0.9359E-02
   0.1086E-01
   0.1234E-01
   0.1379E-01
   0.1521E-01
   0.1659E-01
   0.1794E-01
   0.1924E-01
   0.2050E-01
   0.2171E-01
   0.2286E-01
   0.2397E-01
   0.2502E-01
   0.2601E-01
   0.2694E-01
   0.2780E-01
   0.2861E-01
   0.2934E-01
   0.3001E-01
   0.3060E-01
   0.3113E-01
   0.3158E-01
   0.3196E-01
   0.3226E-01
   0.3249E-01
   0.3265E-01
   0.3272E-01
   0.3272E-01
   0.3265E-01
   0.3249E-01
   0.3226E-01
   0.3196E-01
   0.3158E-01
   0.3113E-01
   0.3060E-01
   0.3001E-01
   0.2934E-01
   0.2861E-01
   0.2780E-01
   0.2694E-01
   0.2601E-01
   0.2502E-01
   0.2397E-01
   0.2286E-01
   0.2171E-01
   0.2050E-01
   0.1924E-01
   0.1794E-01
   0.1659E-01
   0.1521E-01
   0.1379E-01
   0.1234E-01
   0.1086E-01
   0.9359E-02
   0.7833E-02
   0.6289E-02
   0.4729E-02
   0.3159E-02
   0.1581E-02
   0.0000E+00
   0.0000E+00
   0.1610E-02
   0.3216E-02
   0.4814E-02
   0.6402E-02
   0.7974E-02
   0.9528E-02
   0.1106E-01
   0.1257E-01
   0.1404E-01
   0.1548E-01
   0.1689E-01
   0.1826E-01
   0.1959E-01
   0.2086E-01
   0.2210E-01
   0.2327E-01
   0.2440E-01
   0.2547E-01
   0.2648E-01
   0.2742E-01
   0.2830E-01
   0.2912E-01
   0.2987E-01
   0.3055E-01
   0.3116E-01
   0.3169E-01
   0.3215E-01
   0.3254E-01
   0.3285E-01
   0.3308E-01
   0.3323E-01
   0.3331E-01
   0.3331E-01
   0.3323E-01
   0.3308E-01
   0.3285E-01
   0.3254E-01
   0.3215E-01
   0.3169E-01
   0.3116E-01
   0.3055E-01
   0.2987E-01
   0.2912E-01
   0.2830E-01
   0.2742E-01
   0.2648E-01
   0.2547E-01
   0.2440E-01
   0.2327E-01
   0.2210E-01
   0.2086E-01
   0.1959E-01
   0.1826E-01
   0.1689E-01
   0.1548E-01
   0.1404E-01
   0.1257E-01
   0.1106E-01
   0.9528E-02
   0.7974E-02
   0.6402E-02
   0.4814E-02
   0.3216E-02
   0.1610E-02
   0.0000E+00
   0.0000E+00
   0.1646E-02
   0.3289E-02
   0.4923E-02
   0.6547E-02
   0.8155E-02
   0.9744E-02
   0.1131E-01
   0.1285E-01
   0.1436E-01
   0.1584E-01
   0.1727E-01
   0.1867E-01
   0.2003E-01
   0.2134E-01
   0.2260E-01
   0.2380E-01
   0.2495E-01
   0.2604E-01
   0.2708E-01
   0.2804E-01
   0.2895E-01
   0.2978E-01
   0.3055E-01
   0.3124E-01
   0.3186E-01
   0.3241E-01
   0.3288E-01
   0.3327E-01
   0.3359E-01
   0.3383E-01
   0.3399E-01
   0.3406E-01
   0.3406E-01
   0.3399E-01
   0.3383E-01
   0.3359E-01
   0.3327E-01
   0.3288E-01
   0.3241E-01
   0.3186E-01
   0.3124E-01
   0.3055E-01
   0.2978E-01
   0.2895E-01
   0.2804E-01
   0.2708E-01
   0.2604E-01
   0.2495E-01
   0.2380E-01
   0.2260E-01
   0.2134E-01
   0.2003E-01
   0.1867E-01
   0.1727E-01
   0.1584E-01
   0.1436E-01
   0.1285E-01
   0.1131E-01
   0.9744E-02
   0.8155E-02
   0.6547E-02
   0.4923E-02
   0.3289E-02
   0.1646E-02
   0.0000E+00
   0.0000E+00
   0.1690E-02
   0.3376E-02
   0.5055E-02
   0.6721E-02
   0.8372E-02
   0.1000E-01
   0.1161E-01
   0.1319E-01
   0.1474E-01
   0.1626E-01
   0.1774E-01
   0.1917E-01
   0.2056E-01
   0.2191E-01
   0.2320E-01
   0.2444E-01
   0.2562E-01
   0.2674E-01
   0.2780E-01
   0.2879E-01
   0.2972E-01
   0.3057E-01
   0.3136E-01
   0.3207E-01
   0.3271E-01
   0.3327E-01
   0.3375E-01
   0.3416E-01
   0.3448E-01
   0.3473E-01
   0.3489E-01
   0.3497E-01
   0.3497E-01
   0.3489E-01
   0.3473E-01
   0.3448E-01
   0.3416E-01
   0.3375E-01
   0.3327E-01
   0.3271E-01
   0.3207E-01
   0.3136E-01
   0.3057E-01
   0.2972E-01
   0.2879E-01
   0.2780E-01
   0.2674E-01
   0.2562E-01
   0.2444E-01
   0.2320E-01
   0.2191E-01
   0.2056E-01
   0.1917E-01
   0.1774E-01
   0.1626E-01
   0.1474E-01
   0.1319E-01
   0.1161E-01
   0.1000E-01
   0.8372E-02
   0.6721E-02
   0.5055E-02
   0.3376E-02
   0.1690E-02
   0.0000E+00
   0.0000E+00
   0.1741E-02
   0.3478E-02
   0.5207E-02
   0.6924E-02
   0.8625E-02
   0.1031E-01
   0.1196E-01
   0.1359E-01
   0.1519E-01
   0.1675E-01
   0.1827E-01
   0.1975E-01
   0.2118E-01
   0.2257E-01
   0.2390E-01
   0.2517E-01
   0.2639E-01
   0.2754E-01
   0.2864E-01
   0.2966E-01
   0.3061E-01
   0.3150E-01
   0.3231E-01
   0.3304E-01
   0.3370E-01
   0.3427E-01
   0.3477E-01
   0.3519E-01
   0.3552E-01
   0.3578E-01
   0.3594E-01
   0.3603E-01
   0.3603E-01
   0.3594E-01
   0.3578E-01
   0.3552E-01
   0.3519E-01
   0.3477E-01
   0.3427E-01
   0.3370E-01
   0.3304E-01
   0.3231E-01
   0.3150E-01
   0.3061E-01
   0.2966E-01
   0.2864E-01
   0.2754E-01
   0.2639E-01
   0.2517E-01
   0.2390E-01
   0.2257E-01
   0.2118E-01
   0.1975E-01
   0.1827E-01
   0.1675E-01
   0.1519E-01
   0.1359E-01
   0.1196E-01
   0.1031E-01
   0.8625E-02
   0.6924E-02
   0.5207E-02
   0.3478E-02
   0.1741E-02
   0.0000E+00
   0.0000E+00
   0.1799E-02
   0.3593E-02
   0.5379E-02
   0.7153E-02
   0.8910E-02
   0.1065E-01
   0.1236E-01
   0.1404E-01
   0.1569E-01
   0.1730E-01
   0.1887E-01
   0.2040E-01
   0.2188E-01
   0.2331E-01
   0.2469E-01
   0.2601E-01
   0.2726E-01
   0.2846E-01
   0.2958E-01
   0.3064E-01
   0.3163E-01
   0.3254E-01
   0.3337E-01
   0.3413E-01
   0.3481E-01
   0.3541E-01
   0.3592E-01
   0.3635E-01
   0.3670E-01
   0.3696E-01
   0.3713E-01
   0.3722E-01
   0.3722E-01
   0.3713E-01
   0.3696E-01
   0.3670E-01
   0.3635E-01
   0.3592E-01
   0.3541E-01
   0.3481E-01
   0.3413E-01
   0.3337E-01
   0.3254E-01
   0.3163E-01
   0.3064E-01
   0.2958E-01
   0.2846E-01
   0.2726E-01
   0.2601E-01
   0.2469E-01
   0.2331E-01
   0.2188E-01
   0.2040E-01
   0.1887E-01
   0.1730E-01
   0.1569E-01
   0.1404E-01
   0.1236E-01
   0.1065E-01
   0.8910E-02
   0.7153E-02
   0.5379E-02
   0.3593E-02
   0.1799E-02
   0.0000E+00
   0.0000E+00
   0.1863E-02
   0.3721E-02
   0.5570E-02
   0.7407E-02
   0.9226E-02
   0.1102E-01
   0.1280E-01
   0.1454E-01
   0.1625E-01
   0.1792E-01
   0.1954E-01
   0.2113E-01
   0.2266E-01
   0.2414E-01
   0.2556E-01
   0.2693E-01
   0.2823E-01
   0.2947E-01
   0.3063E-01
   0.3173E-01
   0.3275E-01
   0.3369E-01
   0.3456E-01
   0.3534E-01
   0.3605E-01
   0.3666E-01
   0.3720E-01
   0.3764E-01
   0.3800E-01
   0.3827E-01
   0.3845E-01
   0.3854E-01
   0.3854E-01
   0.3845E-01
   0.3827E-01
   0.3800E-01
   0.3764E-01
   0.3720E-01
   0.3666E-01
   0.3605E-01
   0.3534E-01
   0.3456E-01
   0.3369E-01
   0.3275E-01
   0.3173E-01
   0.3063E-01
   0.2947E-01
   0.2823E-01
   0.2693E-01
   0.2556E-01
   0.2414E-01
   0.2266E-01
   0.2113E-01
   0.1954E-01
   0.1792E-01
   0.1625E-01
   0.1454E-01
   0.1280E-01
   0.1102E-01
   0.9226E-02
   0.7407E-02
   0.5570E-02
   0.3721E-02
   0.1863E-02
   0.0000E+00
   0.0000E+00
   0.1932E-02
   0.3860E-02
   0.5779E-02
   0.7684E-02
   0.9571E-02
   0.1144E-01
   0.1327E-01
   0.1508E-01
   0.1685E-01
   0.1859E-01
   0.2028E-01
   0.2192E-01
   0.2351E-01
   0.2504E-01
   0.2652E-01
   0.2794E-01
   0.2929E-01
   0.3057E-01
   0.3178E-01
   0.3291E-01
   0.3397E-01
   0.3495E-01
   0.3585E-01
   0.3667E-01
   0.3739E-01
   0.3804E-01
   0.3859E-01
   0.3905E-01
   0.3942E-01
   0.3970E-01
   0.3989E-01
   0.3998E-01
   0.3998E-01
   0.3989E-01
   0.3970E-01
   0.3942E-01
   0.3905E-01
   0.3859E-01
   0.3804E-01
   0.3739E-01
   0.3667E-01
   0.3585E-01
   0.3495E-01
   0.3397E-01
   0.3291E-01
   0.3178E-01
   0.3057E-01
   0.2929E-01
   0.2794E-01
   0.2652E-01
   0.2504E-01
   0.2351E-01
   0.2192E-01
   0.2028E-01
   0.1859E-01
   0.1685E-01
   0.1508E-01
   0.1327E-01
   0.1144E-01
   0.9571E-02
   0.7684E-02
   0.5779E-02
   0.3860E-02
   0.1932E-02
   0.0000E+00
   0.0000E+00
   0.2007E-02
   0.4010E-02
   0.6004E-02
   0.7983E-02
   0.9944E-02
   0.1188E-01
   0.1379E-01
   0.1567E-01
   0.1751E-01
   0.1931E-01
   0.2106E-01
   0.2277E-01
   0.2442E-01
   0.2602E-01
   0.2755E-01
   0.2902E-01
   0.3043E-01
   0.3176E-01
   0.3301E-01
   0.3419E-01
   0.3530E-01
   0.3631E-01
   0.3725E-01
   0.3809E-01
   0.3885E-01
   0.3952E-01
   0.4009E-01
   0.4057E-01
   0.4096E-01
   0.4125E-01
   0.4144E-01
   0.4154E-01
   0.4154E-01
   0.4144E-01
   0.4125E-01
   0.4096E-01
   0.4057E-01
   0.4009E-01
   0.3952E-01
   0.3885E-01
   0.3809E-01
   0.3725E-01
   0.3631E-01
   0.3530E-01
   0.3419E-01
   0.3301E-01
   0.3176E-01
   0.3043E-01
   0.2902E-01
   0.2755E-01
   0.2602E-01
   0.2442E-01
   0.2277E-01
   0.2106E-01
   0.1931E-01
   0.1751E-01
   0.1567E-01
   0.1379E-01
   0.1188E-01
   0.9944E-02
   0.7983E-02
   0.6003E-02
   0.4010E-02
   0.2007E-02
   0.0000E+00
   0.0000E+00
   0.2088E-02
   0.4171E-02
   0.6244E-02
   0.8303E-02
   0.1034E-01
   0.1236E-01
   0.1434E-01
   0.1630E-01
   0.1821E-01
   0.2008E-01
   0.2191E-01
   0.2368E-01
   0.2540E-01
   0.2706E-01
   0.2866E-01
   0.3019E-01
   0.3164E-01
   0.3303E-01
   0.3434E-01
   0.3556E-01
   0.3671E-01
   0.3777E-01
   0.3874E-01
   0.3962E-01
   0.4041E-01
   0.4110E-01
   0.4170E-01
   0.4220E-01
   0.4260E-01
   0.4290E-01
   0.4310E-01
   0.4320E-01
   0.4320E-01
   0.4310E-01
   0.4290E-01
   0.4260E-01
   0.4220E-01
   0.4170E-01
   0.4110E-01
   0.4041E-01
   0.3962E-01
   0.3874E-01
   0.3777E-01
   0.3671E-01
   0.3556E-01
   0.3434E-01
   0.3303E-01
   0.3164E-01
   0.3019E-01
   0.2866E-01
   0.2706E-01
   0.2540E-01
   0.2368E-01
   0.2191E-01
   0.2008E-01
   0.1821E-01
   0.1630E-01
   0.1434E-01
   0.1236E-01
   0.1034E-01
   0.8303E-02
   0.6244E-02
   0.4171E-02
   0.2088E-02
  -0.3778E-08
