   0.0000E+00
   0.4206E-01
   0.8268E-01
   0.1205E+00
   0.1542E+00
   0.1826E+00
   0.2049E+00
   0.2201E+00
   0.2279E+00
   0.2279E+00
   0.2201E+00
   0.2049E+00
   0.1826E+00
   0.1542E+00
   0.1205E+00
   0.8268E-01
   0.4206E-01
   0.0000E+00
   0.0000E+00
   0.3497E-01
   0.6876E-01
   0.1002E+00
   0.1282E+00
   0.1519E+00
   0.1704E+00
   0.1831E+00
   0.1895E+00
   0.1895E+00
   0.1831E+00
   0.1704E+00
   0.1519E+00
   0.1282E+00
   0.1002E+00
   0.6876E-01
   0.3497E-01
   0.0000E+00
   0.0000E+00
   0.2908E-01
   0.5717E-01
   0.8332E-01
   0.1066E+00
   0.1263E+00
   0.1417E+00
   0.1522E+00
   0.1576E+00
   0.1576E+00
   0.1522E+00
   0.1417E+00
   0.1263E+00
   0.1066E+00
   0.8332E-01
   0.5717E-01
   0.2908E-01
   0.0000E+00
   0.0000E+00
   0.2418E-01
   0.4754E-01
   0.6927E-01
   0.8865E-01
   0.1050E+00
   0.1178E+00
   0.1266E+00
   0.1310E+00
   0.1310E+00
   0.1266E+00
   0.1178E+00
   0.1050E+00
   0.8865E-01
   0.6927E-01
   0.4754E-01
   0.2418E-01
   0.0000E+00
   0.0000E+00
   0.2010E-01
   0.3952E-01
   0.5759E-01
   0.7370E-01
   0.8730E-01
   0.9793E-01
   0.1052E+00
   0.1089E+00
   0.1089E+00
   0.1052E+00
   0.9793E-01
   0.8730E-01
   0.7370E-01
   0.5759E-01
   0.3952E-01
   0.2010E-01
   0.0000E+00
   0.0000E+00
   0.1671E-01
   0.3285E-01
   0.4787E-01
   0.6126E-01
   0.7256E-01
   0.8140E-01
   0.8746E-01
   0.9054E-01
   0.9054E-01
   0.8746E-01
   0.8140E-01
   0.7256E-01
   0.6126E-01
   0.4787E-01
   0.3285E-01
   0.1671E-01
   0.0000E+00
   0.0000E+00
   0.1388E-01
   0.2729E-01
   0.3978E-01
   0.5090E-01
   0.6030E-01
   0.6764E-01
   0.7267E-01
   0.7523E-01
   0.7523E-01
   0.7267E-01
   0.6764E-01
   0.6030E-01
   0.5090E-01
   0.3978E-01
   0.2729E-01
   0.1388E-01
   0.0000E+00
   0.0000E+00
   0.1153E-01
   0.2267E-01
   0.3304E-01
   0.4228E-01
   0.5008E-01
   0.5618E-01
   0.6036E-01
   0.6249E-01
   0.6249E-01
   0.6036E-01
   0.5618E-01
   0.5008E-01
   0.4228E-01
   0.3304E-01
   0.2267E-01
   0.1153E-01
   0.0000E+00
   0.0000E+00
   0.9573E-02
   0.1882E-01
   0.2743E-01
   0.3510E-01
   0.4158E-01
   0.4664E-01
   0.5011E-01
   0.5188E-01
   0.5188E-01
   0.5011E-01
   0.4664E-01
   0.4158E-01
   0.3510E-01
   0.2743E-01
   0.1882E-01
   0.9573E-02
   0.0000E+00
   0.0000E+00
   0.7941E-02
   0.1561E-01
   0.2275E-01
   0.2911E-01
   0.3449E-01
   0.3868E-01
   0.4156E-01
   0.4303E-01
   0.4303E-01
   0.4156E-01
   0.3868E-01
   0.3449E-01
   0.2911E-01
   0.2275E-01
   0.1561E-01
   0.7941E-02
  -0.3778E-08
