   0.0000E+00
   0.4199E-01
   0.8256E-01
   0.1203E+00
   0.1540E+00
   0.1824E+00
   0.2046E+00
   0.2198E+00
   0.2276E+00
   0.2276E+00
   0.2198E+00
   0.2046E+00
   0.1824E+00
   0.1540E+00
   0.1203E+00
   0.8256E-01
   0.4199E-01
   0.0000E+00
   0.0000E+00
   0.3491E-01
   0.6863E-01
   0.1000E+00
   0.1280E+00
   0.1516E+00
   0.1701E+00
   0.1827E+00
   0.1892E+00
   0.1892E+00
   0.1827E+00
   0.1701E+00
   0.1516E+00
   0.1280E+00
   0.1000E+00
   0.6863E-01
   0.3491E-01
   0.0000E+00
   0.0000E+00
   0.2902E-01
   0.5705E-01
   0.8314E-01
   0.1064E+00
   0.1260E+00
   0.1414E+00
   0.1519E+00
   0.1573E+00
   0.1573E+00
   0.1519E+00
   0.1414E+00
   0.1260E+00
   0.1064E+00
   0.8314E-01
   0.5705E-01
   0.2902E-01
   0.0000E+00
   0.0000E+00
   0.2412E-01
   0.4743E-01
   0.6911E-01
   0.8845E-01
   0.1048E+00
   0.1175E+00
   0.1263E+00
   0.1307E+00
   0.1307E+00
   0.1263E+00
   0.1175E+00
   0.1048E+00
   0.8845E-01
   0.6911E-01
   0.4743E-01
   0.2412E-01
   0.0000E+00
   0.0000E+00
   0.2005E-01
   0.3942E-01
   0.5745E-01
   0.7352E-01
   0.8708E-01
   0.9769E-01
   0.1050E+00
   0.1087E+00
   0.1087E+00
   0.1050E+00
   0.9769E-01
   0.8708E-01
   0.7352E-01
   0.5745E-01
   0.3942E-01
   0.2005E-01
   0.0000E+00
   0.0000E+00
   0.1667E-01
   0.3276E-01
   0.4775E-01
   0.6110E-01
   0.7238E-01
   0.8119E-01
   0.8724E-01
   0.9031E-01
   0.9031E-01
   0.8724E-01
   0.8119E-01
   0.7238E-01
   0.6110E-01
   0.4775E-01
   0.3276E-01
   0.1667E-01
   0.0000E+00
   0.0000E+00
   0.1385E-01
   0.2723E-01
   0.3968E-01
   0.5078E-01
   0.6015E-01
   0.6748E-01
   0.7250E-01
   0.7506E-01
   0.7506E-01
   0.7250E-01
   0.6748E-01
   0.6015E-01
   0.5078E-01
   0.3968E-01
   0.2723E-01
   0.1385E-01
   0.0000E+00
   0.0000E+00
   0.1151E-01
   0.2263E-01
   0.3297E-01
   0.4220E-01
   0.4999E-01
   0.5607E-01
   0.6025E-01
   0.6237E-01
   0.6237E-01
   0.6025E-01
   0.5607E-01
   0.4999E-01
   0.4220E-01
   0.3297E-01
   0.2263E-01
   0.1151E-01
   0.0000E+00
   0.0000E+00
   0.9562E-02
   0.1880E-01
   0.2739E-01
   0.3506E-01
   0.4153E-01
   0.4658E-01
   0.5005E-01
   0.5182E-01
   0.5182E-01
   0.5005E-01
   0.4658E-01
   0.4153E-01
   0.3506E-01
   0.2739E-01
   0.1880E-01
   0.9562E-02
   0.0000E+00
   0.0000E+00
   0.7941E-02
   0.1561E-01
   0.2275E-01
   0.2911E-01
   0.3449E-01
   0.3868E-01
   0.4156E-01
   0.4303E-01
   0.4303E-01
   0.4156E-01
   0.3868E-01
   0.3449E-01
   0.2911E-01
   0.2275E-01
   0.1561E-01
   0.7941E-02
  -0.3778E-08
