   0.0000E+00
   0.8551E-01
   0.1702E+00
   0.2534E+00
   0.3343E+00
   0.4122E+00
   0.4863E+00
   0.5561E+00
   0.6208E+00
   0.6798E+00
   0.7327E+00
   0.7790E+00
   0.8182E+00
   0.8501E+00
   0.8742E+00
   0.8904E+00
   0.8985E+00
   0.8985E+00
   0.8904E+00
   0.8742E+00
   0.8501E+00
   0.8182E+00
   0.7790E+00
   0.7327E+00
   0.6798E+00
   0.6208E+00
   0.5561E+00
   0.4863E+00
   0.4122E+00
   0.3343E+00
   0.2534E+00
   0.1702E+00
   0.8551E-01
   0.0000E+00
   0.0000E+00
   0.7675E-01
   0.1528E+00
   0.2275E+00
   0.3001E+00
   0.3700E+00
   0.4365E+00
   0.4991E+00
   0.5572E+00
   0.6102E+00
   0.6577E+00
   0.6993E+00
   0.7345E+00
   0.7630E+00
   0.7847E+00
   0.7992E+00
   0.8065E+00
   0.8065E+00
   0.7992E+00
   0.7847E+00
   0.7630E+00
   0.7345E+00
   0.6993E+00
   0.6577E+00
   0.6102E+00
   0.5572E+00
   0.4991E+00
   0.4365E+00
   0.3700E+00
   0.3001E+00
   0.2275E+00
   0.1528E+00
   0.7675E-01
   0.0000E+00
   0.0000E+00
   0.6874E-01
   0.1368E+00
   0.2037E+00
   0.2687E+00
   0.3313E+00
   0.3909E+00
   0.4470E+00
   0.4990E+00
   0.5465E+00
   0.5890E+00
   0.6262E+00
   0.6578E+00
   0.6833E+00
   0.7027E+00
   0.7157E+00
   0.7223E+00
   0.7223E+00
   0.7157E+00
   0.7027E+00
   0.6833E+00
   0.6578E+00
   0.6262E+00
   0.5890E+00
   0.5465E+00
   0.4990E+00
   0.4470E+00
   0.3909E+00
   0.3313E+00
   0.2687E+00
   0.2037E+00
   0.1368E+00
   0.6874E-01
   0.0000E+00
   0.0000E+00
   0.6140E-01
   0.1222E+00
   0.1820E+00
   0.2401E+00
   0.2960E+00
   0.3492E+00
   0.3993E+00
   0.4458E+00
   0.4882E+00
   0.5262E+00
   0.5594E+00
   0.5876E+00
   0.6104E+00
   0.6277E+00
   0.6394E+00
   0.6452E+00
   0.6452E+00
   0.6394E+00
   0.6277E+00
   0.6104E+00
   0.5876E+00
   0.5594E+00
   0.5262E+00
   0.4882E+00
   0.4458E+00
   0.3993E+00
   0.3492E+00
   0.2960E+00
   0.2401E+00
   0.1820E+00
   0.1222E+00
   0.6140E-01
   0.0000E+00
   0.0000E+00
   0.5471E-01
   0.1089E+00
   0.1621E+00
   0.2139E+00
   0.2637E+00
   0.3111E+00
   0.3558E+00
   0.3971E+00
   0.4349E+00
   0.4688E+00
   0.4984E+00
   0.5235E+00
   0.5439E+00
   0.5593E+00
   0.5697E+00
   0.5749E+00
   0.5749E+00
   0.5697E+00
   0.5593E+00
   0.5439E+00
   0.5235E+00
   0.4984E+00
   0.4688E+00
   0.4349E+00
   0.3971E+00
   0.3558E+00
   0.3111E+00
   0.2637E+00
   0.2139E+00
   0.1621E+00
   0.1089E+00
   0.5471E-01
   0.0000E+00
   0.0000E+00
   0.4860E-01
   0.9676E-01
   0.1440E+00
   0.1900E+00
   0.2343E+00
   0.2764E+00
   0.3161E+00
   0.3528E+00
   0.3864E+00
   0.4165E+00
   0.4428E+00
   0.4651E+00
   0.4832E+00
   0.4969E+00
   0.5061E+00
   0.5107E+00
   0.5107E+00
   0.5061E+00
   0.4969E+00
   0.4832E+00
   0.4651E+00
   0.4428E+00
   0.4165E+00
   0.3864E+00
   0.3528E+00
   0.3161E+00
   0.2764E+00
   0.2343E+00
   0.1900E+00
   0.1440E+00
   0.9676E-01
   0.4860E-01
   0.0000E+00
   0.0000E+00
   0.4305E-01
   0.8571E-01
   0.1276E+00
   0.1683E+00
   0.2075E+00
   0.2449E+00
   0.2800E+00
   0.3125E+00
   0.3423E+00
   0.3689E+00
   0.3922E+00
   0.4120E+00
   0.4280E+00
   0.4401E+00
   0.4483E+00
   0.4524E+00
   0.4524E+00
   0.4483E+00
   0.4401E+00
   0.4280E+00
   0.4120E+00
   0.3922E+00
   0.3689E+00
   0.3423E+00
   0.3125E+00
   0.2800E+00
   0.2449E+00
   0.2075E+00
   0.1683E+00
   0.1276E+00
   0.8571E-01
   0.4305E-01
   0.0000E+00
   0.0000E+00
   0.3802E-01
   0.7569E-01
   0.1127E+00
   0.1486E+00
   0.1833E+00
   0.2162E+00
   0.2472E+00
   0.2760E+00
   0.3023E+00
   0.3258E+00
   0.3464E+00
   0.3638E+00
   0.3780E+00
   0.3887E+00
   0.3959E+00
   0.3995E+00
   0.3995E+00
   0.3959E+00
   0.3887E+00
   0.3780E+00
   0.3638E+00
   0.3464E+00
   0.3258E+00
   0.3023E+00
   0.2760E+00
   0.2472E+00
   0.2162E+00
   0.1833E+00
   0.1486E+00
   0.1127E+00
   0.7569E-01
   0.3802E-01
   0.0000E+00
   0.0000E+00
   0.3347E-01
   0.6663E-01
   0.9919E-01
   0.1309E+00
   0.1613E+00
   0.1903E+00
   0.2176E+00
   0.2430E+00
   0.2661E+00
   0.2868E+00
   0.3049E+00
   0.3203E+00
   0.3327E+00
   0.3421E+00
   0.3485E+00
   0.3517E+00
   0.3517E+00
   0.3485E+00
   0.3421E+00
   0.3327E+00
   0.3203E+00
   0.3049E+00
   0.2868E+00
   0.2661E+00
   0.2430E+00
   0.2176E+00
   0.1903E+00
   0.1613E+00
   0.1309E+00
   0.9919E-01
   0.6663E-01
   0.3347E-01
   0.0000E+00
   0.0000E+00
   0.2936E-01
   0.5846E-01
   0.8703E-01
   0.1148E+00
   0.1416E+00
   0.1670E+00
   0.1910E+00
   0.2132E+00
   0.2335E+00
   0.2516E+00
   0.2675E+00
   0.2810E+00
   0.2919E+00
   0.3002E+00
   0.3058E+00
   0.3086E+00
   0.3086E+00
   0.3058E+00
   0.3002E+00
   0.2919E+00
   0.2810E+00
   0.2675E+00
   0.2516E+00
   0.2335E+00
   0.2132E+00
   0.1910E+00
   0.1670E+00
   0.1416E+00
   0.1148E+00
   0.8703E-01
   0.5846E-01
   0.2936E-01
   0.0000E+00
   0.0000E+00
   0.2568E-01
   0.5113E-01
   0.7612E-01
   0.1004E+00
   0.1238E+00
   0.1461E+00
   0.1670E+00
   0.1864E+00
   0.2042E+00
   0.2201E+00
   0.2340E+00
   0.2458E+00
   0.2553E+00
   0.2626E+00
   0.2674E+00
   0.2699E+00
   0.2699E+00
   0.2674E+00
   0.2626E+00
   0.2553E+00
   0.2458E+00
   0.2340E+00
   0.2201E+00
   0.2042E+00
   0.1864E+00
   0.1670E+00
   0.1461E+00
   0.1238E+00
   0.1004E+00
   0.7612E-01
   0.5113E-01
   0.2568E-01
   0.0000E+00
   0.0000E+00
   0.2239E-01
   0.4458E-01
   0.6636E-01
   0.8754E-01
   0.1079E+00
   0.1273E+00
   0.1456E+00
   0.1625E+00
   0.1780E+00
   0.1919E+00
   0.2040E+00
   0.2143E+00
   0.2226E+00
   0.2289E+00
   0.2331E+00
   0.2353E+00
   0.2353E+00
   0.2331E+00
   0.2289E+00
   0.2226E+00
   0.2143E+00
   0.2040E+00
   0.1919E+00
   0.1780E+00
   0.1625E+00
   0.1456E+00
   0.1273E+00
   0.1079E+00
   0.8754E-01
   0.6636E-01
   0.4458E-01
   0.2239E-01
   0.0000E+00
   0.0000E+00
   0.1946E-01
   0.3874E-01
   0.5767E-01
   0.7608E-01
   0.9380E-01
   0.1107E+00
   0.1265E+00
   0.1413E+00
   0.1547E+00
   0.1668E+00
   0.1773E+00
   0.1862E+00
   0.1935E+00
   0.1989E+00
   0.2026E+00
   0.2045E+00
   0.2045E+00
   0.2026E+00
   0.1989E+00
   0.1935E+00
   0.1862E+00
   0.1773E+00
   0.1668E+00
   0.1547E+00
   0.1413E+00
   0.1265E+00
   0.1107E+00
   0.9380E-01
   0.7608E-01
   0.5767E-01
   0.3874E-01
   0.1946E-01
   0.0000E+00
   0.0000E+00
   0.1686E-01
   0.3358E-01
   0.4998E-01
   0.6594E-01
   0.8130E-01
   0.9592E-01
   0.1097E+00
   0.1224E+00
   0.1341E+00
   0.1445E+00
   0.1536E+00
   0.1614E+00
   0.1677E+00
   0.1724E+00
   0.1756E+00
   0.1772E+00
   0.1772E+00
   0.1756E+00
   0.1724E+00
   0.1677E+00
   0.1614E+00
   0.1536E+00
   0.1445E+00
   0.1341E+00
   0.1224E+00
   0.1097E+00
   0.9592E-01
   0.8130E-01
   0.6594E-01
   0.4998E-01
   0.3358E-01
   0.1686E-01
   0.0000E+00
   0.0000E+00
   0.1458E-01
   0.2903E-01
   0.4321E-01
   0.5701E-01
   0.7029E-01
   0.8293E-01
   0.9482E-01
   0.1059E+00
   0.1159E+00
   0.1249E+00
   0.1328E+00
   0.1395E+00
   0.1450E+00
   0.1491E+00
   0.1518E+00
   0.1532E+00
   0.1532E+00
   0.1518E+00
   0.1491E+00
   0.1450E+00
   0.1395E+00
   0.1328E+00
   0.1249E+00
   0.1159E+00
   0.1059E+00
   0.9482E-01
   0.8293E-01
   0.7029E-01
   0.5701E-01
   0.4321E-01
   0.2903E-01
   0.1458E-01
   0.0000E+00
   0.0000E+00
   0.1258E-01
   0.2505E-01
   0.3729E-01
   0.4919E-01
   0.6065E-01
   0.7156E-01
   0.8182E-01
   0.9134E-01
   0.1000E+00
   0.1078E+00
   0.1146E+00
   0.1204E+00
   0.1251E+00
   0.1286E+00
   0.1310E+00
   0.1322E+00
   0.1322E+00
   0.1310E+00
   0.1286E+00
   0.1251E+00
   0.1204E+00
   0.1146E+00
   0.1078E+00
   0.1000E+00
   0.9134E-01
   0.8182E-01
   0.7156E-01
   0.6065E-01
   0.4919E-01
   0.3729E-01
   0.2505E-01
   0.1258E-01
   0.0000E+00
   0.0000E+00
   0.1085E-01
   0.2159E-01
   0.3215E-01
   0.4241E-01
   0.5228E-01
   0.6169E-01
   0.7053E-01
   0.7874E-01
   0.8623E-01
   0.9294E-01
   0.9881E-01
   0.1038E+00
   0.1078E+00
   0.1109E+00
   0.1129E+00
   0.1140E+00
   0.1140E+00
   0.1129E+00
   0.1109E+00
   0.1078E+00
   0.1038E+00
   0.9881E-01
   0.9294E-01
   0.8623E-01
   0.7874E-01
   0.7053E-01
   0.6169E-01
   0.5228E-01
   0.4241E-01
   0.3215E-01
   0.2159E-01
   0.1085E-01
   0.0000E+00
   0.0000E+00
   0.9350E-02
   0.1861E-01
   0.2771E-01
   0.3656E-01
   0.4507E-01
   0.5318E-01
   0.6080E-01
   0.6788E-01
   0.7433E-01
   0.8012E-01
   0.8518E-01
   0.8947E-01
   0.9295E-01
   0.9559E-01
   0.9736E-01
   0.9825E-01
   0.9825E-01
   0.9736E-01
   0.9559E-01
   0.9295E-01
   0.8947E-01
   0.8518E-01
   0.8012E-01
   0.7433E-01
   0.6788E-01
   0.6080E-01
   0.5318E-01
   0.4507E-01
   0.3656E-01
   0.2771E-01
   0.1861E-01
   0.9350E-02
   0.0000E+00
   0.0000E+00
   0.8072E-02
   0.1607E-01
   0.2392E-01
   0.3156E-01
   0.3891E-01
   0.4591E-01
   0.5249E-01
   0.5860E-01
   0.6418E-01
   0.6917E-01
   0.7354E-01
   0.7725E-01
   0.8025E-01
   0.8253E-01
   0.8405E-01
   0.8482E-01
   0.8482E-01
   0.8405E-01
   0.8253E-01
   0.8025E-01
   0.7725E-01
   0.7354E-01
   0.6917E-01
   0.6418E-01
   0.5860E-01
   0.5249E-01
   0.4591E-01
   0.3891E-01
   0.3156E-01
   0.2392E-01
   0.1607E-01
   0.8072E-02
   0.0000E+00
   0.0000E+00
   0.6993E-02
   0.1392E-01
   0.2073E-01
   0.2734E-01
   0.3371E-01
   0.3977E-01
   0.4548E-01
   0.5077E-01
   0.5560E-01
   0.5993E-01
   0.6371E-01
   0.6692E-01
   0.6952E-01
   0.7150E-01
   0.7282E-01
   0.7349E-01
   0.7349E-01
   0.7282E-01
   0.7150E-01
   0.6952E-01
   0.6692E-01
   0.6371E-01
   0.5993E-01
   0.5560E-01
   0.5077E-01
   0.4548E-01
   0.3977E-01
   0.3371E-01
   0.2734E-01
   0.2073E-01
   0.1392E-01
   0.6993E-02
   0.0000E+00
   0.0000E+00
   0.6094E-02
   0.1213E-01
   0.1806E-01
   0.2383E-01
   0.2938E-01
   0.3466E-01
   0.3963E-01
   0.4424E-01
   0.4845E-01
   0.5222E-01
   0.5552E-01
   0.5832E-01
   0.6058E-01
   0.6230E-01
   0.6346E-01
   0.6404E-01
   0.6404E-01
   0.6346E-01
   0.6230E-01
   0.6058E-01
   0.5832E-01
   0.5552E-01
   0.5222E-01
   0.4845E-01
   0.4424E-01
   0.3963E-01
   0.3466E-01
   0.2938E-01
   0.2383E-01
   0.1806E-01
   0.1213E-01
   0.6094E-02
   0.0000E+00
   0.0000E+00
   0.5357E-02
   0.1067E-01
   0.1588E-01
   0.2095E-01
   0.2582E-01
   0.3047E-01
   0.3484E-01
   0.3889E-01
   0.4259E-01
   0.4591E-01
   0.4881E-01
   0.5126E-01
   0.5326E-01
   0.5477E-01
   0.5578E-01
   0.5629E-01
   0.5629E-01
   0.5578E-01
   0.5477E-01
   0.5326E-01
   0.5126E-01
   0.4881E-01
   0.4591E-01
   0.4259E-01
   0.3889E-01
   0.3484E-01
   0.3047E-01
   0.2582E-01
   0.2095E-01
   0.1588E-01
   0.1067E-01
   0.5357E-02
   0.0000E+00
   0.0000E+00
   0.4766E-02
   0.9488E-02
   0.1413E-01
   0.1863E-01
   0.2297E-01
   0.2711E-01
   0.3099E-01
   0.3460E-01
   0.3789E-01
   0.4084E-01
   0.4342E-01
   0.4561E-01
   0.4738E-01
   0.4872E-01
   0.4963E-01
   0.5008E-01
   0.5008E-01
   0.4963E-01
   0.4872E-01
   0.4738E-01
   0.4561E-01
   0.4342E-01
   0.4084E-01
   0.3789E-01
   0.3460E-01
   0.3099E-01
   0.2711E-01
   0.2297E-01
   0.1863E-01
   0.1413E-01
   0.9488E-02
   0.4766E-02
   0.0000E+00
   0.0000E+00
   0.4305E-02
   0.8571E-02
   0.1276E-01
   0.1683E-01
   0.2075E-01
   0.2449E-01
   0.2800E-01
   0.3125E-01
   0.3423E-01
   0.3689E-01
   0.3922E-01
   0.4120E-01
   0.4280E-01
   0.4401E-01
   0.4483E-01
   0.4524E-01
   0.4524E-01
   0.4483E-01
   0.4401E-01
   0.4280E-01
   0.4120E-01
   0.3922E-01
   0.3689E-01
   0.3423E-01
   0.3125E-01
   0.2800E-01
   0.2449E-01
   0.2075E-01
   0.1683E-01
   0.1276E-01
   0.8571E-02
   0.4305E-02
   0.0000E+00
   0.0000E+00
   0.3961E-02
   0.7886E-02
   0.1174E-01
   0.1549E-01
   0.1909E-01
   0.2253E-01
   0.2576E-01
   0.2875E-01
   0.3149E-01
   0.3394E-01
   0.3609E-01
   0.3790E-01
   0.3938E-01
   0.4049E-01
   0.4124E-01
   0.4162E-01
   0.4162E-01
   0.4124E-01
   0.4049E-01
   0.3938E-01
   0.3790E-01
   0.3609E-01
   0.3394E-01
   0.3149E-01
   0.2875E-01
   0.2576E-01
   0.2253E-01
   0.1909E-01
   0.1549E-01
   0.1174E-01
   0.7886E-02
   0.3961E-02
   0.0000E+00
   0.0000E+00
   0.3721E-02
   0.7407E-02
   0.1103E-01
   0.1455E-01
   0.1794E-01
   0.2116E-01
   0.2420E-01
   0.2701E-01
   0.2958E-01
   0.3188E-01
   0.3390E-01
   0.3560E-01
   0.3699E-01
   0.3804E-01
   0.3874E-01
   0.3910E-01
   0.3910E-01
   0.3874E-01
   0.3804E-01
   0.3699E-01
   0.3560E-01
   0.3390E-01
   0.3188E-01
   0.2958E-01
   0.2701E-01
   0.2420E-01
   0.2116E-01
   0.1794E-01
   0.1455E-01
   0.1103E-01
   0.7407E-02
   0.3721E-02
   0.0000E+00
   0.0000E+00
   0.3573E-02
   0.7113E-02
   0.1059E-01
   0.1397E-01
   0.1722E-01
   0.2032E-01
   0.2323E-01
   0.2594E-01
   0.2840E-01
   0.3062E-01
   0.3255E-01
   0.3419E-01
   0.3552E-01
   0.3653E-01
   0.3720E-01
   0.3754E-01
   0.3754E-01
   0.3720E-01
   0.3653E-01
   0.3552E-01
   0.3419E-01
   0.3255E-01
   0.3062E-01
   0.2840E-01
   0.2594E-01
   0.2323E-01
   0.2032E-01
   0.1722E-01
   0.1397E-01
   0.1059E-01
   0.7113E-02
   0.3573E-02
   0.0000E+00
   0.0000E+00
   0.3507E-02
   0.6982E-02
   0.1039E-01
   0.1371E-01
   0.1690E-01
   0.1995E-01
   0.2280E-01
   0.2546E-01
   0.2788E-01
   0.3005E-01
   0.3195E-01
   0.3356E-01
   0.3486E-01
   0.3585E-01
   0.3652E-01
   0.3685E-01
   0.3685E-01
   0.3652E-01
   0.3585E-01
   0.3486E-01
   0.3356E-01
   0.3195E-01
   0.3005E-01
   0.2788E-01
   0.2546E-01
   0.2280E-01
   0.1995E-01
   0.1690E-01
   0.1371E-01
   0.1039E-01
   0.6982E-02
   0.3507E-02
   0.0000E+00
   0.0000E+00
   0.3513E-02
   0.6995E-02
   0.1041E-01
   0.1374E-01
   0.1694E-01
   0.1998E-01
   0.2285E-01
   0.2551E-01
   0.2793E-01
   0.3011E-01
   0.3201E-01
   0.3362E-01
   0.3493E-01
   0.3592E-01
   0.3659E-01
   0.3692E-01
   0.3692E-01
   0.3659E-01
   0.3592E-01
   0.3493E-01
   0.3362E-01
   0.3201E-01
   0.3011E-01
   0.2793E-01
   0.2551E-01
   0.2285E-01
   0.1998E-01
   0.1694E-01
   0.1374E-01
   0.1041E-01
   0.6995E-02
   0.3513E-02
   0.0000E+00
   0.0000E+00
   0.3584E-02
   0.7136E-02
   0.1062E-01
   0.1401E-01
   0.1728E-01
   0.2039E-01
   0.2331E-01
   0.2602E-01
   0.2850E-01
   0.3071E-01
   0.3265E-01
   0.3430E-01
   0.3563E-01
   0.3664E-01
   0.3732E-01
   0.3766E-01
   0.3766E-01
   0.3732E-01
   0.3664E-01
   0.3563E-01
   0.3430E-01
   0.3265E-01
   0.3071E-01
   0.2850E-01
   0.2602E-01
   0.2331E-01
   0.2039E-01
   0.1728E-01
   0.1401E-01
   0.1062E-01
   0.7136E-02
   0.3584E-02
   0.0000E+00
   0.0000E+00
   0.3711E-02
   0.7389E-02
   0.1100E-01
   0.1451E-01
   0.1789E-01
   0.2111E-01
   0.2414E-01
   0.2694E-01
   0.2951E-01
   0.3180E-01
   0.3381E-01
   0.3552E-01
   0.3690E-01
   0.3794E-01
   0.3865E-01
   0.3900E-01
   0.3900E-01
   0.3865E-01
   0.3794E-01
   0.3690E-01
   0.3552E-01
   0.3381E-01
   0.3180E-01
   0.2951E-01
   0.2694E-01
   0.2414E-01
   0.2111E-01
   0.1789E-01
   0.1451E-01
   0.1100E-01
   0.7389E-02
   0.3711E-02
   0.0000E+00
   0.0000E+00
   0.3888E-02
   0.7741E-02
   0.1152E-01
   0.1520E-01
   0.1874E-01
   0.2211E-01
   0.2528E-01
   0.2823E-01
   0.3091E-01
   0.3332E-01
   0.3542E-01
   0.3721E-01
   0.3865E-01
   0.3975E-01
   0.4049E-01
   0.4086E-01
   0.4086E-01
   0.4049E-01
   0.3975E-01
   0.3865E-01
   0.3721E-01
   0.3542E-01
   0.3332E-01
   0.3091E-01
   0.2823E-01
   0.2528E-01
   0.2211E-01
   0.1874E-01
   0.1520E-01
   0.1152E-01
   0.7741E-02
   0.3888E-02
   0.0000E+00
