   0.8551E-01
   0.7675E-01
   0.6874E-01
   0.6140E-01
   0.5471E-01
   0.4860E-01
   0.4305E-01
   0.3802E-01
   0.3347E-01
   0.2936E-01
   0.2568E-01
   0.2239E-01
   0.1946E-01
   0.1686E-01
   0.1458E-01
   0.1258E-01
   0.1702E+00
   0.1528E+00
   0.1368E+00
   0.1222E+00
   0.1089E+00
   0.9676E-01
   0.8571E-01
   0.7569E-01
   0.6663E-01
   0.5846E-01
   0.5113E-01
   0.4458E-01
   0.3874E-01
   0.3358E-01
   0.2903E-01
   0.2505E-01
   0.2534E+00
   0.2275E+00
   0.2037E+00
   0.1820E+00
   0.1621E+00
   0.1440E+00
   0.1276E+00
   0.1127E+00
   0.9919E-01
   0.8703E-01
   0.7612E-01
   0.6636E-01
   0.5767E-01
   0.4998E-01
   0.4321E-01
   0.3729E-01
   0.3343E+00
   0.3001E+00
   0.2687E+00
   0.2401E+00
   0.2139E+00
   0.1900E+00
   0.1683E+00
   0.1486E+00
   0.1309E+00
   0.1148E+00
   0.1004E+00
   0.8754E-01
   0.7608E-01
   0.6594E-01
   0.5701E-01
   0.4919E-01
   0.4122E+00
   0.3700E+00
   0.3313E+00
   0.2960E+00
   0.2637E+00
   0.2343E+00
   0.2075E+00
   0.1833E+00
   0.1613E+00
   0.1416E+00
   0.1238E+00
   0.1079E+00
   0.9380E-01
   0.8130E-01
   0.7029E-01
   0.6065E-01
   0.4863E+00
   0.4365E+00
   0.3909E+00
   0.3492E+00
   0.3111E+00
   0.2764E+00
   0.2449E+00
   0.2162E+00
   0.1903E+00
   0.1670E+00
   0.1461E+00
   0.1273E+00
   0.1107E+00
   0.9592E-01
   0.8293E-01
   0.7156E-01
   0.5561E+00
   0.4991E+00
   0.4470E+00
   0.3993E+00
   0.3558E+00
   0.3161E+00
   0.2800E+00
   0.2472E+00
   0.2176E+00
   0.1910E+00
   0.1670E+00
   0.1456E+00
   0.1265E+00
   0.1097E+00
   0.9482E-01
   0.8182E-01
   0.6208E+00
   0.5572E+00
   0.4990E+00
   0.4458E+00
   0.3971E+00
   0.3528E+00
   0.3125E+00
   0.2760E+00
   0.2430E+00
   0.2132E+00
   0.1864E+00
   0.1625E+00
   0.1413E+00
   0.1224E+00
   0.1059E+00
   0.9134E-01
   0.6798E+00
   0.6102E+00
   0.5465E+00
   0.4882E+00
   0.4349E+00
   0.3864E+00
   0.3423E+00
   0.3023E+00
   0.2661E+00
   0.2335E+00
   0.2042E+00
   0.1780E+00
   0.1547E+00
   0.1341E+00
   0.1159E+00
   0.1000E+00
   0.7327E+00
   0.6577E+00
   0.5890E+00
   0.5262E+00
   0.4688E+00
   0.4165E+00
   0.3689E+00
   0.3258E+00
   0.2868E+00
   0.2516E+00
   0.2201E+00
   0.1919E+00
   0.1668E+00
   0.1445E+00
   0.1249E+00
   0.1078E+00
   0.7790E+00
   0.6993E+00
   0.6262E+00
   0.5594E+00
   0.4984E+00
   0.4428E+00
   0.3922E+00
   0.3464E+00
   0.3049E+00
   0.2675E+00
   0.2340E+00
   0.2040E+00
   0.1773E+00
   0.1536E+00
   0.1328E+00
   0.1146E+00
   0.8182E+00
   0.7345E+00
   0.6578E+00
   0.5876E+00
   0.5235E+00
   0.4651E+00
   0.4120E+00
   0.3638E+00
   0.3203E+00
   0.2810E+00
   0.2458E+00
   0.2143E+00
   0.1862E+00
   0.1614E+00
   0.1395E+00
   0.1204E+00
   0.8501E+00
   0.7630E+00
   0.6833E+00
   0.6104E+00
   0.5439E+00
   0.4832E+00
   0.4280E+00
   0.3780E+00
   0.3327E+00
   0.2919E+00
   0.2553E+00
   0.2226E+00
   0.1935E+00
   0.1677E+00
   0.1450E+00
   0.1251E+00
   0.8742E+00
   0.7847E+00
   0.7027E+00
   0.6277E+00
   0.5593E+00
   0.4969E+00
   0.4401E+00
   0.3887E+00
   0.3421E+00
   0.3002E+00
   0.2626E+00
   0.2289E+00
   0.1989E+00
   0.1724E+00
   0.1491E+00
   0.1286E+00
   0.8904E+00
   0.7992E+00
   0.7157E+00
   0.6394E+00
   0.5697E+00
   0.5061E+00
   0.4483E+00
   0.3959E+00
   0.3485E+00
   0.3058E+00
   0.2674E+00
   0.2331E+00
   0.2026E+00
   0.1756E+00
   0.1518E+00
   0.1310E+00
   0.8985E+00
   0.8065E+00
   0.7223E+00
   0.6452E+00
   0.5749E+00
   0.5107E+00
   0.4524E+00
   0.3995E+00
   0.3517E+00
   0.3086E+00
   0.2699E+00
   0.2353E+00
   0.2045E+00
   0.1772E+00
   0.1532E+00
   0.1322E+00
   0.8985E+00
   0.8065E+00
   0.7223E+00
   0.6452E+00
   0.5749E+00
   0.5107E+00
   0.4524E+00
   0.3995E+00
   0.3517E+00
   0.3086E+00
   0.2699E+00
   0.2353E+00
   0.2045E+00
   0.1772E+00
   0.1532E+00
   0.1322E+00
   0.8904E+00
   0.7992E+00
   0.7157E+00
   0.6394E+00
   0.5697E+00
   0.5061E+00
   0.4483E+00
   0.3959E+00
   0.3485E+00
   0.3058E+00
   0.2674E+00
   0.2331E+00
   0.2026E+00
   0.1756E+00
   0.1518E+00
   0.1310E+00
   0.8742E+00
   0.7847E+00
   0.7027E+00
   0.6277E+00
   0.5593E+00
   0.4969E+00
   0.4401E+00
   0.3887E+00
   0.3421E+00
   0.3002E+00
   0.2626E+00
   0.2289E+00
   0.1989E+00
   0.1724E+00
   0.1491E+00
   0.1286E+00
   0.8501E+00
   0.7630E+00
   0.6833E+00
   0.6104E+00
   0.5439E+00
   0.4832E+00
   0.4280E+00
   0.3780E+00
   0.3327E+00
   0.2919E+00
   0.2553E+00
   0.2226E+00
   0.1935E+00
   0.1677E+00
   0.1450E+00
   0.1251E+00
   0.8182E+00
   0.7345E+00
   0.6578E+00
   0.5876E+00
   0.5235E+00
   0.4651E+00
   0.4120E+00
   0.3638E+00
   0.3203E+00
   0.2810E+00
   0.2458E+00
   0.2143E+00
   0.1862E+00
   0.1614E+00
   0.1395E+00
   0.1204E+00
   0.7790E+00
   0.6993E+00
   0.6262E+00
   0.5594E+00
   0.4984E+00
   0.4428E+00
   0.3922E+00
   0.3464E+00
   0.3049E+00
   0.2675E+00
   0.2340E+00
   0.2040E+00
   0.1773E+00
   0.1536E+00
   0.1328E+00
   0.1146E+00
   0.7327E+00
   0.6577E+00
   0.5890E+00
   0.5262E+00
   0.4688E+00
   0.4165E+00
   0.3689E+00
   0.3258E+00
   0.2868E+00
   0.2516E+00
   0.2201E+00
   0.1919E+00
   0.1668E+00
   0.1445E+00
   0.1249E+00
   0.1078E+00
   0.6798E+00
   0.6102E+00
   0.5465E+00
   0.4882E+00
   0.4349E+00
   0.3864E+00
   0.3423E+00
   0.3023E+00
   0.2661E+00
   0.2335E+00
   0.2042E+00
   0.1780E+00
   0.1547E+00
   0.1341E+00
   0.1159E+00
   0.1000E+00
   0.6208E+00
   0.5572E+00
   0.4990E+00
   0.4458E+00
   0.3971E+00
   0.3528E+00
   0.3125E+00
   0.2760E+00
   0.2430E+00
   0.2132E+00
   0.1864E+00
   0.1625E+00
   0.1413E+00
   0.1224E+00
   0.1059E+00
   0.9134E-01
   0.5561E+00
   0.4991E+00
   0.4470E+00
   0.3993E+00
   0.3558E+00
   0.3161E+00
   0.2800E+00
   0.2472E+00
   0.2176E+00
   0.1910E+00
   0.1670E+00
   0.1456E+00
   0.1265E+00
   0.1097E+00
   0.9482E-01
   0.8182E-01
   0.4863E+00
   0.4365E+00
   0.3909E+00
   0.3492E+00
   0.3111E+00
   0.2764E+00
   0.2449E+00
   0.2162E+00
   0.1903E+00
   0.1670E+00
   0.1461E+00
   0.1273E+00
   0.1107E+00
   0.9592E-01
   0.8293E-01
   0.7156E-01
   0.4122E+00
   0.3700E+00
   0.3313E+00
   0.2960E+00
   0.2637E+00
   0.2343E+00
   0.2075E+00
   0.1833E+00
   0.1613E+00
   0.1416E+00
   0.1238E+00
   0.1079E+00
   0.9380E-01
   0.8130E-01
   0.7029E-01
   0.6065E-01
   0.3343E+00
   0.3001E+00
   0.2687E+00
   0.2401E+00
   0.2139E+00
   0.1900E+00
   0.1683E+00
   0.1486E+00
   0.1309E+00
   0.1148E+00
   0.1004E+00
   0.8754E-01
   0.7608E-01
   0.6594E-01
   0.5701E-01
   0.4919E-01
   0.2534E+00
   0.2275E+00
   0.2037E+00
   0.1820E+00
   0.1621E+00
   0.1440E+00
   0.1276E+00
   0.1127E+00
   0.9919E-01
   0.8703E-01
   0.7612E-01
   0.6636E-01
   0.5767E-01
   0.4998E-01
   0.4321E-01
   0.3729E-01
   0.1702E+00
   0.1528E+00
   0.1368E+00
   0.1222E+00
   0.1089E+00
   0.9676E-01
   0.8571E-01
   0.7569E-01
   0.6663E-01
   0.5846E-01
   0.5113E-01
   0.4458E-01
   0.3874E-01
   0.3358E-01
   0.2903E-01
   0.2505E-01
   0.8551E-01
   0.7675E-01
   0.6874E-01
   0.6140E-01
   0.5471E-01
   0.4860E-01
   0.4305E-01
   0.3802E-01
   0.3347E-01
   0.2936E-01
   0.2568E-01
   0.2239E-01
   0.1946E-01
   0.1686E-01
   0.1458E-01
   0.1258E-01
