   0.1528E+00
   0.1271E+00
   0.1057E+00
   0.8792E-01
   0.7312E-01
   0.6081E-01
   0.5057E-01
   0.4206E-01
   0.3004E+00
   0.2499E+00
   0.2078E+00
   0.1728E+00
   0.1437E+00
   0.1195E+00
   0.9942E-01
   0.8268E-01
   0.4378E+00
   0.3641E+00
   0.3029E+00
   0.2519E+00
   0.2095E+00
   0.1742E+00
   0.1449E+00
   0.1205E+00
   0.5603E+00
   0.4660E+00
   0.3876E+00
   0.3223E+00
   0.2681E+00
   0.2230E+00
   0.1854E+00
   0.1542E+00
   0.6637E+00
   0.5520E+00
   0.4591E+00
   0.3818E+00
   0.3176E+00
   0.2641E+00
   0.2196E+00
   0.1826E+00
   0.7445E+00
   0.6192E+00
   0.5150E+00
   0.4283E+00
   0.3562E+00
   0.2962E+00
   0.2464E+00
   0.2049E+00
   0.7999E+00
   0.6653E+00
   0.5533E+00
   0.4602E+00
   0.3827E+00
   0.3183E+00
   0.2647E+00
   0.2201E+00
   0.8282E+00
   0.6888E+00
   0.5728E+00
   0.4764E+00
   0.3962E+00
   0.3295E+00
   0.2740E+00
   0.2279E+00
   0.8282E+00
   0.6888E+00
   0.5728E+00
   0.4764E+00
   0.3962E+00
   0.3295E+00
   0.2740E+00
   0.2279E+00
   0.7999E+00
   0.6653E+00
   0.5533E+00
   0.4602E+00
   0.3827E+00
   0.3183E+00
   0.2647E+00
   0.2201E+00
   0.7445E+00
   0.6192E+00
   0.5150E+00
   0.4283E+00
   0.3562E+00
   0.2962E+00
   0.2464E+00
   0.2049E+00
   0.6637E+00
   0.5520E+00
   0.4591E+00
   0.3818E+00
   0.3176E+00
   0.2641E+00
   0.2196E+00
   0.1826E+00
   0.5603E+00
   0.4660E+00
   0.3876E+00
   0.3223E+00
   0.2681E+00
   0.2230E+00
   0.1854E+00
   0.1542E+00
   0.4378E+00
   0.3641E+00
   0.3029E+00
   0.2519E+00
   0.2095E+00
   0.1742E+00
   0.1449E+00
   0.1205E+00
   0.3004E+00
   0.2499E+00
   0.2078E+00
   0.1728E+00
   0.1437E+00
   0.1195E+00
   0.9942E-01
   0.8268E-01
   0.1528E+00
   0.1271E+00
   0.1057E+00
   0.8792E-01
   0.7312E-01
   0.6081E-01
   0.5057E-01
   0.4206E-01
