   0.0000E+00
   0.1525E+00
   0.2997E+00
   0.4368E+00
   0.5590E+00
   0.6621E+00
   0.7427E+00
   0.7980E+00
   0.8261E+00
   0.8261E+00
   0.7980E+00
   0.7427E+00
   0.6621E+00
   0.5590E+00
   0.4368E+00
   0.2997E+00
   0.1525E+00
   0.0000E+00
   0.0000E+00
   0.1264E+00
   0.2485E+00
   0.3621E+00
   0.4633E+00
   0.5489E+00
   0.6157E+00
   0.6615E+00
   0.6848E+00
   0.6848E+00
   0.6615E+00
   0.6157E+00
   0.5489E+00
   0.4633E+00
   0.3621E+00
   0.2485E+00
   0.1264E+00
   0.0000E+00
   0.0000E+00
   0.1047E+00
   0.2057E+00
   0.2998E+00
   0.3837E+00
   0.4545E+00
   0.5098E+00
   0.5478E+00
   0.5671E+00
   0.5671E+00
   0.5478E+00
   0.5098E+00
   0.4545E+00
   0.3837E+00
   0.2998E+00
   0.2057E+00
   0.1047E+00
   0.0000E+00
   0.0000E+00
   0.8657E-01
   0.1702E+00
   0.2480E+00
   0.3174E+00
   0.3760E+00
   0.4217E+00
   0.4531E+00
   0.4691E+00
   0.4691E+00
   0.4531E+00
   0.4217E+00
   0.3760E+00
   0.3174E+00
   0.2480E+00
   0.1702E+00
   0.8657E-01
   0.0000E+00
   0.0000E+00
   0.7152E-01
   0.1406E+00
   0.2049E+00
   0.2622E+00
   0.3106E+00
   0.3484E+00
   0.3744E+00
   0.3876E+00
   0.3876E+00
   0.3744E+00
   0.3484E+00
   0.3106E+00
   0.2622E+00
   0.2049E+00
   0.1406E+00
   0.7152E-01
   0.0000E+00
   0.0000E+00
   0.5902E-01
   0.1160E+00
   0.1691E+00
   0.2164E+00
   0.2563E+00
   0.2875E+00
   0.3089E+00
   0.3198E+00
   0.3198E+00
   0.3089E+00
   0.2875E+00
   0.2563E+00
   0.2164E+00
   0.1691E+00
   0.1160E+00
   0.5902E-01
   0.0000E+00
   0.0000E+00
   0.4865E-01
   0.9564E-01
   0.1394E+00
   0.1784E+00
   0.2113E+00
   0.2370E+00
   0.2547E+00
   0.2636E+00
   0.2636E+00
   0.2547E+00
   0.2370E+00
   0.2113E+00
   0.1784E+00
   0.1394E+00
   0.9564E-01
   0.4865E-01
   0.0000E+00
   0.0000E+00
   0.4007E-01
   0.7878E-01
   0.1148E+00
   0.1469E+00
   0.1740E+00
   0.1952E+00
   0.2097E+00
   0.2171E+00
   0.2171E+00
   0.2097E+00
   0.1952E+00
   0.1740E+00
   0.1469E+00
   0.1148E+00
   0.7878E-01
   0.4007E-01
   0.0000E+00
   0.0000E+00
   0.3299E-01
   0.6486E-01
   0.9451E-01
   0.1210E+00
   0.1433E+00
   0.1607E+00
   0.1727E+00
   0.1788E+00
   0.1788E+00
   0.1727E+00
   0.1607E+00
   0.1433E+00
   0.1210E+00
   0.9451E-01
   0.6486E-01
   0.3299E-01
   0.0000E+00
   0.0000E+00
   0.2717E-01
   0.5341E-01
   0.7784E-01
   0.9961E-01
   0.1180E+00
   0.1324E+00
   0.1422E+00
   0.1472E+00
   0.1472E+00
   0.1422E+00
   0.1324E+00
   0.1180E+00
   0.9961E-01
   0.7784E-01
   0.5341E-01
   0.2717E-01
   0.0000E+00
   0.0000E+00
   0.2240E-01
   0.4404E-01
   0.6418E-01
   0.8213E-01
   0.9729E-01
   0.1091E+00
   0.1173E+00
   0.1214E+00
   0.1214E+00
   0.1173E+00
   0.1091E+00
   0.9729E-01
   0.8213E-01
   0.6418E-01
   0.4404E-01
   0.2240E-01
   0.0000E+00
   0.0000E+00
   0.1852E-01
   0.3641E-01
   0.5305E-01
   0.6790E-01
   0.8043E-01
   0.9022E-01
   0.9693E-01
   0.1004E+00
   0.1004E+00
   0.9693E-01
   0.9022E-01
   0.8043E-01
   0.6790E-01
   0.5305E-01
   0.3641E-01
   0.1852E-01
   0.0000E+00
   0.0000E+00
   0.1537E-01
   0.3022E-01
   0.4404E-01
   0.5636E-01
   0.6677E-01
   0.7489E-01
   0.8047E-01
   0.8331E-01
   0.8331E-01
   0.8047E-01
   0.7489E-01
   0.6677E-01
   0.5636E-01
   0.4404E-01
   0.3022E-01
   0.1537E-01
   0.0000E+00
   0.0000E+00
   0.1284E-01
   0.2525E-01
   0.3679E-01
   0.4708E-01
   0.5577E-01
   0.6256E-01
   0.6722E-01
   0.6959E-01
   0.6959E-01
   0.6722E-01
   0.6256E-01
   0.5577E-01
   0.4708E-01
   0.3679E-01
   0.2525E-01
   0.1284E-01
   0.0000E+00
   0.0000E+00
   0.1082E-01
   0.2127E-01
   0.3099E-01
   0.3966E-01
   0.4698E-01
   0.5270E-01
   0.5662E-01
   0.5862E-01
   0.5862E-01
   0.5662E-01
   0.5270E-01
   0.4698E-01
   0.3966E-01
   0.3099E-01
   0.2127E-01
   0.1082E-01
   0.0000E+00
   0.0000E+00
   0.9210E-02
   0.1811E-01
   0.2639E-01
   0.3377E-01
   0.4000E-01
   0.4487E-01
   0.4821E-01
   0.4991E-01
   0.4991E-01
   0.4821E-01
   0.4487E-01
   0.4000E-01
   0.3377E-01
   0.2639E-01
   0.1811E-01
   0.9210E-02
   0.0000E+00
