   0.0000E+00
   0.4831E-01
   0.9651E-01
   0.1445E+00
   0.1921E+00
   0.2393E+00
   0.2859E+00
   0.3319E+00
   0.3771E+00
   0.4214E+00
   0.4647E+00
   0.5070E+00
   0.5480E+00
   0.5878E+00
   0.6262E+00
   0.6631E+00
   0.6985E+00
   0.7323E+00
   0.7643E+00
   0.7946E+00
   0.8230E+00
   0.8495E+00
   0.8740E+00
   0.8964E+00
   0.9168E+00
   0.9350E+00
   0.9511E+00
   0.9649E+00
   0.9764E+00
   0.9857E+00
   0.9927E+00
   0.9974E+00
   0.9997E+00
   0.9997E+00
   0.9974E+00
   0.9927E+00
   0.9857E+00
   0.9764E+00
   0.9649E+00
   0.9511E+00
   0.9350E+00
   0.9168E+00
   0.8964E+00
   0.8740E+00
   0.8495E+00
   0.8230E+00
   0.7946E+00
   0.7643E+00
   0.7323E+00
   0.6985E+00
   0.6631E+00
   0.6262E+00
   0.5878E+00
   0.5480E+00
   0.5070E+00
   0.4647E+00
   0.4214E+00
   0.3771E+00
   0.3319E+00
   0.2859E+00
   0.2393E+00
   0.1921E+00
   0.1445E+00
   0.9651E-01
   0.4831E-01
  -0.8742E-07
   0.0000E+00
   0.4603E-01
   0.9195E-01
   0.1377E+00
   0.1830E+00
   0.2280E+00
   0.2724E+00
   0.3162E+00
   0.3592E+00
   0.4015E+00
   0.4427E+00
   0.4830E+00
   0.5221E+00
   0.5600E+00
   0.5966E+00
   0.6317E+00
   0.6655E+00
   0.6976E+00
   0.7281E+00
   0.7570E+00
   0.7840E+00
   0.8093E+00
   0.8326E+00
   0.8540E+00
   0.8734E+00
   0.8908E+00
   0.9060E+00
   0.9192E+00
   0.9302E+00
   0.9391E+00
   0.9457E+00
   0.9502E+00
   0.9524E+00
   0.9524E+00
   0.9502E+00
   0.9457E+00
   0.9391E+00
   0.9302E+00
   0.9192E+00
   0.9060E+00
   0.8908E+00
   0.8734E+00
   0.8540E+00
   0.8326E+00
   0.8093E+00
   0.7840E+00
   0.7570E+00
   0.7281E+00
   0.6976E+00
   0.6655E+00
   0.6317E+00
   0.5966E+00
   0.5600E+00
   0.5221E+00
   0.4830E+00
   0.4427E+00
   0.4015E+00
   0.3592E+00
   0.3162E+00
   0.2724E+00
   0.2280E+00
   0.1830E+00
   0.1377E+00
   0.9195E-01
   0.4603E-01
   0.0000E+00
   0.0000E+00
   0.4385E-01
   0.8759E-01
   0.1311E+00
   0.1744E+00
   0.2172E+00
   0.2595E+00
   0.3012E+00
   0.3422E+00
   0.3825E+00
   0.4218E+00
   0.4601E+00
   0.4974E+00
   0.5335E+00
   0.5683E+00
   0.6018E+00
   0.6340E+00
   0.6646E+00
   0.6937E+00
   0.7211E+00
   0.7469E+00
   0.7710E+00
   0.7932E+00
   0.8136E+00
   0.8321E+00
   0.8486E+00
   0.8632E+00
   0.8757E+00
   0.8862E+00
   0.8946E+00
   0.9010E+00
   0.9052E+00
   0.9073E+00
   0.9073E+00
   0.9052E+00
   0.9010E+00
   0.8946E+00
   0.8862E+00
   0.8757E+00
   0.8632E+00
   0.8486E+00
   0.8321E+00
   0.8136E+00
   0.7932E+00
   0.7710E+00
   0.7469E+00
   0.7211E+00
   0.6937E+00
   0.6646E+00
   0.6340E+00
   0.6018E+00
   0.5683E+00
   0.5335E+00
   0.4974E+00
   0.4601E+00
   0.4218E+00
   0.3825E+00
   0.3422E+00
   0.3012E+00
   0.2595E+00
   0.2172E+00
   0.1744E+00
   0.1311E+00
   0.8759E-01
   0.4385E-01
   0.0000E+00
   0.0000E+00
   0.4177E-01
   0.8345E-01
   0.1249E+00
   0.1661E+00
   0.2069E+00
   0.2472E+00
   0.2870E+00
   0.3260E+00
   0.3643E+00
   0.4018E+00
   0.4383E+00
   0.4738E+00
   0.5082E+00
   0.5414E+00
   0.5733E+00
   0.6039E+00
   0.6331E+00
   0.6608E+00
   0.6870E+00
   0.7116E+00
   0.7345E+00
   0.7556E+00
   0.7751E+00
   0.7927E+00
   0.8084E+00
   0.8223E+00
   0.8342E+00
   0.8442E+00
   0.8523E+00
   0.8583E+00
   0.8623E+00
   0.8643E+00
   0.8643E+00
   0.8623E+00
   0.8583E+00
   0.8523E+00
   0.8442E+00
   0.8342E+00
   0.8223E+00
   0.8084E+00
   0.7927E+00
   0.7751E+00
   0.7556E+00
   0.7345E+00
   0.7116E+00
   0.6870E+00
   0.6608E+00
   0.6331E+00
   0.6039E+00
   0.5733E+00
   0.5414E+00
   0.5082E+00
   0.4738E+00
   0.4383E+00
   0.4018E+00
   0.3643E+00
   0.3260E+00
   0.2870E+00
   0.2472E+00
   0.2069E+00
   0.1661E+00
   0.1249E+00
   0.8345E-01
   0.4177E-01
   0.0000E+00
   0.0000E+00
   0.3979E-01
   0.7949E-01
   0.1190E+00
   0.1582E+00
   0.1971E+00
   0.2355E+00
   0.2734E+00
   0.3106E+00
   0.3471E+00
   0.3828E+00
   0.4176E+00
   0.4514E+00
   0.4841E+00
   0.5158E+00
   0.5462E+00
   0.5753E+00
   0.6031E+00
   0.6295E+00
   0.6544E+00
   0.6778E+00
   0.6997E+00
   0.7198E+00
   0.7383E+00
   0.7551E+00
   0.7701E+00
   0.7833E+00
   0.7947E+00
   0.8042E+00
   0.8119E+00
   0.8176E+00
   0.8215E+00
   0.8234E+00
   0.8234E+00
   0.8215E+00
   0.8176E+00
   0.8119E+00
   0.8042E+00
   0.7947E+00
   0.7833E+00
   0.7701E+00
   0.7551E+00
   0.7383E+00
   0.7198E+00
   0.6997E+00
   0.6778E+00
   0.6544E+00
   0.6295E+00
   0.6031E+00
   0.5753E+00
   0.5462E+00
   0.5158E+00
   0.4841E+00
   0.4514E+00
   0.4176E+00
   0.3828E+00
   0.3471E+00
   0.3106E+00
   0.2734E+00
   0.2355E+00
   0.1971E+00
   0.1582E+00
   0.1190E+00
   0.7949E-01
   0.3979E-01
   0.0000E+00
   0.0000E+00
   0.3791E-01
   0.7573E-01
   0.1134E+00
   0.1507E+00
   0.1878E+00
   0.2244E+00
   0.2604E+00
   0.2959E+00
   0.3306E+00
   0.3646E+00
   0.3978E+00
   0.4300E+00
   0.4612E+00
   0.4913E+00
   0.5203E+00
   0.5481E+00
   0.5745E+00
   0.5997E+00
   0.6234E+00
   0.6457E+00
   0.6665E+00
   0.6857E+00
   0.7034E+00
   0.7193E+00
   0.7336E+00
   0.7462E+00
   0.7571E+00
   0.7661E+00
   0.7734E+00
   0.7789E+00
   0.7826E+00
   0.7844E+00
   0.7844E+00
   0.7826E+00
   0.7789E+00
   0.7734E+00
   0.7661E+00
   0.7571E+00
   0.7462E+00
   0.7336E+00
   0.7193E+00
   0.7034E+00
   0.6857E+00
   0.6665E+00
   0.6457E+00
   0.6234E+00
   0.5997E+00
   0.5745E+00
   0.5481E+00
   0.5203E+00
   0.4913E+00
   0.4612E+00
   0.4300E+00
   0.3978E+00
   0.3646E+00
   0.3306E+00
   0.2959E+00
   0.2604E+00
   0.2244E+00
   0.1878E+00
   0.1507E+00
   0.1134E+00
   0.7573E-01
   0.3791E-01
   0.0000E+00
   0.0000E+00
   0.3611E-01
   0.7214E-01
   0.1080E+00
   0.1436E+00
   0.1789E+00
   0.2137E+00
   0.2481E+00
   0.2818E+00
   0.3150E+00
   0.3473E+00
   0.3789E+00
   0.4096E+00
   0.4393E+00
   0.4680E+00
   0.4956E+00
   0.5221E+00
   0.5473E+00
   0.5713E+00
   0.5939E+00
   0.6151E+00
   0.6349E+00
   0.6532E+00
   0.6700E+00
   0.6852E+00
   0.6989E+00
   0.7108E+00
   0.7212E+00
   0.7298E+00
   0.7368E+00
   0.7420E+00
   0.7455E+00
   0.7472E+00
   0.7472E+00
   0.7455E+00
   0.7420E+00
   0.7368E+00
   0.7298E+00
   0.7212E+00
   0.7108E+00
   0.6989E+00
   0.6852E+00
   0.6700E+00
   0.6532E+00
   0.6349E+00
   0.6151E+00
   0.5939E+00
   0.5713E+00
   0.5473E+00
   0.5221E+00
   0.4956E+00
   0.4680E+00
   0.4393E+00
   0.4096E+00
   0.3789E+00
   0.3473E+00
   0.3150E+00
   0.2818E+00
   0.2481E+00
   0.2137E+00
   0.1789E+00
   0.1436E+00
   0.1080E+00
   0.7214E-01
   0.3611E-01
   0.0000E+00
   0.0000E+00
   0.3440E-01
   0.6872E-01
   0.1029E+00
   0.1368E+00
   0.1704E+00
   0.2036E+00
   0.2363E+00
   0.2685E+00
   0.3000E+00
   0.3309E+00
   0.3609E+00
   0.3902E+00
   0.4185E+00
   0.4458E+00
   0.4721E+00
   0.4973E+00
   0.5214E+00
   0.5442E+00
   0.5657E+00
   0.5859E+00
   0.6048E+00
   0.6222E+00
   0.6382E+00
   0.6527E+00
   0.6657E+00
   0.6771E+00
   0.6870E+00
   0.6952E+00
   0.7018E+00
   0.7068E+00
   0.7101E+00
   0.7118E+00
   0.7118E+00
   0.7101E+00
   0.7068E+00
   0.7018E+00
   0.6952E+00
   0.6870E+00
   0.6771E+00
   0.6657E+00
   0.6527E+00
   0.6382E+00
   0.6222E+00
   0.6048E+00
   0.5859E+00
   0.5657E+00
   0.5442E+00
   0.5214E+00
   0.4973E+00
   0.4721E+00
   0.4458E+00
   0.4185E+00
   0.3902E+00
   0.3609E+00
   0.3309E+00
   0.3000E+00
   0.2685E+00
   0.2363E+00
   0.2036E+00
   0.1704E+00
   0.1368E+00
   0.1029E+00
   0.6872E-01
   0.3440E-01
   0.0000E+00
   0.0000E+00
   0.3277E-01
   0.6546E-01
   0.9799E-01
   0.1303E+00
   0.1623E+00
   0.1939E+00
   0.2251E+00
   0.2557E+00
   0.2858E+00
   0.3152E+00
   0.3438E+00
   0.3717E+00
   0.3986E+00
   0.4247E+00
   0.4497E+00
   0.4737E+00
   0.4966E+00
   0.5184E+00
   0.5389E+00
   0.5581E+00
   0.5761E+00
   0.5927E+00
   0.6080E+00
   0.6218E+00
   0.6341E+00
   0.6450E+00
   0.6544E+00
   0.6622E+00
   0.6685E+00
   0.6733E+00
   0.6764E+00
   0.6780E+00
   0.6780E+00
   0.6764E+00
   0.6733E+00
   0.6685E+00
   0.6622E+00
   0.6544E+00
   0.6450E+00
   0.6341E+00
   0.6218E+00
   0.6080E+00
   0.5927E+00
   0.5761E+00
   0.5581E+00
   0.5389E+00
   0.5184E+00
   0.4966E+00
   0.4737E+00
   0.4497E+00
   0.4247E+00
   0.3986E+00
   0.3717E+00
   0.3438E+00
   0.3152E+00
   0.2858E+00
   0.2557E+00
   0.2251E+00
   0.1939E+00
   0.1623E+00
   0.1303E+00
   0.9799E-01
   0.6546E-01
   0.3277E-01
   0.0000E+00
   0.0000E+00
   0.3121E-01
   0.6235E-01
   0.9334E-01
   0.1241E+00
   0.1546E+00
   0.1847E+00
   0.2144E+00
   0.2436E+00
   0.2722E+00
   0.3002E+00
   0.3275E+00
   0.3540E+00
   0.3797E+00
   0.4045E+00
   0.4284E+00
   0.4512E+00
   0.4731E+00
   0.4938E+00
   0.5133E+00
   0.5317E+00
   0.5488E+00
   0.5646E+00
   0.5791E+00
   0.5923E+00
   0.6040E+00
   0.6144E+00
   0.6233E+00
   0.6308E+00
   0.6368E+00
   0.6413E+00
   0.6443E+00
   0.6458E+00
   0.6458E+00
   0.6443E+00
   0.6413E+00
   0.6368E+00
   0.6308E+00
   0.6233E+00
   0.6144E+00
   0.6040E+00
   0.5923E+00
   0.5791E+00
   0.5646E+00
   0.5488E+00
   0.5317E+00
   0.5133E+00
   0.4938E+00
   0.4731E+00
   0.4512E+00
   0.4284E+00
   0.4045E+00
   0.3797E+00
   0.3540E+00
   0.3275E+00
   0.3002E+00
   0.2722E+00
   0.2436E+00
   0.2144E+00
   0.1847E+00
   0.1546E+00
   0.1241E+00
   0.9334E-01
   0.6235E-01
   0.3121E-01
   0.0000E+00
   0.0000E+00
   0.2973E-01
   0.5939E-01
   0.8891E-01
   0.1182E+00
   0.1473E+00
   0.1760E+00
   0.2042E+00
   0.2320E+00
   0.2593E+00
   0.2860E+00
   0.3120E+00
   0.3372E+00
   0.3617E+00
   0.3853E+00
   0.4080E+00
   0.4298E+00
   0.4506E+00
   0.4703E+00
   0.4889E+00
   0.5064E+00
   0.5227E+00
   0.5378E+00
   0.5516E+00
   0.5641E+00
   0.5754E+00
   0.5852E+00
   0.5937E+00
   0.6008E+00
   0.6066E+00
   0.6109E+00
   0.6137E+00
   0.6152E+00
   0.6152E+00
   0.6137E+00
   0.6109E+00
   0.6066E+00
   0.6008E+00
   0.5937E+00
   0.5852E+00
   0.5754E+00
   0.5641E+00
   0.5516E+00
   0.5378E+00
   0.5227E+00
   0.5064E+00
   0.4889E+00
   0.4703E+00
   0.4506E+00
   0.4298E+00
   0.4080E+00
   0.3853E+00
   0.3617E+00
   0.3372E+00
   0.3120E+00
   0.2860E+00
   0.2593E+00
   0.2320E+00
   0.2042E+00
   0.1760E+00
   0.1473E+00
   0.1182E+00
   0.8891E-01
   0.5939E-01
   0.2973E-01
   0.0000E+00
   0.0000E+00
   0.2832E-01
   0.5657E-01
   0.8469E-01
   0.1126E+00
   0.1403E+00
   0.1676E+00
   0.1945E+00
   0.2210E+00
   0.2470E+00
   0.2724E+00
   0.2971E+00
   0.3212E+00
   0.3445E+00
   0.3670E+00
   0.3887E+00
   0.4094E+00
   0.4292E+00
   0.4480E+00
   0.4657E+00
   0.4824E+00
   0.4979E+00
   0.5122E+00
   0.5254E+00
   0.5373E+00
   0.5480E+00
   0.5574E+00
   0.5655E+00
   0.5723E+00
   0.5778E+00
   0.5818E+00
   0.5846E+00
   0.5859E+00
   0.5859E+00
   0.5846E+00
   0.5818E+00
   0.5778E+00
   0.5723E+00
   0.5655E+00
   0.5574E+00
   0.5480E+00
   0.5373E+00
   0.5254E+00
   0.5122E+00
   0.4979E+00
   0.4824E+00
   0.4657E+00
   0.4480E+00
   0.4292E+00
   0.4094E+00
   0.3887E+00
   0.3670E+00
   0.3445E+00
   0.3212E+00
   0.2971E+00
   0.2724E+00
   0.2470E+00
   0.2210E+00
   0.1945E+00
   0.1676E+00
   0.1403E+00
   0.1126E+00
   0.8469E-01
   0.5657E-01
   0.2832E-01
   0.0000E+00
   0.0000E+00
   0.2697E-01
   0.5388E-01
   0.8066E-01
   0.1073E+00
   0.1336E+00
   0.1596E+00
   0.1853E+00
   0.2105E+00
   0.2353E+00
   0.2594E+00
   0.2830E+00
   0.3059E+00
   0.3281E+00
   0.3496E+00
   0.3702E+00
   0.3900E+00
   0.4088E+00
   0.4267E+00
   0.4436E+00
   0.4594E+00
   0.4742E+00
   0.4879E+00
   0.5004E+00
   0.5118E+00
   0.5220E+00
   0.5309E+00
   0.5387E+00
   0.5451E+00
   0.5503E+00
   0.5542E+00
   0.5568E+00
   0.5581E+00
   0.5581E+00
   0.5568E+00
   0.5542E+00
   0.5503E+00
   0.5451E+00
   0.5387E+00
   0.5309E+00
   0.5220E+00
   0.5118E+00
   0.5004E+00
   0.4879E+00
   0.4742E+00
   0.4594E+00
   0.4436E+00
   0.4267E+00
   0.4088E+00
   0.3900E+00
   0.3702E+00
   0.3496E+00
   0.3281E+00
   0.3059E+00
   0.2830E+00
   0.2594E+00
   0.2353E+00
   0.2105E+00
   0.1853E+00
   0.1596E+00
   0.1336E+00
   0.1073E+00
   0.8066E-01
   0.5388E-01
   0.2697E-01
   0.0000E+00
   0.0000E+00
   0.2569E-01
   0.5132E-01
   0.7683E-01
   0.1022E+00
   0.1273E+00
   0.1520E+00
   0.1765E+00
   0.2005E+00
   0.2241E+00
   0.2471E+00
   0.2696E+00
   0.2914E+00
   0.3125E+00
   0.3330E+00
   0.3526E+00
   0.3714E+00
   0.3894E+00
   0.4064E+00
   0.4225E+00
   0.4376E+00
   0.4517E+00
   0.4647E+00
   0.4767E+00
   0.4875E+00
   0.4972E+00
   0.5057E+00
   0.5130E+00
   0.5192E+00
   0.5241E+00
   0.5278E+00
   0.5303E+00
   0.5316E+00
   0.5316E+00
   0.5303E+00
   0.5278E+00
   0.5241E+00
   0.5192E+00
   0.5130E+00
   0.5057E+00
   0.4972E+00
   0.4875E+00
   0.4767E+00
   0.4647E+00
   0.4517E+00
   0.4376E+00
   0.4225E+00
   0.4064E+00
   0.3894E+00
   0.3714E+00
   0.3526E+00
   0.3330E+00
   0.3125E+00
   0.2914E+00
   0.2696E+00
   0.2471E+00
   0.2241E+00
   0.2005E+00
   0.1765E+00
   0.1520E+00
   0.1273E+00
   0.1022E+00
   0.7683E-01
   0.5132E-01
   0.2569E-01
   0.0000E+00
   0.0000E+00
   0.2447E-01
   0.4888E-01
   0.7317E-01
   0.9730E-01
   0.1212E+00
   0.1448E+00
   0.1681E+00
   0.1910E+00
   0.2134E+00
   0.2354E+00
   0.2567E+00
   0.2775E+00
   0.2977E+00
   0.3171E+00
   0.3358E+00
   0.3538E+00
   0.3708E+00
   0.3871E+00
   0.4024E+00
   0.4168E+00
   0.4302E+00
   0.4426E+00
   0.4540E+00
   0.4643E+00
   0.4735E+00
   0.4816E+00
   0.4886E+00
   0.4945E+00
   0.4992E+00
   0.5027E+00
   0.5051E+00
   0.5063E+00
   0.5063E+00
   0.5051E+00
   0.5027E+00
   0.4992E+00
   0.4945E+00
   0.4886E+00
   0.4816E+00
   0.4735E+00
   0.4643E+00
   0.4540E+00
   0.4426E+00
   0.4302E+00
   0.4168E+00
   0.4024E+00
   0.3871E+00
   0.3708E+00
   0.3538E+00
   0.3358E+00
   0.3171E+00
   0.2977E+00
   0.2775E+00
   0.2567E+00
   0.2354E+00
   0.2134E+00
   0.1910E+00
   0.1681E+00
   0.1448E+00
   0.1212E+00
   0.9730E-01
   0.7317E-01
   0.4888E-01
   0.2447E-01
   0.0000E+00
   0.0000E+00
   0.2330E-01
   0.4655E-01
   0.6969E-01
   0.9267E-01
   0.1154E+00
   0.1379E+00
   0.1601E+00
   0.1819E+00
   0.2033E+00
   0.2242E+00
   0.2445E+00
   0.2643E+00
   0.2835E+00
   0.3020E+00
   0.3199E+00
   0.3369E+00
   0.3532E+00
   0.3687E+00
   0.3833E+00
   0.3970E+00
   0.4097E+00
   0.4215E+00
   0.4324E+00
   0.4422E+00
   0.4510E+00
   0.4587E+00
   0.4654E+00
   0.4710E+00
   0.4755E+00
   0.4788E+00
   0.4811E+00
   0.4822E+00
   0.4822E+00
   0.4811E+00
   0.4788E+00
   0.4755E+00
   0.4710E+00
   0.4654E+00
   0.4587E+00
   0.4510E+00
   0.4422E+00
   0.4324E+00
   0.4215E+00
   0.4097E+00
   0.3970E+00
   0.3833E+00
   0.3687E+00
   0.3532E+00
   0.3369E+00
   0.3199E+00
   0.3020E+00
   0.2835E+00
   0.2643E+00
   0.2445E+00
   0.2242E+00
   0.2033E+00
   0.1819E+00
   0.1601E+00
   0.1379E+00
   0.1154E+00
   0.9267E-01
   0.6969E-01
   0.4655E-01
   0.2330E-01
   0.0000E+00
   0.0000E+00
   0.2219E-01
   0.4434E-01
   0.6638E-01
   0.8826E-01
   0.1099E+00
   0.1314E+00
   0.1525E+00
   0.1732E+00
   0.1936E+00
   0.2135E+00
   0.2329E+00
   0.2517E+00
   0.2700E+00
   0.2877E+00
   0.3046E+00
   0.3209E+00
   0.3364E+00
   0.3511E+00
   0.3650E+00
   0.3781E+00
   0.3902E+00
   0.4015E+00
   0.4118E+00
   0.4212E+00
   0.4295E+00
   0.4369E+00
   0.4432E+00
   0.4486E+00
   0.4528E+00
   0.4560E+00
   0.4582E+00
   0.4592E+00
   0.4592E+00
   0.4582E+00
   0.4560E+00
   0.4528E+00
   0.4486E+00
   0.4432E+00
   0.4369E+00
   0.4295E+00
   0.4212E+00
   0.4118E+00
   0.4015E+00
   0.3902E+00
   0.3781E+00
   0.3650E+00
   0.3511E+00
   0.3364E+00
   0.3209E+00
   0.3046E+00
   0.2877E+00
   0.2700E+00
   0.2517E+00
   0.2329E+00
   0.2135E+00
   0.1936E+00
   0.1732E+00
   0.1525E+00
   0.1314E+00
   0.1099E+00
   0.8826E-01
   0.6638E-01
   0.4434E-01
   0.2219E-01
   0.0000E+00
   0.0000E+00
   0.2114E-01
   0.4222E-01
   0.6321E-01
   0.8406E-01
   0.1047E+00
   0.1251E+00
   0.1452E+00
   0.1650E+00
   0.1844E+00
   0.2033E+00
   0.2218E+00
   0.2398E+00
   0.2572E+00
   0.2740E+00
   0.2901E+00
   0.3056E+00
   0.3204E+00
   0.3344E+00
   0.3476E+00
   0.3601E+00
   0.3716E+00
   0.3824E+00
   0.3922E+00
   0.4011E+00
   0.4091E+00
   0.4161E+00
   0.4221E+00
   0.4272E+00
   0.4313E+00
   0.4343E+00
   0.4364E+00
   0.4374E+00
   0.4374E+00
   0.4364E+00
   0.4343E+00
   0.4313E+00
   0.4272E+00
   0.4221E+00
   0.4161E+00
   0.4091E+00
   0.4011E+00
   0.3922E+00
   0.3824E+00
   0.3716E+00
   0.3601E+00
   0.3476E+00
   0.3344E+00
   0.3204E+00
   0.3056E+00
   0.2901E+00
   0.2740E+00
   0.2572E+00
   0.2398E+00
   0.2218E+00
   0.2033E+00
   0.1844E+00
   0.1650E+00
   0.1452E+00
   0.1251E+00
   0.1047E+00
   0.8406E-01
   0.6321E-01
   0.4222E-01
   0.2114E-01
   0.0000E+00
   0.0000E+00
   0.2013E-01
   0.4021E-01
   0.6020E-01
   0.8005E-01
   0.9971E-01
   0.1191E+00
   0.1383E+00
   0.1571E+00
   0.1756E+00
   0.1936E+00
   0.2112E+00
   0.2283E+00
   0.2449E+00
   0.2609E+00
   0.2763E+00
   0.2910E+00
   0.3051E+00
   0.3185E+00
   0.3311E+00
   0.3429E+00
   0.3539E+00
   0.3641E+00
   0.3735E+00
   0.3820E+00
   0.3896E+00
   0.3963E+00
   0.4020E+00
   0.4068E+00
   0.4107E+00
   0.4136E+00
   0.4156E+00
   0.4165E+00
   0.4165E+00
   0.4156E+00
   0.4136E+00
   0.4107E+00
   0.4068E+00
   0.4020E+00
   0.3963E+00
   0.3896E+00
   0.3820E+00
   0.3735E+00
   0.3641E+00
   0.3539E+00
   0.3429E+00
   0.3311E+00
   0.3185E+00
   0.3051E+00
   0.2910E+00
   0.2763E+00
   0.2609E+00
   0.2449E+00
   0.2283E+00
   0.2112E+00
   0.1936E+00
   0.1756E+00
   0.1571E+00
   0.1383E+00
   0.1191E+00
   0.9971E-01
   0.8005E-01
   0.6020E-01
   0.4021E-01
   0.2013E-01
   0.0000E+00
   0.0000E+00
   0.1917E-01
   0.3830E-01
   0.5733E-01
   0.7623E-01
   0.9496E-01
   0.1135E+00
   0.1317E+00
   0.1496E+00
   0.1672E+00
   0.1844E+00
   0.2012E+00
   0.2174E+00
   0.2332E+00
   0.2485E+00
   0.2631E+00
   0.2772E+00
   0.2906E+00
   0.3033E+00
   0.3153E+00
   0.3266E+00
   0.3371E+00
   0.3468E+00
   0.3557E+00
   0.3638E+00
   0.3710E+00
   0.3774E+00
   0.3829E+00
   0.3874E+00
   0.3911E+00
   0.3939E+00
   0.3958E+00
   0.3967E+00
   0.3967E+00
   0.3958E+00
   0.3939E+00
   0.3911E+00
   0.3874E+00
   0.3829E+00
   0.3774E+00
   0.3710E+00
   0.3638E+00
   0.3557E+00
   0.3468E+00
   0.3371E+00
   0.3266E+00
   0.3153E+00
   0.3033E+00
   0.2906E+00
   0.2772E+00
   0.2631E+00
   0.2485E+00
   0.2332E+00
   0.2174E+00
   0.2012E+00
   0.1844E+00
   0.1672E+00
   0.1496E+00
   0.1317E+00
   0.1135E+00
   0.9496E-01
   0.7623E-01
   0.5733E-01
   0.3830E-01
   0.1917E-01
   0.0000E+00
   0.0000E+00
   0.1826E-01
   0.3647E-01
   0.5460E-01
   0.7260E-01
   0.9043E-01
   0.1081E+00
   0.1254E+00
   0.1425E+00
   0.1592E+00
   0.1756E+00
   0.1916E+00
   0.2071E+00
   0.2221E+00
   0.2366E+00
   0.2506E+00
   0.2639E+00
   0.2767E+00
   0.2888E+00
   0.3002E+00
   0.3110E+00
   0.3210E+00
   0.3302E+00
   0.3387E+00
   0.3464E+00
   0.3533E+00
   0.3594E+00
   0.3646E+00
   0.3690E+00
   0.3725E+00
   0.3751E+00
   0.3769E+00
   0.3778E+00
   0.3778E+00
   0.3769E+00
   0.3751E+00
   0.3725E+00
   0.3690E+00
   0.3646E+00
   0.3594E+00
   0.3533E+00
   0.3464E+00
   0.3387E+00
   0.3302E+00
   0.3210E+00
   0.3110E+00
   0.3002E+00
   0.2888E+00
   0.2767E+00
   0.2639E+00
   0.2506E+00
   0.2366E+00
   0.2221E+00
   0.2071E+00
   0.1916E+00
   0.1756E+00
   0.1592E+00
   0.1425E+00
   0.1254E+00
   0.1081E+00
   0.9043E-01
   0.7260E-01
   0.5460E-01
   0.3647E-01
   0.1826E-01
   0.0000E+00
   0.0000E+00
   0.1739E-01
   0.3473E-01
   0.5199E-01
   0.6914E-01
   0.8612E-01
   0.1029E+00
   0.1194E+00
   0.1357E+00
   0.1516E+00
   0.1672E+00
   0.1824E+00
   0.1972E+00
   0.2115E+00
   0.2253E+00
   0.2386E+00
   0.2514E+00
   0.2635E+00
   0.2750E+00
   0.2859E+00
   0.2961E+00
   0.3057E+00
   0.3145E+00
   0.3226E+00
   0.3299E+00
   0.3365E+00
   0.3422E+00
   0.3472E+00
   0.3514E+00
   0.3547E+00
   0.3572E+00
   0.3589E+00
   0.3597E+00
   0.3597E+00
   0.3589E+00
   0.3572E+00
   0.3547E+00
   0.3514E+00
   0.3472E+00
   0.3422E+00
   0.3365E+00
   0.3299E+00
   0.3226E+00
   0.3145E+00
   0.3057E+00
   0.2961E+00
   0.2859E+00
   0.2750E+00
   0.2635E+00
   0.2514E+00
   0.2386E+00
   0.2253E+00
   0.2115E+00
   0.1972E+00
   0.1824E+00
   0.1672E+00
   0.1516E+00
   0.1357E+00
   0.1194E+00
   0.1029E+00
   0.8612E-01
   0.6914E-01
   0.5199E-01
   0.3473E-01
   0.1739E-01
   0.0000E+00
   0.0000E+00
   0.1656E-01
   0.3307E-01
   0.4951E-01
   0.6584E-01
   0.8201E-01
   0.9798E-01
   0.1137E+00
   0.1292E+00
   0.1444E+00
   0.1592E+00
   0.1737E+00
   0.1878E+00
   0.2014E+00
   0.2146E+00
   0.2272E+00
   0.2394E+00
   0.2509E+00
   0.2619E+00
   0.2723E+00
   0.2820E+00
   0.2911E+00
   0.2995E+00
   0.3072E+00
   0.3142E+00
   0.3204E+00
   0.3259E+00
   0.3306E+00
   0.3346E+00
   0.3378E+00
   0.3402E+00
   0.3418E+00
   0.3426E+00
   0.3426E+00
   0.3418E+00
   0.3402E+00
   0.3378E+00
   0.3346E+00
   0.3306E+00
   0.3259E+00
   0.3204E+00
   0.3142E+00
   0.3072E+00
   0.2995E+00
   0.2911E+00
   0.2820E+00
   0.2723E+00
   0.2619E+00
   0.2509E+00
   0.2394E+00
   0.2272E+00
   0.2146E+00
   0.2014E+00
   0.1878E+00
   0.1737E+00
   0.1592E+00
   0.1444E+00
   0.1292E+00
   0.1137E+00
   0.9798E-01
   0.8201E-01
   0.6584E-01
   0.4951E-01
   0.3307E-01
   0.1656E-01
   0.0000E+00
   0.0000E+00
   0.1576E-01
   0.3149E-01
   0.4715E-01
   0.6269E-01
   0.7809E-01
   0.9331E-01
   0.1083E+00
   0.1230E+00
   0.1375E+00
   0.1516E+00
   0.1654E+00
   0.1788E+00
   0.1918E+00
   0.2043E+00
   0.2164E+00
   0.2279E+00
   0.2389E+00
   0.2494E+00
   0.2593E+00
   0.2685E+00
   0.2772E+00
   0.2852E+00
   0.2925E+00
   0.2992E+00
   0.3051E+00
   0.3103E+00
   0.3148E+00
   0.3186E+00
   0.3216E+00
   0.3239E+00
   0.3254E+00
   0.3262E+00
   0.3262E+00
   0.3254E+00
   0.3239E+00
   0.3216E+00
   0.3186E+00
   0.3148E+00
   0.3103E+00
   0.3051E+00
   0.2992E+00
   0.2925E+00
   0.2852E+00
   0.2772E+00
   0.2685E+00
   0.2593E+00
   0.2494E+00
   0.2389E+00
   0.2279E+00
   0.2164E+00
   0.2043E+00
   0.1918E+00
   0.1788E+00
   0.1654E+00
   0.1516E+00
   0.1375E+00
   0.1230E+00
   0.1083E+00
   0.9331E-01
   0.7809E-01
   0.6269E-01
   0.4715E-01
   0.3149E-01
   0.1576E-01
   0.0000E+00
   0.0000E+00
   0.1501E-01
   0.2999E-01
   0.4490E-01
   0.5970E-01
   0.7436E-01
   0.8885E-01
   0.1031E+00
   0.1172E+00
   0.1309E+00
   0.1444E+00
   0.1575E+00
   0.1703E+00
   0.1826E+00
   0.1946E+00
   0.2060E+00
   0.2170E+00
   0.2275E+00
   0.2375E+00
   0.2469E+00
   0.2557E+00
   0.2639E+00
   0.2716E+00
   0.2785E+00
   0.2849E+00
   0.2905E+00
   0.2955E+00
   0.2998E+00
   0.3034E+00
   0.3063E+00
   0.3085E+00
   0.3099E+00
   0.3106E+00
   0.3106E+00
   0.3099E+00
   0.3085E+00
   0.3063E+00
   0.3034E+00
   0.2998E+00
   0.2955E+00
   0.2905E+00
   0.2849E+00
   0.2785E+00
   0.2716E+00
   0.2639E+00
   0.2557E+00
   0.2469E+00
   0.2375E+00
   0.2275E+00
   0.2170E+00
   0.2060E+00
   0.1946E+00
   0.1826E+00
   0.1703E+00
   0.1575E+00
   0.1444E+00
   0.1309E+00
   0.1172E+00
   0.1031E+00
   0.8885E-01
   0.7436E-01
   0.5970E-01
   0.4490E-01
   0.2999E-01
   0.1501E-01
   0.0000E+00
   0.0000E+00
   0.1429E-01
   0.2856E-01
   0.4275E-01
   0.5684E-01
   0.7081E-01
   0.8460E-01
   0.9820E-01
   0.1116E+00
   0.1247E+00
   0.1375E+00
   0.1500E+00
   0.1621E+00
   0.1739E+00
   0.1853E+00
   0.1962E+00
   0.2067E+00
   0.2167E+00
   0.2261E+00
   0.2351E+00
   0.2435E+00
   0.2513E+00
   0.2586E+00
   0.2652E+00
   0.2712E+00
   0.2766E+00
   0.2814E+00
   0.2855E+00
   0.2889E+00
   0.2916E+00
   0.2937E+00
   0.2951E+00
   0.2958E+00
   0.2958E+00
   0.2951E+00
   0.2937E+00
   0.2916E+00
   0.2889E+00
   0.2855E+00
   0.2814E+00
   0.2766E+00
   0.2712E+00
   0.2652E+00
   0.2586E+00
   0.2513E+00
   0.2435E+00
   0.2351E+00
   0.2261E+00
   0.2167E+00
   0.2067E+00
   0.1962E+00
   0.1853E+00
   0.1739E+00
   0.1621E+00
   0.1500E+00
   0.1375E+00
   0.1247E+00
   0.1116E+00
   0.9820E-01
   0.8460E-01
   0.7081E-01
   0.5684E-01
   0.4275E-01
   0.2856E-01
   0.1429E-01
   0.0000E+00
   0.0000E+00
   0.1361E-01
   0.2719E-01
   0.4071E-01
   0.5413E-01
   0.6742E-01
   0.8056E-01
   0.9351E-01
   0.1062E+00
   0.1187E+00
   0.1309E+00
   0.1428E+00
   0.1544E+00
   0.1656E+00
   0.1764E+00
   0.1868E+00
   0.1968E+00
   0.2063E+00
   0.2153E+00
   0.2239E+00
   0.2319E+00
   0.2393E+00
   0.2462E+00
   0.2525E+00
   0.2583E+00
   0.2634E+00
   0.2679E+00
   0.2718E+00
   0.2751E+00
   0.2777E+00
   0.2797E+00
   0.2810E+00
   0.2816E+00
   0.2816E+00
   0.2810E+00
   0.2797E+00
   0.2777E+00
   0.2751E+00
   0.2718E+00
   0.2679E+00
   0.2634E+00
   0.2583E+00
   0.2525E+00
   0.2462E+00
   0.2393E+00
   0.2319E+00
   0.2239E+00
   0.2153E+00
   0.2063E+00
   0.1968E+00
   0.1868E+00
   0.1764E+00
   0.1656E+00
   0.1544E+00
   0.1428E+00
   0.1309E+00
   0.1187E+00
   0.1062E+00
   0.9351E-01
   0.8056E-01
   0.6742E-01
   0.5413E-01
   0.4071E-01
   0.2719E-01
   0.1361E-01
   0.0000E+00
   0.0000E+00
   0.1296E-01
   0.2589E-01
   0.3876E-01
   0.5154E-01
   0.6420E-01
   0.7671E-01
   0.8903E-01
   0.1012E+00
   0.1130E+00
   0.1247E+00
   0.1360E+00
   0.1470E+00
   0.1577E+00
   0.1680E+00
   0.1779E+00
   0.1874E+00
   0.1964E+00
   0.2050E+00
   0.2131E+00
   0.2208E+00
   0.2279E+00
   0.2344E+00
   0.2405E+00
   0.2459E+00
   0.2508E+00
   0.2551E+00
   0.2588E+00
   0.2619E+00
   0.2644E+00
   0.2663E+00
   0.2675E+00
   0.2682E+00
   0.2682E+00
   0.2675E+00
   0.2663E+00
   0.2644E+00
   0.2619E+00
   0.2588E+00
   0.2551E+00
   0.2508E+00
   0.2459E+00
   0.2405E+00
   0.2344E+00
   0.2279E+00
   0.2208E+00
   0.2131E+00
   0.2050E+00
   0.1964E+00
   0.1874E+00
   0.1779E+00
   0.1680E+00
   0.1577E+00
   0.1470E+00
   0.1360E+00
   0.1247E+00
   0.1130E+00
   0.1012E+00
   0.8903E-01
   0.7671E-01
   0.6420E-01
   0.5154E-01
   0.3876E-01
   0.2589E-01
   0.1296E-01
   0.0000E+00
   0.0000E+00
   0.1234E-01
   0.2465E-01
   0.3691E-01
   0.4907E-01
   0.6113E-01
   0.7304E-01
   0.8478E-01
   0.9632E-01
   0.1076E+00
   0.1187E+00
   0.1295E+00
   0.1400E+00
   0.1501E+00
   0.1599E+00
   0.1694E+00
   0.1784E+00
   0.1870E+00
   0.1952E+00
   0.2029E+00
   0.2102E+00
   0.2170E+00
   0.2232E+00
   0.2290E+00
   0.2342E+00
   0.2388E+00
   0.2429E+00
   0.2464E+00
   0.2494E+00
   0.2518E+00
   0.2536E+00
   0.2547E+00
   0.2553E+00
   0.2553E+00
   0.2547E+00
   0.2536E+00
   0.2518E+00
   0.2494E+00
   0.2464E+00
   0.2429E+00
   0.2388E+00
   0.2342E+00
   0.2290E+00
   0.2232E+00
   0.2170E+00
   0.2102E+00
   0.2029E+00
   0.1952E+00
   0.1870E+00
   0.1784E+00
   0.1694E+00
   0.1599E+00
   0.1501E+00
   0.1400E+00
   0.1295E+00
   0.1187E+00
   0.1076E+00
   0.9632E-01
   0.8478E-01
   0.7304E-01
   0.6113E-01
   0.4907E-01
   0.3691E-01
   0.2465E-01
   0.1234E-01
   0.0000E+00
   0.0000E+00
   0.1175E-01
   0.2347E-01
   0.3514E-01
   0.4672E-01
   0.5820E-01
   0.6954E-01
   0.8072E-01
   0.9171E-01
   0.1025E+00
   0.1130E+00
   0.1233E+00
   0.1333E+00
   0.1429E+00
   0.1523E+00
   0.1613E+00
   0.1699E+00
   0.1781E+00
   0.1859E+00
   0.1932E+00
   0.2001E+00
   0.2066E+00
   0.2125E+00
   0.2180E+00
   0.2230E+00
   0.2274E+00
   0.2313E+00
   0.2347E+00
   0.2375E+00
   0.2397E+00
   0.2414E+00
   0.2426E+00
   0.2431E+00
   0.2431E+00
   0.2426E+00
   0.2414E+00
   0.2397E+00
   0.2375E+00
   0.2347E+00
   0.2313E+00
   0.2274E+00
   0.2230E+00
   0.2180E+00
   0.2125E+00
   0.2066E+00
   0.2001E+00
   0.1932E+00
   0.1859E+00
   0.1781E+00
   0.1699E+00
   0.1613E+00
   0.1523E+00
   0.1429E+00
   0.1333E+00
   0.1233E+00
   0.1130E+00
   0.1025E+00
   0.9171E-01
   0.8072E-01
   0.6954E-01
   0.5820E-01
   0.4672E-01
   0.3514E-01
   0.2347E-01
   0.1175E-01
   0.0000E+00
   0.0000E+00
   0.1119E-01
   0.2235E-01
   0.3346E-01
   0.4449E-01
   0.5542E-01
   0.6621E-01
   0.7686E-01
   0.8732E-01
   0.9758E-01
   0.1076E+00
   0.1174E+00
   0.1269E+00
   0.1361E+00
   0.1450E+00
   0.1536E+00
   0.1617E+00
   0.1696E+00
   0.1770E+00
   0.1840E+00
   0.1906E+00
   0.1967E+00
   0.2024E+00
   0.2076E+00
   0.2123E+00
   0.2165E+00
   0.2202E+00
   0.2234E+00
   0.2261E+00
   0.2283E+00
   0.2299E+00
   0.2310E+00
   0.2315E+00
   0.2315E+00
   0.2310E+00
   0.2299E+00
   0.2283E+00
   0.2261E+00
   0.2234E+00
   0.2202E+00
   0.2165E+00
   0.2123E+00
   0.2076E+00
   0.2024E+00
   0.1967E+00
   0.1906E+00
   0.1840E+00
   0.1770E+00
   0.1696E+00
   0.1617E+00
   0.1536E+00
   0.1450E+00
   0.1361E+00
   0.1269E+00
   0.1174E+00
   0.1076E+00
   0.9758E-01
   0.8732E-01
   0.7686E-01
   0.6621E-01
   0.5542E-01
   0.4449E-01
   0.3346E-01
   0.2235E-01
   0.1119E-01
   0.0000E+00
   0.0000E+00
   0.1065E-01
   0.2128E-01
   0.3186E-01
   0.4236E-01
   0.5276E-01
   0.6304E-01
   0.7318E-01
   0.8314E-01
   0.9291E-01
   0.1025E+00
   0.1118E+00
   0.1208E+00
   0.1296E+00
   0.1381E+00
   0.1462E+00
   0.1540E+00
   0.1614E+00
   0.1685E+00
   0.1752E+00
   0.1814E+00
   0.1873E+00
   0.1927E+00
   0.1976E+00
   0.2021E+00
   0.2061E+00
   0.2097E+00
   0.2127E+00
   0.2153E+00
   0.2173E+00
   0.2189E+00
   0.2199E+00
   0.2204E+00
   0.2204E+00
   0.2199E+00
   0.2189E+00
   0.2173E+00
   0.2153E+00
   0.2127E+00
   0.2097E+00
   0.2061E+00
   0.2021E+00
   0.1976E+00
   0.1927E+00
   0.1873E+00
   0.1814E+00
   0.1752E+00
   0.1685E+00
   0.1614E+00
   0.1540E+00
   0.1462E+00
   0.1381E+00
   0.1296E+00
   0.1208E+00
   0.1118E+00
   0.1025E+00
   0.9291E-01
   0.8314E-01
   0.7318E-01
   0.6304E-01
   0.5276E-01
   0.4236E-01
   0.3186E-01
   0.2128E-01
   0.1065E-01
   0.0000E+00
   0.0000E+00
   0.1014E-01
   0.2026E-01
   0.3033E-01
   0.4033E-01
   0.5024E-01
   0.6003E-01
   0.6967E-01
   0.7916E-01
   0.8846E-01
   0.9756E-01
   0.1064E+00
   0.1150E+00
   0.1234E+00
   0.1314E+00
   0.1392E+00
   0.1466E+00
   0.1537E+00
   0.1604E+00
   0.1668E+00
   0.1728E+00
   0.1783E+00
   0.1835E+00
   0.1882E+00
   0.1925E+00
   0.1963E+00
   0.1996E+00
   0.2025E+00
   0.2050E+00
   0.2069E+00
   0.2084E+00
   0.2094E+00
   0.2099E+00
   0.2099E+00
   0.2094E+00
   0.2084E+00
   0.2069E+00
   0.2050E+00
   0.2025E+00
   0.1996E+00
   0.1963E+00
   0.1925E+00
   0.1882E+00
   0.1835E+00
   0.1783E+00
   0.1728E+00
   0.1668E+00
   0.1604E+00
   0.1537E+00
   0.1466E+00
   0.1392E+00
   0.1314E+00
   0.1234E+00
   0.1150E+00
   0.1064E+00
   0.9756E-01
   0.8846E-01
   0.7916E-01
   0.6967E-01
   0.6003E-01
   0.5024E-01
   0.4033E-01
   0.3033E-01
   0.2026E-01
   0.1014E-01
   0.0000E+00
   0.0000E+00
   0.9656E-02
   0.1929E-01
   0.2888E-01
   0.3840E-01
   0.4783E-01
   0.5715E-01
   0.6634E-01
   0.7537E-01
   0.8423E-01
   0.9288E-01
   0.1013E+00
   0.1095E+00
   0.1175E+00
   0.1252E+00
   0.1325E+00
   0.1396E+00
   0.1464E+00
   0.1528E+00
   0.1588E+00
   0.1645E+00
   0.1698E+00
   0.1747E+00
   0.1792E+00
   0.1832E+00
   0.1869E+00
   0.1901E+00
   0.1929E+00
   0.1952E+00
   0.1970E+00
   0.1984E+00
   0.1993E+00
   0.1998E+00
   0.1998E+00
   0.1993E+00
   0.1984E+00
   0.1970E+00
   0.1952E+00
   0.1929E+00
   0.1901E+00
   0.1869E+00
   0.1832E+00
   0.1792E+00
   0.1747E+00
   0.1698E+00
   0.1645E+00
   0.1588E+00
   0.1528E+00
   0.1464E+00
   0.1396E+00
   0.1325E+00
   0.1252E+00
   0.1175E+00
   0.1095E+00
   0.1013E+00
   0.9288E-01
   0.8423E-01
   0.7537E-01
   0.6634E-01
   0.5715E-01
   0.4783E-01
   0.3840E-01
   0.2888E-01
   0.1929E-01
   0.9656E-02
   0.0000E+00
   0.0000E+00
   0.9194E-02
   0.1837E-01
   0.2750E-01
   0.3656E-01
   0.4554E-01
   0.5442E-01
   0.6316E-01
   0.7176E-01
   0.8019E-01
   0.8844E-01
   0.9648E-01
   0.1043E+00
   0.1119E+00
   0.1192E+00
   0.1262E+00
   0.1329E+00
   0.1394E+00
   0.1455E+00
   0.1512E+00
   0.1566E+00
   0.1617E+00
   0.1663E+00
   0.1706E+00
   0.1745E+00
   0.1779E+00
   0.1810E+00
   0.1836E+00
   0.1858E+00
   0.1876E+00
   0.1889E+00
   0.1898E+00
   0.1902E+00
   0.1902E+00
   0.1898E+00
   0.1889E+00
   0.1876E+00
   0.1858E+00
   0.1836E+00
   0.1810E+00
   0.1779E+00
   0.1745E+00
   0.1706E+00
   0.1663E+00
   0.1617E+00
   0.1566E+00
   0.1512E+00
   0.1455E+00
   0.1394E+00
   0.1329E+00
   0.1262E+00
   0.1192E+00
   0.1119E+00
   0.1043E+00
   0.9648E-01
   0.8844E-01
   0.8019E-01
   0.7176E-01
   0.6316E-01
   0.5442E-01
   0.4554E-01
   0.3656E-01
   0.2750E-01
   0.1837E-01
   0.9194E-02
   0.0000E+00
   0.0000E+00
   0.8754E-02
   0.1749E-01
   0.2618E-01
   0.3481E-01
   0.4336E-01
   0.5181E-01
   0.6014E-01
   0.6833E-01
   0.7636E-01
   0.8421E-01
   0.9186E-01
   0.9930E-01
   0.1065E+00
   0.1135E+00
   0.1202E+00
   0.1266E+00
   0.1327E+00
   0.1385E+00
   0.1440E+00
   0.1491E+00
   0.1539E+00
   0.1584E+00
   0.1624E+00
   0.1661E+00
   0.1694E+00
   0.1723E+00
   0.1748E+00
   0.1769E+00
   0.1786E+00
   0.1799E+00
   0.1807E+00
   0.1811E+00
   0.1811E+00
   0.1807E+00
   0.1799E+00
   0.1786E+00
   0.1769E+00
   0.1748E+00
   0.1723E+00
   0.1694E+00
   0.1661E+00
   0.1624E+00
   0.1584E+00
   0.1539E+00
   0.1491E+00
   0.1440E+00
   0.1385E+00
   0.1327E+00
   0.1266E+00
   0.1202E+00
   0.1135E+00
   0.1065E+00
   0.9930E-01
   0.9186E-01
   0.8421E-01
   0.7636E-01
   0.6833E-01
   0.6014E-01
   0.5181E-01
   0.4336E-01
   0.3481E-01
   0.2618E-01
   0.1749E-01
   0.8754E-02
   0.0000E+00
   0.0000E+00
   0.8335E-02
   0.1665E-01
   0.2493E-01
   0.3315E-01
   0.4129E-01
   0.4933E-01
   0.5726E-01
   0.6506E-01
   0.7270E-01
   0.8018E-01
   0.8746E-01
   0.9454E-01
   0.1014E+00
   0.1080E+00
   0.1144E+00
   0.1205E+00
   0.1263E+00
   0.1319E+00
   0.1371E+00
   0.1420E+00
   0.1466E+00
   0.1508E+00
   0.1547E+00
   0.1582E+00
   0.1613E+00
   0.1641E+00
   0.1665E+00
   0.1685E+00
   0.1701E+00
   0.1713E+00
   0.1721E+00
   0.1725E+00
   0.1725E+00
   0.1721E+00
   0.1713E+00
   0.1701E+00
   0.1685E+00
   0.1665E+00
   0.1641E+00
   0.1613E+00
   0.1582E+00
   0.1547E+00
   0.1508E+00
   0.1466E+00
   0.1420E+00
   0.1371E+00
   0.1319E+00
   0.1263E+00
   0.1205E+00
   0.1144E+00
   0.1080E+00
   0.1014E+00
   0.9454E-01
   0.8746E-01
   0.8018E-01
   0.7270E-01
   0.6506E-01
   0.5726E-01
   0.4933E-01
   0.4129E-01
   0.3315E-01
   0.2493E-01
   0.1665E-01
   0.8335E-02
   0.0000E+00
   0.0000E+00
   0.7936E-02
   0.1585E-01
   0.2373E-01
   0.3156E-01
   0.3931E-01
   0.4697E-01
   0.5452E-01
   0.6194E-01
   0.6922E-01
   0.7634E-01
   0.8328E-01
   0.9002E-01
   0.9655E-01
   0.1029E+00
   0.1089E+00
   0.1147E+00
   0.1203E+00
   0.1256E+00
   0.1305E+00
   0.1352E+00
   0.1395E+00
   0.1436E+00
   0.1473E+00
   0.1506E+00
   0.1536E+00
   0.1562E+00
   0.1585E+00
   0.1604E+00
   0.1619E+00
   0.1631E+00
   0.1638E+00
   0.1642E+00
   0.1642E+00
   0.1638E+00
   0.1631E+00
   0.1619E+00
   0.1604E+00
   0.1585E+00
   0.1562E+00
   0.1536E+00
   0.1506E+00
   0.1473E+00
   0.1436E+00
   0.1395E+00
   0.1352E+00
   0.1305E+00
   0.1256E+00
   0.1203E+00
   0.1147E+00
   0.1089E+00
   0.1029E+00
   0.9655E-01
   0.9002E-01
   0.8328E-01
   0.7634E-01
   0.6922E-01
   0.6194E-01
   0.5452E-01
   0.4697E-01
   0.3931E-01
   0.3156E-01
   0.2373E-01
   0.1585E-01
   0.7936E-02
   0.0000E+00
   0.0000E+00
   0.7557E-02
   0.1510E-01
   0.2260E-01
   0.3005E-01
   0.3743E-01
   0.4473E-01
   0.5191E-01
   0.5898E-01
   0.6591E-01
   0.7269E-01
   0.7929E-01
   0.8572E-01
   0.9194E-01
   0.9794E-01
   0.1037E+00
   0.1093E+00
   0.1145E+00
   0.1195E+00
   0.1243E+00
   0.1287E+00
   0.1329E+00
   0.1367E+00
   0.1402E+00
   0.1434E+00
   0.1462E+00
   0.1488E+00
   0.1509E+00
   0.1527E+00
   0.1542E+00
   0.1553E+00
   0.1560E+00
   0.1564E+00
   0.1564E+00
   0.1560E+00
   0.1553E+00
   0.1542E+00
   0.1527E+00
   0.1509E+00
   0.1488E+00
   0.1462E+00
   0.1434E+00
   0.1402E+00
   0.1367E+00
   0.1329E+00
   0.1287E+00
   0.1243E+00
   0.1195E+00
   0.1145E+00
   0.1093E+00
   0.1037E+00
   0.9794E-01
   0.9194E-01
   0.8572E-01
   0.7929E-01
   0.7269E-01
   0.6591E-01
   0.5898E-01
   0.5191E-01
   0.4473E-01
   0.3743E-01
   0.3005E-01
   0.2260E-01
   0.1510E-01
   0.7557E-02
   0.0000E+00
   0.0000E+00
   0.7195E-02
   0.1437E-01
   0.2152E-01
   0.2861E-01
   0.3564E-01
   0.4259E-01
   0.4943E-01
   0.5616E-01
   0.6276E-01
   0.6921E-01
   0.7550E-01
   0.8162E-01
   0.8754E-01
   0.9326E-01
   0.9876E-01
   0.1040E+00
   0.1091E+00
   0.1138E+00
   0.1183E+00
   0.1226E+00
   0.1265E+00
   0.1302E+00
   0.1335E+00
   0.1365E+00
   0.1393E+00
   0.1416E+00
   0.1437E+00
   0.1454E+00
   0.1468E+00
   0.1478E+00
   0.1485E+00
   0.1489E+00
   0.1489E+00
   0.1485E+00
   0.1478E+00
   0.1468E+00
   0.1454E+00
   0.1437E+00
   0.1416E+00
   0.1393E+00
   0.1365E+00
   0.1335E+00
   0.1302E+00
   0.1265E+00
   0.1226E+00
   0.1183E+00
   0.1138E+00
   0.1091E+00
   0.1040E+00
   0.9876E-01
   0.9326E-01
   0.8754E-01
   0.8162E-01
   0.7550E-01
   0.6921E-01
   0.6276E-01
   0.5616E-01
   0.4943E-01
   0.4259E-01
   0.3564E-01
   0.2861E-01
   0.2152E-01
   0.1437E-01
   0.7195E-02
   0.0000E+00
   0.0000E+00
   0.6852E-02
   0.1369E-01
   0.2049E-01
   0.2725E-01
   0.3394E-01
   0.4055E-01
   0.4707E-01
   0.5348E-01
   0.5976E-01
   0.6591E-01
   0.7190E-01
   0.7772E-01
   0.8336E-01
   0.8880E-01
   0.9404E-01
   0.9906E-01
   0.1038E+00
   0.1084E+00
   0.1127E+00
   0.1167E+00
   0.1205E+00
   0.1239E+00
   0.1271E+00
   0.1300E+00
   0.1326E+00
   0.1349E+00
   0.1368E+00
   0.1385E+00
   0.1398E+00
   0.1408E+00
   0.1414E+00
   0.1418E+00
   0.1418E+00
   0.1414E+00
   0.1408E+00
   0.1398E+00
   0.1385E+00
   0.1368E+00
   0.1349E+00
   0.1326E+00
   0.1300E+00
   0.1271E+00
   0.1239E+00
   0.1205E+00
   0.1167E+00
   0.1127E+00
   0.1084E+00
   0.1038E+00
   0.9906E-01
   0.9404E-01
   0.8880E-01
   0.8336E-01
   0.7772E-01
   0.7190E-01
   0.6591E-01
   0.5976E-01
   0.5348E-01
   0.4707E-01
   0.4055E-01
   0.3394E-01
   0.2725E-01
   0.2049E-01
   0.1369E-01
   0.6852E-02
   0.0000E+00
   0.0000E+00
   0.6525E-02
   0.1303E-01
   0.1951E-01
   0.2595E-01
   0.3232E-01
   0.3862E-01
   0.4482E-01
   0.5093E-01
   0.5691E-01
   0.6276E-01
   0.6846E-01
   0.7401E-01
   0.7938E-01
   0.8456E-01
   0.8955E-01
   0.9433E-01
   0.9889E-01
   0.1032E+00
   0.1073E+00
   0.1111E+00
   0.1147E+00
   0.1180E+00
   0.1211E+00
   0.1238E+00
   0.1263E+00
   0.1284E+00
   0.1303E+00
   0.1319E+00
   0.1331E+00
   0.1341E+00
   0.1347E+00
   0.1350E+00
   0.1350E+00
   0.1347E+00
   0.1341E+00
   0.1331E+00
   0.1319E+00
   0.1303E+00
   0.1284E+00
   0.1263E+00
   0.1238E+00
   0.1211E+00
   0.1180E+00
   0.1147E+00
   0.1111E+00
   0.1073E+00
   0.1032E+00
   0.9889E-01
   0.9433E-01
   0.8955E-01
   0.8456E-01
   0.7938E-01
   0.7401E-01
   0.6846E-01
   0.6276E-01
   0.5691E-01
   0.5093E-01
   0.4482E-01
   0.3862E-01
   0.3232E-01
   0.2595E-01
   0.1951E-01
   0.1303E-01
   0.6525E-02
   0.0000E+00
   0.0000E+00
   0.6213E-02
   0.1241E-01
   0.1858E-01
   0.2471E-01
   0.3078E-01
   0.3677E-01
   0.4268E-01
   0.4850E-01
   0.5419E-01
   0.5977E-01
   0.6520E-01
   0.7048E-01
   0.7559E-01
   0.8053E-01
   0.8528E-01
   0.8983E-01
   0.9417E-01
   0.9829E-01
   0.1022E+00
   0.1058E+00
   0.1092E+00
   0.1124E+00
   0.1153E+00
   0.1179E+00
   0.1202E+00
   0.1223E+00
   0.1241E+00
   0.1256E+00
   0.1268E+00
   0.1277E+00
   0.1283E+00
   0.1286E+00
   0.1286E+00
   0.1283E+00
   0.1277E+00
   0.1268E+00
   0.1256E+00
   0.1241E+00
   0.1223E+00
   0.1202E+00
   0.1179E+00
   0.1153E+00
   0.1124E+00
   0.1092E+00
   0.1058E+00
   0.1022E+00
   0.9829E-01
   0.9417E-01
   0.8983E-01
   0.8528E-01
   0.8053E-01
   0.7559E-01
   0.7048E-01
   0.6520E-01
   0.5977E-01
   0.5419E-01
   0.4850E-01
   0.4268E-01
   0.3677E-01
   0.3078E-01
   0.2471E-01
   0.1858E-01
   0.1241E-01
   0.6213E-02
   0.0000E+00
   0.0000E+00
   0.5917E-02
   0.1182E-01
   0.1770E-01
   0.2353E-01
   0.2931E-01
   0.3502E-01
   0.4065E-01
   0.4619E-01
   0.5161E-01
   0.5692E-01
   0.6209E-01
   0.6712E-01
   0.7199E-01
   0.7669E-01
   0.8122E-01
   0.8555E-01
   0.8969E-01
   0.9361E-01
   0.9732E-01
   0.1008E+00
   0.1040E+00
   0.1070E+00
   0.1098E+00
   0.1123E+00
   0.1145E+00
   0.1165E+00
   0.1182E+00
   0.1196E+00
   0.1207E+00
   0.1216E+00
   0.1222E+00
   0.1224E+00
   0.1224E+00
   0.1222E+00
   0.1216E+00
   0.1207E+00
   0.1196E+00
   0.1182E+00
   0.1165E+00
   0.1145E+00
   0.1123E+00
   0.1098E+00
   0.1070E+00
   0.1040E+00
   0.1008E+00
   0.9732E-01
   0.9361E-01
   0.8969E-01
   0.8555E-01
   0.8122E-01
   0.7669E-01
   0.7199E-01
   0.6712E-01
   0.6209E-01
   0.5692E-01
   0.5161E-01
   0.4619E-01
   0.4065E-01
   0.3502E-01
   0.2931E-01
   0.2353E-01
   0.1770E-01
   0.1182E-01
   0.5917E-02
   0.0000E+00
   0.0000E+00
   0.5636E-02
   0.1126E-01
   0.1685E-01
   0.2241E-01
   0.2792E-01
   0.3335E-01
   0.3872E-01
   0.4399E-01
   0.4915E-01
   0.5421E-01
   0.5913E-01
   0.6392E-01
   0.6856E-01
   0.7304E-01
   0.7735E-01
   0.8148E-01
   0.8542E-01
   0.8915E-01
   0.9268E-01
   0.9600E-01
   0.9909E-01
   0.1019E+00
   0.1046E+00
   0.1069E+00
   0.1091E+00
   0.1109E+00
   0.1125E+00
   0.1139E+00
   0.1150E+00
   0.1158E+00
   0.1163E+00
   0.1166E+00
   0.1166E+00
   0.1163E+00
   0.1158E+00
   0.1150E+00
   0.1139E+00
   0.1125E+00
   0.1109E+00
   0.1091E+00
   0.1069E+00
   0.1046E+00
   0.1019E+00
   0.9909E-01
   0.9600E-01
   0.9268E-01
   0.8915E-01
   0.8542E-01
   0.8148E-01
   0.7735E-01
   0.7304E-01
   0.6856E-01
   0.6392E-01
   0.5913E-01
   0.5421E-01
   0.4915E-01
   0.4399E-01
   0.3872E-01
   0.3335E-01
   0.2792E-01
   0.2241E-01
   0.1685E-01
   0.1126E-01
   0.5636E-02
   0.0000E+00
   0.0000E+00
   0.5368E-02
   0.1072E-01
   0.1605E-01
   0.2135E-01
   0.2659E-01
   0.3177E-01
   0.3687E-01
   0.4190E-01
   0.4682E-01
   0.5163E-01
   0.5632E-01
   0.6088E-01
   0.6530E-01
   0.6957E-01
   0.7367E-01
   0.7760E-01
   0.8136E-01
   0.8492E-01
   0.8828E-01
   0.9143E-01
   0.9438E-01
   0.9710E-01
   0.9959E-01
   0.1019E+00
   0.1039E+00
   0.1057E+00
   0.1072E+00
   0.1085E+00
   0.1095E+00
   0.1103E+00
   0.1108E+00
   0.1111E+00
   0.1111E+00
   0.1108E+00
   0.1103E+00
   0.1095E+00
   0.1085E+00
   0.1072E+00
   0.1057E+00
   0.1039E+00
   0.1019E+00
   0.9959E-01
   0.9710E-01
   0.9438E-01
   0.9143E-01
   0.8828E-01
   0.8492E-01
   0.8136E-01
   0.7760E-01
   0.7367E-01
   0.6957E-01
   0.6530E-01
   0.6088E-01
   0.5632E-01
   0.5163E-01
   0.4682E-01
   0.4190E-01
   0.3687E-01
   0.3177E-01
   0.2659E-01
   0.2135E-01
   0.1605E-01
   0.1072E-01
   0.5368E-02
   0.0000E+00
   0.0000E+00
   0.5113E-02
   0.1021E-01
   0.1529E-01
   0.2033E-01
   0.2533E-01
   0.3026E-01
   0.3512E-01
   0.3991E-01
   0.4460E-01
   0.4918E-01
   0.5365E-01
   0.5799E-01
   0.6220E-01
   0.6627E-01
   0.7018E-01
   0.7392E-01
   0.7749E-01
   0.8088E-01
   0.8409E-01
   0.8709E-01
   0.8990E-01
   0.9249E-01
   0.9487E-01
   0.9702E-01
   0.9895E-01
   0.1006E+00
   0.1021E+00
   0.1033E+00
   0.1043E+00
   0.1051E+00
   0.1055E+00
   0.1058E+00
   0.1058E+00
   0.1055E+00
   0.1051E+00
   0.1043E+00
   0.1033E+00
   0.1021E+00
   0.1006E+00
   0.9895E-01
   0.9702E-01
   0.9487E-01
   0.9249E-01
   0.8990E-01
   0.8709E-01
   0.8409E-01
   0.8088E-01
   0.7749E-01
   0.7392E-01
   0.7018E-01
   0.6627E-01
   0.6220E-01
   0.5799E-01
   0.5365E-01
   0.4918E-01
   0.4460E-01
   0.3991E-01
   0.3512E-01
   0.3026E-01
   0.2533E-01
   0.2033E-01
   0.1529E-01
   0.1021E-01
   0.5113E-02
   0.0000E+00
   0.0000E+00
   0.4870E-02
   0.9730E-02
   0.1457E-01
   0.1937E-01
   0.2413E-01
   0.2883E-01
   0.3346E-01
   0.3802E-01
   0.4248E-01
   0.4685E-01
   0.5111E-01
   0.5525E-01
   0.5925E-01
   0.6313E-01
   0.6685E-01
   0.7042E-01
   0.7382E-01
   0.7705E-01
   0.8010E-01
   0.8297E-01
   0.8564E-01
   0.8811E-01
   0.9037E-01
   0.9242E-01
   0.9426E-01
   0.9588E-01
   0.9727E-01
   0.9844E-01
   0.9937E-01
   0.1001E+00
   0.1005E+00
   0.1008E+00
   0.1008E+00
   0.1005E+00
   0.1001E+00
   0.9937E-01
   0.9844E-01
   0.9727E-01
   0.9588E-01
   0.9426E-01
   0.9242E-01
   0.9037E-01
   0.8811E-01
   0.8564E-01
   0.8297E-01
   0.8010E-01
   0.7705E-01
   0.7382E-01
   0.7042E-01
   0.6685E-01
   0.6313E-01
   0.5925E-01
   0.5525E-01
   0.5111E-01
   0.4685E-01
   0.4248E-01
   0.3802E-01
   0.3346E-01
   0.2883E-01
   0.2413E-01
   0.1937E-01
   0.1457E-01
   0.9730E-02
   0.4870E-02
   0.0000E+00
   0.0000E+00
   0.4640E-02
   0.9269E-02
   0.1388E-01
   0.1845E-01
   0.2298E-01
   0.2746E-01
   0.3188E-01
   0.3622E-01
   0.4047E-01
   0.4463E-01
   0.4869E-01
   0.5263E-01
   0.5645E-01
   0.6014E-01
   0.6369E-01
   0.6709E-01
   0.7033E-01
   0.7341E-01
   0.7631E-01
   0.7904E-01
   0.8158E-01
   0.8394E-01
   0.8609E-01
   0.8805E-01
   0.8980E-01
   0.9134E-01
   0.9267E-01
   0.9378E-01
   0.9467E-01
   0.9534E-01
   0.9579E-01
   0.9601E-01
   0.9601E-01
   0.9579E-01
   0.9534E-01
   0.9467E-01
   0.9378E-01
   0.9267E-01
   0.9134E-01
   0.8980E-01
   0.8805E-01
   0.8609E-01
   0.8394E-01
   0.8158E-01
   0.7904E-01
   0.7631E-01
   0.7341E-01
   0.7033E-01
   0.6709E-01
   0.6369E-01
   0.6014E-01
   0.5645E-01
   0.5263E-01
   0.4869E-01
   0.4463E-01
   0.4047E-01
   0.3622E-01
   0.3188E-01
   0.2746E-01
   0.2298E-01
   0.1845E-01
   0.1388E-01
   0.9269E-02
   0.4640E-02
   0.0000E+00
   0.0000E+00
   0.4421E-02
   0.8832E-02
   0.1322E-01
   0.1758E-01
   0.2190E-01
   0.2617E-01
   0.3037E-01
   0.3451E-01
   0.3856E-01
   0.4253E-01
   0.4639E-01
   0.5015E-01
   0.5379E-01
   0.5730E-01
   0.6068E-01
   0.6392E-01
   0.6701E-01
   0.6994E-01
   0.7271E-01
   0.7531E-01
   0.7773E-01
   0.7997E-01
   0.8203E-01
   0.8389E-01
   0.8556E-01
   0.8703E-01
   0.8829E-01
   0.8935E-01
   0.9020E-01
   0.9084E-01
   0.9127E-01
   0.9148E-01
   0.9148E-01
   0.9127E-01
   0.9084E-01
   0.9020E-01
   0.8935E-01
   0.8829E-01
   0.8703E-01
   0.8556E-01
   0.8389E-01
   0.8203E-01
   0.7997E-01
   0.7773E-01
   0.7531E-01
   0.7271E-01
   0.6994E-01
   0.6701E-01
   0.6392E-01
   0.6068E-01
   0.5730E-01
   0.5379E-01
   0.5015E-01
   0.4639E-01
   0.4253E-01
   0.3856E-01
   0.3451E-01
   0.3037E-01
   0.2617E-01
   0.2190E-01
   0.1758E-01
   0.1322E-01
   0.8832E-02
   0.4421E-02
   0.0000E+00
   0.0000E+00
   0.4213E-02
   0.8416E-02
   0.1260E-01
   0.1675E-01
   0.2087E-01
   0.2493E-01
   0.2894E-01
   0.3288E-01
   0.3674E-01
   0.4052E-01
   0.4421E-01
   0.4779E-01
   0.5125E-01
   0.5460E-01
   0.5782E-01
   0.6091E-01
   0.6385E-01
   0.6665E-01
   0.6928E-01
   0.7176E-01
   0.7407E-01
   0.7621E-01
   0.7817E-01
   0.7994E-01
   0.8153E-01
   0.8293E-01
   0.8413E-01
   0.8514E-01
   0.8595E-01
   0.8656E-01
   0.8697E-01
   0.8717E-01
   0.8717E-01
   0.8697E-01
   0.8656E-01
   0.8595E-01
   0.8514E-01
   0.8413E-01
   0.8293E-01
   0.8153E-01
   0.7994E-01
   0.7817E-01
   0.7621E-01
   0.7407E-01
   0.7176E-01
   0.6928E-01
   0.6665E-01
   0.6385E-01
   0.6091E-01
   0.5782E-01
   0.5460E-01
   0.5125E-01
   0.4779E-01
   0.4421E-01
   0.4052E-01
   0.3674E-01
   0.3288E-01
   0.2894E-01
   0.2493E-01
   0.2087E-01
   0.1675E-01
   0.1260E-01
   0.8416E-02
   0.4213E-02
   0.0000E+00
   0.0000E+00
   0.4015E-02
   0.8020E-02
   0.1201E-01
   0.1597E-01
   0.1989E-01
   0.2376E-01
   0.2758E-01
   0.3134E-01
   0.3502E-01
   0.3862E-01
   0.4213E-01
   0.4554E-01
   0.4884E-01
   0.5204E-01
   0.5511E-01
   0.5805E-01
   0.6085E-01
   0.6351E-01
   0.6603E-01
   0.6839E-01
   0.7059E-01
   0.7263E-01
   0.7449E-01
   0.7619E-01
   0.7770E-01
   0.7903E-01
   0.8018E-01
   0.8114E-01
   0.8191E-01
   0.8249E-01
   0.8288E-01
   0.8308E-01
   0.8308E-01
   0.8288E-01
   0.8249E-01
   0.8191E-01
   0.8114E-01
   0.8018E-01
   0.7903E-01
   0.7770E-01
   0.7619E-01
   0.7449E-01
   0.7263E-01
   0.7059E-01
   0.6839E-01
   0.6603E-01
   0.6351E-01
   0.6085E-01
   0.5805E-01
   0.5511E-01
   0.5204E-01
   0.4884E-01
   0.4554E-01
   0.4213E-01
   0.3862E-01
   0.3502E-01
   0.3134E-01
   0.2758E-01
   0.2376E-01
   0.1989E-01
   0.1597E-01
   0.1201E-01
   0.8020E-02
   0.4015E-02
   0.0000E+00
   0.0000E+00
   0.3827E-02
   0.7644E-02
   0.1144E-01
   0.1522E-01
   0.1896E-01
   0.2265E-01
   0.2629E-01
   0.2987E-01
   0.3338E-01
   0.3681E-01
   0.4015E-01
   0.4341E-01
   0.4656E-01
   0.4960E-01
   0.5252E-01
   0.5533E-01
   0.5800E-01
   0.6054E-01
   0.6294E-01
   0.6519E-01
   0.6728E-01
   0.6922E-01
   0.7100E-01
   0.7262E-01
   0.7406E-01
   0.7533E-01
   0.7642E-01
   0.7734E-01
   0.7808E-01
   0.7863E-01
   0.7900E-01
   0.7918E-01
   0.7918E-01
   0.7900E-01
   0.7863E-01
   0.7808E-01
   0.7734E-01
   0.7642E-01
   0.7533E-01
   0.7406E-01
   0.7262E-01
   0.7100E-01
   0.6922E-01
   0.6728E-01
   0.6519E-01
   0.6294E-01
   0.6054E-01
   0.5800E-01
   0.5533E-01
   0.5252E-01
   0.4960E-01
   0.4656E-01
   0.4341E-01
   0.4015E-01
   0.3681E-01
   0.3338E-01
   0.2987E-01
   0.2629E-01
   0.2265E-01
   0.1896E-01
   0.1522E-01
   0.1144E-01
   0.7644E-02
   0.3827E-02
   0.0000E+00
   0.0000E+00
   0.3648E-02
   0.7287E-02
   0.1091E-01
   0.1451E-01
   0.1807E-01
   0.2159E-01
   0.2506E-01
   0.2847E-01
   0.3182E-01
   0.3509E-01
   0.3828E-01
   0.4138E-01
   0.4438E-01
   0.4728E-01
   0.5007E-01
   0.5274E-01
   0.5529E-01
   0.5771E-01
   0.6000E-01
   0.6214E-01
   0.6414E-01
   0.6599E-01
   0.6769E-01
   0.6922E-01
   0.7060E-01
   0.7181E-01
   0.7285E-01
   0.7373E-01
   0.7443E-01
   0.7496E-01
   0.7531E-01
   0.7548E-01
   0.7548E-01
   0.7531E-01
   0.7496E-01
   0.7443E-01
   0.7373E-01
   0.7285E-01
   0.7181E-01
   0.7060E-01
   0.6922E-01
   0.6769E-01
   0.6599E-01
   0.6414E-01
   0.6214E-01
   0.6000E-01
   0.5771E-01
   0.5529E-01
   0.5274E-01
   0.5007E-01
   0.4728E-01
   0.4438E-01
   0.4138E-01
   0.3828E-01
   0.3509E-01
   0.3182E-01
   0.2847E-01
   0.2506E-01
   0.2159E-01
   0.1807E-01
   0.1451E-01
   0.1091E-01
   0.7287E-02
   0.3648E-02
   0.0000E+00
   0.0000E+00
   0.3478E-02
   0.6948E-02
   0.1040E-01
   0.1383E-01
   0.1723E-01
   0.2059E-01
   0.2389E-01
   0.2715E-01
   0.3034E-01
   0.3346E-01
   0.3650E-01
   0.3945E-01
   0.4231E-01
   0.4508E-01
   0.4774E-01
   0.5029E-01
   0.5272E-01
   0.5502E-01
   0.5720E-01
   0.5925E-01
   0.6115E-01
   0.6292E-01
   0.6453E-01
   0.6600E-01
   0.6731E-01
   0.6847E-01
   0.6946E-01
   0.7029E-01
   0.7096E-01
   0.7146E-01
   0.7180E-01
   0.7197E-01
   0.7197E-01
   0.7180E-01
   0.7146E-01
   0.7096E-01
   0.7029E-01
   0.6946E-01
   0.6847E-01
   0.6731E-01
   0.6600E-01
   0.6453E-01
   0.6292E-01
   0.6115E-01
   0.5925E-01
   0.5720E-01
   0.5502E-01
   0.5272E-01
   0.5029E-01
   0.4774E-01
   0.4508E-01
   0.4231E-01
   0.3945E-01
   0.3650E-01
   0.3346E-01
   0.3034E-01
   0.2715E-01
   0.2389E-01
   0.2059E-01
   0.1723E-01
   0.1383E-01
   0.1040E-01
   0.6948E-02
   0.3478E-02
   0.0000E+00
   0.0000E+00
   0.3317E-02
   0.6626E-02
   0.9919E-02
   0.1319E-01
   0.1643E-01
   0.1963E-01
   0.2279E-01
   0.2589E-01
   0.2893E-01
   0.3190E-01
   0.3480E-01
   0.3762E-01
   0.4035E-01
   0.4299E-01
   0.4552E-01
   0.4795E-01
   0.5027E-01
   0.5247E-01
   0.5455E-01
   0.5650E-01
   0.5831E-01
   0.6000E-01
   0.6154E-01
   0.6294E-01
   0.6419E-01
   0.6529E-01
   0.6624E-01
   0.6703E-01
   0.6767E-01
   0.6815E-01
   0.6847E-01
   0.6863E-01
   0.6863E-01
   0.6847E-01
   0.6815E-01
   0.6767E-01
   0.6703E-01
   0.6624E-01
   0.6529E-01
   0.6419E-01
   0.6294E-01
   0.6154E-01
   0.6000E-01
   0.5831E-01
   0.5650E-01
   0.5455E-01
   0.5247E-01
   0.5027E-01
   0.4795E-01
   0.4552E-01
   0.4299E-01
   0.4035E-01
   0.3762E-01
   0.3480E-01
   0.3190E-01
   0.2893E-01
   0.2589E-01
   0.2279E-01
   0.1963E-01
   0.1643E-01
   0.1319E-01
   0.9919E-02
   0.6626E-02
   0.3317E-02
   0.0000E+00
   0.0000E+00
   0.3163E-02
   0.6319E-02
   0.9460E-02
   0.1258E-01
   0.1567E-01
   0.1872E-01
   0.2173E-01
   0.2469E-01
   0.2759E-01
   0.3043E-01
   0.3319E-01
   0.3588E-01
   0.3849E-01
   0.4100E-01
   0.4342E-01
   0.4574E-01
   0.4795E-01
   0.5004E-01
   0.5203E-01
   0.5388E-01
   0.5562E-01
   0.5722E-01
   0.5869E-01
   0.6003E-01
   0.6122E-01
   0.6227E-01
   0.6318E-01
   0.6393E-01
   0.6454E-01
   0.6500E-01
   0.6530E-01
   0.6546E-01
   0.6546E-01
   0.6530E-01
   0.6500E-01
   0.6454E-01
   0.6393E-01
   0.6318E-01
   0.6227E-01
   0.6122E-01
   0.6003E-01
   0.5869E-01
   0.5722E-01
   0.5562E-01
   0.5388E-01
   0.5203E-01
   0.5004E-01
   0.4795E-01
   0.4574E-01
   0.4342E-01
   0.4100E-01
   0.3849E-01
   0.3588E-01
   0.3319E-01
   0.3043E-01
   0.2759E-01
   0.2469E-01
   0.2173E-01
   0.1872E-01
   0.1567E-01
   0.1258E-01
   0.9460E-02
   0.6319E-02
   0.3163E-02
   0.0000E+00
   0.0000E+00
   0.3018E-02
   0.6028E-02
   0.9025E-02
   0.1200E-01
   0.1495E-01
   0.1786E-01
   0.2073E-01
   0.2355E-01
   0.2632E-01
   0.2903E-01
   0.3166E-01
   0.3423E-01
   0.3671E-01
   0.3911E-01
   0.4142E-01
   0.4363E-01
   0.4574E-01
   0.4774E-01
   0.4963E-01
   0.5140E-01
   0.5306E-01
   0.5459E-01
   0.5599E-01
   0.5726E-01
   0.5840E-01
   0.5940E-01
   0.6027E-01
   0.6099E-01
   0.6157E-01
   0.6201E-01
   0.6230E-01
   0.6244E-01
   0.6244E-01
   0.6230E-01
   0.6201E-01
   0.6157E-01
   0.6099E-01
   0.6027E-01
   0.5940E-01
   0.5840E-01
   0.5726E-01
   0.5599E-01
   0.5459E-01
   0.5306E-01
   0.5140E-01
   0.4963E-01
   0.4774E-01
   0.4574E-01
   0.4363E-01
   0.4142E-01
   0.3911E-01
   0.3671E-01
   0.3423E-01
   0.3166E-01
   0.2903E-01
   0.2632E-01
   0.2355E-01
   0.2073E-01
   0.1786E-01
   0.1495E-01
   0.1200E-01
   0.9025E-02
   0.6028E-02
   0.3018E-02
   0.0000E+00
   0.0000E+00
   0.2879E-02
   0.5752E-02
   0.8611E-02
   0.1145E-01
   0.1426E-01
   0.1704E-01
   0.1978E-01
   0.2247E-01
   0.2511E-01
   0.2770E-01
   0.3021E-01
   0.3266E-01
   0.3503E-01
   0.3732E-01
   0.3952E-01
   0.4163E-01
   0.4364E-01
   0.4555E-01
   0.4735E-01
   0.4905E-01
   0.5063E-01
   0.5209E-01
   0.5342E-01
   0.5464E-01
   0.5572E-01
   0.5668E-01
   0.5750E-01
   0.5819E-01
   0.5875E-01
   0.5916E-01
   0.5944E-01
   0.5958E-01
   0.5958E-01
   0.5944E-01
   0.5916E-01
   0.5875E-01
   0.5819E-01
   0.5750E-01
   0.5668E-01
   0.5572E-01
   0.5464E-01
   0.5342E-01
   0.5209E-01
   0.5063E-01
   0.4905E-01
   0.4735E-01
   0.4555E-01
   0.4364E-01
   0.4163E-01
   0.3952E-01
   0.3732E-01
   0.3503E-01
   0.3266E-01
   0.3021E-01
   0.2770E-01
   0.2511E-01
   0.2247E-01
   0.1978E-01
   0.1704E-01
   0.1426E-01
   0.1145E-01
   0.8611E-02
   0.5752E-02
   0.2879E-02
   0.0000E+00
   0.0000E+00
   0.2748E-02
   0.5490E-02
   0.8218E-02
   0.1093E-01
   0.1361E-01
   0.1626E-01
   0.1888E-01
   0.2145E-01
   0.2397E-01
   0.2643E-01
   0.2883E-01
   0.3117E-01
   0.3343E-01
   0.3562E-01
   0.3772E-01
   0.3973E-01
   0.4165E-01
   0.4347E-01
   0.4519E-01
   0.4681E-01
   0.4832E-01
   0.4971E-01
   0.5099E-01
   0.5215E-01
   0.5318E-01
   0.5409E-01
   0.5488E-01
   0.5554E-01
   0.5607E-01
   0.5646E-01
   0.5673E-01
   0.5686E-01
   0.5686E-01
   0.5673E-01
   0.5646E-01
   0.5607E-01
   0.5554E-01
   0.5488E-01
   0.5409E-01
   0.5318E-01
   0.5215E-01
   0.5099E-01
   0.4971E-01
   0.4832E-01
   0.4681E-01
   0.4519E-01
   0.4347E-01
   0.4165E-01
   0.3973E-01
   0.3772E-01
   0.3562E-01
   0.3343E-01
   0.3117E-01
   0.2883E-01
   0.2643E-01
   0.2397E-01
   0.2145E-01
   0.1888E-01
   0.1626E-01
   0.1361E-01
   0.1093E-01
   0.8218E-02
   0.5490E-02
   0.2748E-02
   0.0000E+00
   0.0000E+00
   0.2623E-02
   0.5240E-02
   0.7845E-02
   0.1043E-01
   0.1299E-01
   0.1553E-01
   0.1802E-01
   0.2047E-01
   0.2288E-01
   0.2523E-01
   0.2753E-01
   0.2975E-01
   0.3191E-01
   0.3400E-01
   0.3600E-01
   0.3793E-01
   0.3976E-01
   0.4150E-01
   0.4314E-01
   0.4468E-01
   0.4612E-01
   0.4745E-01
   0.4867E-01
   0.4978E-01
   0.5077E-01
   0.5164E-01
   0.5239E-01
   0.5302E-01
   0.5352E-01
   0.5390E-01
   0.5415E-01
   0.5428E-01
   0.5428E-01
   0.5415E-01
   0.5390E-01
   0.5352E-01
   0.5302E-01
   0.5239E-01
   0.5164E-01
   0.5077E-01
   0.4978E-01
   0.4867E-01
   0.4745E-01
   0.4612E-01
   0.4468E-01
   0.4314E-01
   0.4150E-01
   0.3976E-01
   0.3793E-01
   0.3600E-01
   0.3400E-01
   0.3191E-01
   0.2975E-01
   0.2753E-01
   0.2523E-01
   0.2288E-01
   0.2047E-01
   0.1802E-01
   0.1553E-01
   0.1299E-01
   0.1043E-01
   0.7845E-02
   0.5240E-02
   0.2623E-02
   0.0000E+00
   0.0000E+00
   0.2505E-02
   0.5004E-02
   0.7491E-02
   0.9961E-02
   0.1241E-01
   0.1482E-01
   0.1721E-01
   0.1955E-01
   0.2185E-01
   0.2409E-01
   0.2628E-01
   0.2841E-01
   0.3047E-01
   0.3246E-01
   0.3438E-01
   0.3621E-01
   0.3796E-01
   0.3962E-01
   0.4119E-01
   0.4267E-01
   0.4404E-01
   0.4531E-01
   0.4647E-01
   0.4753E-01
   0.4847E-01
   0.4931E-01
   0.5002E-01
   0.5062E-01
   0.5110E-01
   0.5147E-01
   0.5171E-01
   0.5183E-01
   0.5183E-01
   0.5171E-01
   0.5147E-01
   0.5110E-01
   0.5062E-01
   0.5002E-01
   0.4931E-01
   0.4847E-01
   0.4753E-01
   0.4647E-01
   0.4531E-01
   0.4404E-01
   0.4267E-01
   0.4119E-01
   0.3962E-01
   0.3796E-01
   0.3621E-01
   0.3438E-01
   0.3246E-01
   0.3047E-01
   0.2841E-01
   0.2628E-01
   0.2409E-01
   0.2185E-01
   0.1955E-01
   0.1721E-01
   0.1482E-01
   0.1241E-01
   0.9961E-02
   0.7491E-02
   0.5004E-02
   0.2505E-02
   0.0000E+00
   0.0000E+00
   0.2392E-02
   0.4779E-02
   0.7154E-02
   0.9513E-02
   0.1185E-01
   0.1416E-01
   0.1643E-01
   0.1867E-01
   0.2087E-01
   0.2301E-01
   0.2510E-01
   0.2714E-01
   0.2910E-01
   0.3101E-01
   0.3283E-01
   0.3459E-01
   0.3626E-01
   0.3785E-01
   0.3934E-01
   0.4075E-01
   0.4206E-01
   0.4327E-01
   0.4439E-01
   0.4540E-01
   0.4630E-01
   0.4709E-01
   0.4778E-01
   0.4835E-01
   0.4881E-01
   0.4915E-01
   0.4939E-01
   0.4950E-01
   0.4950E-01
   0.4939E-01
   0.4915E-01
   0.4881E-01
   0.4835E-01
   0.4778E-01
   0.4709E-01
   0.4630E-01
   0.4540E-01
   0.4439E-01
   0.4327E-01
   0.4206E-01
   0.4075E-01
   0.3934E-01
   0.3785E-01
   0.3626E-01
   0.3459E-01
   0.3283E-01
   0.3101E-01
   0.2910E-01
   0.2713E-01
   0.2510E-01
   0.2301E-01
   0.2087E-01
   0.1867E-01
   0.1643E-01
   0.1416E-01
   0.1185E-01
   0.9513E-02
   0.7154E-02
   0.4779E-02
   0.2392E-02
   0.0000E+00
   0.0000E+00
   0.2285E-02
   0.4566E-02
   0.6835E-02
   0.9089E-02
   0.1132E-01
   0.1353E-01
   0.1570E-01
   0.1784E-01
   0.1993E-01
   0.2198E-01
   0.2398E-01
   0.2592E-01
   0.2781E-01
   0.2962E-01
   0.3137E-01
   0.3304E-01
   0.3464E-01
   0.3616E-01
   0.3759E-01
   0.3893E-01
   0.4018E-01
   0.4134E-01
   0.4241E-01
   0.4337E-01
   0.4423E-01
   0.4499E-01
   0.4564E-01
   0.4619E-01
   0.4663E-01
   0.4696E-01
   0.4718E-01
   0.4729E-01
   0.4729E-01
   0.4718E-01
   0.4696E-01
   0.4663E-01
   0.4619E-01
   0.4564E-01
   0.4499E-01
   0.4423E-01
   0.4337E-01
   0.4241E-01
   0.4134E-01
   0.4018E-01
   0.3893E-01
   0.3759E-01
   0.3616E-01
   0.3464E-01
   0.3304E-01
   0.3137E-01
   0.2962E-01
   0.2781E-01
   0.2592E-01
   0.2398E-01
   0.2198E-01
   0.1993E-01
   0.1784E-01
   0.1570E-01
   0.1353E-01
   0.1132E-01
   0.9089E-02
   0.6835E-02
   0.4566E-02
   0.2285E-02
   0.0000E+00
   0.0000E+00
   0.2184E-02
   0.4363E-02
   0.6532E-02
   0.8685E-02
   0.1082E-01
   0.1293E-01
   0.1500E-01
   0.1705E-01
   0.1905E-01
   0.2101E-01
   0.2292E-01
   0.2477E-01
   0.2657E-01
   0.2831E-01
   0.2998E-01
   0.3158E-01
   0.3310E-01
   0.3455E-01
   0.3592E-01
   0.3720E-01
   0.3840E-01
   0.3951E-01
   0.4052E-01
   0.4144E-01
   0.4227E-01
   0.4299E-01
   0.4362E-01
   0.4414E-01
   0.4456E-01
   0.4488E-01
   0.4509E-01
   0.4519E-01
   0.4519E-01
   0.4509E-01
   0.4488E-01
   0.4456E-01
   0.4414E-01
   0.4362E-01
   0.4299E-01
   0.4227E-01
   0.4144E-01
   0.4052E-01
   0.3951E-01
   0.3840E-01
   0.3720E-01
   0.3592E-01
   0.3455E-01
   0.3310E-01
   0.3158E-01
   0.2998E-01
   0.2831E-01
   0.2657E-01
   0.2477E-01
   0.2292E-01
   0.2101E-01
   0.1905E-01
   0.1705E-01
   0.1500E-01
   0.1293E-01
   0.1082E-01
   0.8685E-02
   0.6532E-02
   0.4363E-02
   0.2184E-02
   0.0000E+00
   0.0000E+00
   0.2088E-02
   0.4171E-02
   0.6244E-02
   0.8303E-02
   0.1034E-01
   0.1236E-01
   0.1434E-01
   0.1630E-01
   0.1821E-01
   0.2008E-01
   0.2191E-01
   0.2368E-01
   0.2540E-01
   0.2706E-01
   0.2866E-01
   0.3019E-01
   0.3164E-01
   0.3303E-01
   0.3434E-01
   0.3556E-01
   0.3671E-01
   0.3777E-01
   0.3874E-01
   0.3962E-01
   0.4041E-01
   0.4110E-01
   0.4170E-01
   0.4220E-01
   0.4260E-01
   0.4290E-01
   0.4310E-01
   0.4320E-01
   0.4320E-01
   0.4310E-01
   0.4290E-01
   0.4260E-01
   0.4220E-01
   0.4170E-01
   0.4110E-01
   0.4041E-01
   0.3962E-01
   0.3874E-01
   0.3777E-01
   0.3671E-01
   0.3556E-01
   0.3434E-01
   0.3303E-01
   0.3164E-01
   0.3019E-01
   0.2866E-01
   0.2706E-01
   0.2540E-01
   0.2368E-01
   0.2191E-01
   0.2008E-01
   0.1821E-01
   0.1630E-01
   0.1434E-01
   0.1236E-01
   0.1034E-01
   0.8303E-02
   0.6244E-02
   0.4171E-02
   0.2088E-02
  -0.3778E-08
