   0.0000E+00
   0.2074E-01
   0.4130E-01
   0.6149E-01
   0.8111E-01
   0.1000E+00
   0.1180E+00
   0.1349E+00
   0.1506E+00
   0.1649E+00
   0.1778E+00
   0.1890E+00
   0.1985E+00
   0.2062E+00
   0.2121E+00
   0.2160E+00
   0.2180E+00
   0.2180E+00
   0.2160E+00
   0.2121E+00
   0.2062E+00
   0.1985E+00
   0.1890E+00
   0.1778E+00
   0.1649E+00
   0.1506E+00
   0.1349E+00
   0.1180E+00
   0.1000E+00
   0.8111E-01
   0.6149E-01
   0.4130E-01
   0.2074E-01
   0.0000E+00
   0.0000E+00
   0.1886E-01
   0.3755E-01
   0.5590E-01
   0.7375E-01
   0.9093E-01
   0.1073E+00
   0.1227E+00
   0.1369E+00
   0.1500E+00
   0.1616E+00
   0.1718E+00
   0.1805E+00
   0.1875E+00
   0.1928E+00
   0.1964E+00
   0.1982E+00
   0.1982E+00
   0.1964E+00
   0.1928E+00
   0.1875E+00
   0.1805E+00
   0.1718E+00
   0.1616E+00
   0.1500E+00
   0.1369E+00
   0.1227E+00
   0.1073E+00
   0.9093E-01
   0.7375E-01
   0.5590E-01
   0.3755E-01
   0.1886E-01
   0.0000E+00
   0.0000E+00
   0.1715E-01
   0.3414E-01
   0.5083E-01
   0.6706E-01
   0.8267E-01
   0.9754E-01
   0.1115E+00
   0.1245E+00
   0.1364E+00
   0.1470E+00
   0.1562E+00
   0.1641E+00
   0.1705E+00
   0.1753E+00
   0.1786E+00
   0.1802E+00
   0.1802E+00
   0.1786E+00
   0.1753E+00
   0.1705E+00
   0.1641E+00
   0.1562E+00
   0.1470E+00
   0.1364E+00
   0.1245E+00
   0.1115E+00
   0.9754E-01
   0.8267E-01
   0.6706E-01
   0.5083E-01
   0.3414E-01
   0.1715E-01
   0.0000E+00
   0.0000E+00
   0.1559E-01
   0.3105E-01
   0.4622E-01
   0.6097E-01
   0.7517E-01
   0.8869E-01
   0.1014E+00
   0.1132E+00
   0.1240E+00
   0.1336E+00
   0.1421E+00
   0.1492E+00
   0.1550E+00
   0.1594E+00
   0.1624E+00
   0.1639E+00
   0.1639E+00
   0.1624E+00
   0.1594E+00
   0.1550E+00
   0.1492E+00
   0.1421E+00
   0.1336E+00
   0.1240E+00
   0.1132E+00
   0.1014E+00
   0.8869E-01
   0.7517E-01
   0.6097E-01
   0.4622E-01
   0.3105E-01
   0.1559E-01
   0.0000E+00
   0.0000E+00
   0.1418E-01
   0.2823E-01
   0.4202E-01
   0.5543E-01
   0.6835E-01
   0.8064E-01
   0.9220E-01
   0.1029E+00
   0.1127E+00
   0.1215E+00
   0.1292E+00
   0.1357E+00
   0.1409E+00
   0.1449E+00
   0.1476E+00
   0.1490E+00
   0.1490E+00
   0.1476E+00
   0.1449E+00
   0.1409E+00
   0.1357E+00
   0.1292E+00
   0.1215E+00
   0.1127E+00
   0.1029E+00
   0.9220E-01
   0.8064E-01
   0.6835E-01
   0.5543E-01
   0.4202E-01
   0.2823E-01
   0.1418E-01
   0.0000E+00
   0.0000E+00
   0.1289E-01
   0.2566E-01
   0.3821E-01
   0.5040E-01
   0.6214E-01
   0.7332E-01
   0.8383E-01
   0.9358E-01
   0.1025E+00
   0.1105E+00
   0.1174E+00
   0.1234E+00
   0.1282E+00
   0.1318E+00
   0.1342E+00
   0.1355E+00
   0.1355E+00
   0.1342E+00
   0.1318E+00
   0.1282E+00
   0.1234E+00
   0.1174E+00
   0.1105E+00
   0.1025E+00
   0.9358E-01
   0.8383E-01
   0.7332E-01
   0.6214E-01
   0.5040E-01
   0.3821E-01
   0.2566E-01
   0.1289E-01
   0.0000E+00
   0.0000E+00
   0.1172E-01
   0.2333E-01
   0.3474E-01
   0.4583E-01
   0.5650E-01
   0.6666E-01
   0.7622E-01
   0.8509E-01
   0.9318E-01
   0.1004E+00
   0.1068E+00
   0.1122E+00
   0.1165E+00
   0.1198E+00
   0.1220E+00
   0.1232E+00
   0.1232E+00
   0.1220E+00
   0.1198E+00
   0.1165E+00
   0.1122E+00
   0.1068E+00
   0.1004E+00
   0.9318E-01
   0.8509E-01
   0.7622E-01
   0.6666E-01
   0.5650E-01
   0.4583E-01
   0.3474E-01
   0.2333E-01
   0.1172E-01
   0.0000E+00
   0.0000E+00
   0.1066E-01
   0.2122E-01
   0.3158E-01
   0.4166E-01
   0.5137E-01
   0.6061E-01
   0.6930E-01
   0.7736E-01
   0.8472E-01
   0.9132E-01
   0.9708E-01
   0.1020E+00
   0.1059E+00
   0.1089E+00
   0.1110E+00
   0.1120E+00
   0.1120E+00
   0.1110E+00
   0.1089E+00
   0.1059E+00
   0.1020E+00
   0.9708E-01
   0.9132E-01
   0.8472E-01
   0.7736E-01
   0.6930E-01
   0.6061E-01
   0.5137E-01
   0.4166E-01
   0.3158E-01
   0.2122E-01
   0.1066E-01
   0.0000E+00
   0.0000E+00
   0.9688E-02
   0.1929E-01
   0.2871E-01
   0.3788E-01
   0.4670E-01
   0.5510E-01
   0.6300E-01
   0.7033E-01
   0.7703E-01
   0.8302E-01
   0.8827E-01
   0.9271E-01
   0.9632E-01
   0.9905E-01
   0.1009E+00
   0.1018E+00
   0.1018E+00
   0.1009E+00
   0.9905E-01
   0.9632E-01
   0.9271E-01
   0.8827E-01
   0.8302E-01
   0.7703E-01
   0.7033E-01
   0.6300E-01
   0.5510E-01
   0.4670E-01
   0.3788E-01
   0.2871E-01
   0.1929E-01
   0.9688E-02
   0.0000E+00
   0.0000E+00
   0.8808E-02
   0.1754E-01
   0.2611E-01
   0.3444E-01
   0.4246E-01
   0.5010E-01
   0.5728E-01
   0.6395E-01
   0.7003E-01
   0.7548E-01
   0.8025E-01
   0.8429E-01
   0.8757E-01
   0.9005E-01
   0.9172E-01
   0.9256E-01
   0.9256E-01
   0.9172E-01
   0.9005E-01
   0.8757E-01
   0.8429E-01
   0.8025E-01
   0.7548E-01
   0.7003E-01
   0.6395E-01
   0.5728E-01
   0.5010E-01
   0.4246E-01
   0.3444E-01
   0.2611E-01
   0.1754E-01
   0.8808E-02
   0.0000E+00
   0.0000E+00
   0.8008E-02
   0.1594E-01
   0.2374E-01
   0.3131E-01
   0.3860E-01
   0.4555E-01
   0.5208E-01
   0.5814E-01
   0.6367E-01
   0.6863E-01
   0.7296E-01
   0.7663E-01
   0.7961E-01
   0.8187E-01
   0.8339E-01
   0.8415E-01
   0.8415E-01
   0.8339E-01
   0.8187E-01
   0.7961E-01
   0.7663E-01
   0.7296E-01
   0.6863E-01
   0.6367E-01
   0.5814E-01
   0.5208E-01
   0.4555E-01
   0.3860E-01
   0.3131E-01
   0.2374E-01
   0.1594E-01
   0.8008E-02
   0.0000E+00
   0.0000E+00
   0.7281E-02
   0.1450E-01
   0.2158E-01
   0.2847E-01
   0.3510E-01
   0.4141E-01
   0.4735E-01
   0.5286E-01
   0.5788E-01
   0.6239E-01
   0.6633E-01
   0.6967E-01
   0.7238E-01
   0.7443E-01
   0.7581E-01
   0.7651E-01
   0.7651E-01
   0.7581E-01
   0.7443E-01
   0.7238E-01
   0.6967E-01
   0.6633E-01
   0.6239E-01
   0.5788E-01
   0.5286E-01
   0.4735E-01
   0.4141E-01
   0.3510E-01
   0.2847E-01
   0.2158E-01
   0.1450E-01
   0.7281E-02
   0.0000E+00
   0.0000E+00
   0.6619E-02
   0.1318E-01
   0.1962E-01
   0.2588E-01
   0.3191E-01
   0.3765E-01
   0.4304E-01
   0.4805E-01
   0.5262E-01
   0.5672E-01
   0.6030E-01
   0.6334E-01
   0.6580E-01
   0.6767E-01
   0.6892E-01
   0.6955E-01
   0.6955E-01
   0.6892E-01
   0.6767E-01
   0.6580E-01
   0.6334E-01
   0.6030E-01
   0.5672E-01
   0.5262E-01
   0.4805E-01
   0.4304E-01
   0.3765E-01
   0.3191E-01
   0.2588E-01
   0.1962E-01
   0.1318E-01
   0.6619E-02
   0.0000E+00
   0.0000E+00
   0.6017E-02
   0.1198E-01
   0.1783E-01
   0.2353E-01
   0.2901E-01
   0.3422E-01
   0.3913E-01
   0.4368E-01
   0.4784E-01
   0.5156E-01
   0.5482E-01
   0.5758E-01
   0.5982E-01
   0.6152E-01
   0.6266E-01
   0.6323E-01
   0.6323E-01
   0.6266E-01
   0.6152E-01
   0.5982E-01
   0.5758E-01
   0.5482E-01
   0.5156E-01
   0.4784E-01
   0.4368E-01
   0.3913E-01
   0.3422E-01
   0.2901E-01
   0.2353E-01
   0.1783E-01
   0.1198E-01
   0.6017E-02
   0.0000E+00
   0.0000E+00
   0.5470E-02
   0.1089E-01
   0.1621E-01
   0.2139E-01
   0.2637E-01
   0.3111E-01
   0.3557E-01
   0.3971E-01
   0.4349E-01
   0.4687E-01
   0.4983E-01
   0.5234E-01
   0.5438E-01
   0.5592E-01
   0.5696E-01
   0.5748E-01
   0.5748E-01
   0.5696E-01
   0.5592E-01
   0.5438E-01
   0.5234E-01
   0.4983E-01
   0.4687E-01
   0.4349E-01
   0.3971E-01
   0.3557E-01
   0.3111E-01
   0.2637E-01
   0.2139E-01
   0.1621E-01
   0.1089E-01
   0.5470E-02
   0.0000E+00
   0.0000E+00
   0.4972E-02
   0.9899E-02
   0.1474E-01
   0.1944E-01
   0.2397E-01
   0.2828E-01
   0.3233E-01
   0.3610E-01
   0.3953E-01
   0.4261E-01
   0.4530E-01
   0.4758E-01
   0.4943E-01
   0.5083E-01
   0.5178E-01
   0.5225E-01
   0.5225E-01
   0.5178E-01
   0.5083E-01
   0.4943E-01
   0.4758E-01
   0.4530E-01
   0.4261E-01
   0.3953E-01
   0.3610E-01
   0.3233E-01
   0.2828E-01
   0.2397E-01
   0.1944E-01
   0.1474E-01
   0.9899E-02
   0.4972E-02
   0.0000E+00
   0.0000E+00
   0.4519E-02
   0.8998E-02
   0.1340E-01
   0.1767E-01
   0.2179E-01
   0.2571E-01
   0.2939E-01
   0.3281E-01
   0.3593E-01
   0.3873E-01
   0.4118E-01
   0.4325E-01
   0.4493E-01
   0.4621E-01
   0.4706E-01
   0.4749E-01
   0.4749E-01
   0.4706E-01
   0.4621E-01
   0.4493E-01
   0.4325E-01
   0.4118E-01
   0.3873E-01
   0.3593E-01
   0.3281E-01
   0.2939E-01
   0.2571E-01
   0.2179E-01
   0.1767E-01
   0.1340E-01
   0.8998E-02
   0.4519E-02
   0.0000E+00
   0.0000E+00
   0.4108E-02
   0.8178E-02
   0.1217E-01
   0.1606E-01
   0.1980E-01
   0.2336E-01
   0.2671E-01
   0.2982E-01
   0.3266E-01
   0.3520E-01
   0.3742E-01
   0.3931E-01
   0.4084E-01
   0.4200E-01
   0.4277E-01
   0.4316E-01
   0.4316E-01
   0.4277E-01
   0.4200E-01
   0.4084E-01
   0.3931E-01
   0.3742E-01
   0.3520E-01
   0.3266E-01
   0.2982E-01
   0.2671E-01
   0.2336E-01
   0.1980E-01
   0.1606E-01
   0.1217E-01
   0.8178E-02
   0.4108E-02
  -0.1408E-07
