   0.0000E+00
   0.9506E-01
   0.1893E+00
   0.2817E+00
   0.3717E+00
   0.4582E+00
   0.5406E+00
   0.6182E+00
   0.6901E+00
   0.7557E+00
   0.8146E+00
   0.8660E+00
   0.9096E+00
   0.9450E+00
   0.9718E+00
   0.9898E+00
   0.9989E+00
   0.9989E+00
   0.9898E+00
   0.9718E+00
   0.9450E+00
   0.9096E+00
   0.8660E+00
   0.8146E+00
   0.7557E+00
   0.6901E+00
   0.6182E+00
   0.5406E+00
   0.4582E+00
   0.3717E+00
   0.2817E+00
   0.1893E+00
   0.9506E-01
  -0.3258E-06
   0.0000E+00
   0.8642E-01
   0.1721E+00
   0.2561E+00
   0.3379E+00
   0.4166E+00
   0.4915E+00
   0.5620E+00
   0.6274E+00
   0.6871E+00
   0.7405E+00
   0.7873E+00
   0.8270E+00
   0.8591E+00
   0.8835E+00
   0.8999E+00
   0.9081E+00
   0.9081E+00
   0.8999E+00
   0.8835E+00
   0.8591E+00
   0.8270E+00
   0.7873E+00
   0.7405E+00
   0.6871E+00
   0.6274E+00
   0.5620E+00
   0.4915E+00
   0.4166E+00
   0.3379E+00
   0.2561E+00
   0.1721E+00
   0.8642E-01
   0.0000E+00
   0.0000E+00
   0.7856E-01
   0.1564E+00
   0.2328E+00
   0.3072E+00
   0.3787E+00
   0.4468E+00
   0.5109E+00
   0.5703E+00
   0.6246E+00
   0.6732E+00
   0.7157E+00
   0.7518E+00
   0.7810E+00
   0.8032E+00
   0.8181E+00
   0.8255E+00
   0.8255E+00
   0.8181E+00
   0.8032E+00
   0.7810E+00
   0.7518E+00
   0.7157E+00
   0.6732E+00
   0.6246E+00
   0.5703E+00
   0.5109E+00
   0.4468E+00
   0.3787E+00
   0.3072E+00
   0.2328E+00
   0.1564E+00
   0.7856E-01
   0.0000E+00
   0.0000E+00
   0.7142E-01
   0.1422E+00
   0.2117E+00
   0.2792E+00
   0.3443E+00
   0.4062E+00
   0.4644E+00
   0.5185E+00
   0.5678E+00
   0.6120E+00
   0.6507E+00
   0.6834E+00
   0.7100E+00
   0.7301E+00
   0.7437E+00
   0.7505E+00
   0.7505E+00
   0.7437E+00
   0.7301E+00
   0.7100E+00
   0.6834E+00
   0.6507E+00
   0.6120E+00
   0.5678E+00
   0.5185E+00
   0.4644E+00
   0.4062E+00
   0.3443E+00
   0.2792E+00
   0.2117E+00
   0.1422E+00
   0.7142E-01
   0.0000E+00
   0.0000E+00
   0.6492E-01
   0.1293E+00
   0.1924E+00
   0.2538E+00
   0.3130E+00
   0.3692E+00
   0.4222E+00
   0.4713E+00
   0.5162E+00
   0.5563E+00
   0.5915E+00
   0.6213E+00
   0.6454E+00
   0.6637E+00
   0.6760E+00
   0.6822E+00
   0.6822E+00
   0.6760E+00
   0.6637E+00
   0.6454E+00
   0.6213E+00
   0.5915E+00
   0.5563E+00
   0.5162E+00
   0.4713E+00
   0.4222E+00
   0.3692E+00
   0.3130E+00
   0.2538E+00
   0.1924E+00
   0.1293E+00
   0.6492E-01
   0.0000E+00
   0.0000E+00
   0.5901E-01
   0.1175E+00
   0.1749E+00
   0.2307E+00
   0.2845E+00
   0.3356E+00
   0.3838E+00
   0.4284E+00
   0.4692E+00
   0.5057E+00
   0.5376E+00
   0.5647E+00
   0.5867E+00
   0.6033E+00
   0.6145E+00
   0.6201E+00
   0.6201E+00
   0.6145E+00
   0.6033E+00
   0.5867E+00
   0.5647E+00
   0.5376E+00
   0.5057E+00
   0.4692E+00
   0.4284E+00
   0.3838E+00
   0.3356E+00
   0.2845E+00
   0.2307E+00
   0.1749E+00
   0.1175E+00
   0.5901E-01
   0.0000E+00
   0.0000E+00
   0.5364E-01
   0.1068E+00
   0.1590E+00
   0.2097E+00
   0.2586E+00
   0.3051E+00
   0.3488E+00
   0.3894E+00
   0.4265E+00
   0.4597E+00
   0.4887E+00
   0.5133E+00
   0.5333E+00
   0.5484E+00
   0.5586E+00
   0.5637E+00
   0.5637E+00
   0.5586E+00
   0.5484E+00
   0.5333E+00
   0.5133E+00
   0.4887E+00
   0.4597E+00
   0.4265E+00
   0.3894E+00
   0.3488E+00
   0.3051E+00
   0.2586E+00
   0.2097E+00
   0.1590E+00
   0.1068E+00
   0.5364E-01
   0.0000E+00
   0.0000E+00
   0.4876E-01
   0.9707E-01
   0.1445E+00
   0.1906E+00
   0.2350E+00
   0.2773E+00
   0.3171E+00
   0.3540E+00
   0.3876E+00
   0.4178E+00
   0.4442E+00
   0.4666E+00
   0.4847E+00
   0.4985E+00
   0.5077E+00
   0.5123E+00
   0.5123E+00
   0.5077E+00
   0.4985E+00
   0.4847E+00
   0.4666E+00
   0.4442E+00
   0.4178E+00
   0.3876E+00
   0.3540E+00
   0.3171E+00
   0.2773E+00
   0.2350E+00
   0.1906E+00
   0.1445E+00
   0.9707E-01
   0.4876E-01
   0.0000E+00
   0.0000E+00
   0.4431E-01
   0.8823E-01
   0.1313E+00
   0.1733E+00
   0.2136E+00
   0.2520E+00
   0.2882E+00
   0.3217E+00
   0.3523E+00
   0.3797E+00
   0.4037E+00
   0.4241E+00
   0.4405E+00
   0.4530E+00
   0.4614E+00
   0.4657E+00
   0.4657E+00
   0.4614E+00
   0.4530E+00
   0.4405E+00
   0.4241E+00
   0.4037E+00
   0.3797E+00
   0.3523E+00
   0.3217E+00
   0.2882E+00
   0.2520E+00
   0.2136E+00
   0.1733E+00
   0.1313E+00
   0.8823E-01
   0.4431E-01
   0.0000E+00
   0.0000E+00
   0.4028E-01
   0.8019E-01
   0.1194E+00
   0.1575E+00
   0.1941E+00
   0.2291E+00
   0.2619E+00
   0.2924E+00
   0.3202E+00
   0.3451E+00
   0.3669E+00
   0.3854E+00
   0.4004E+00
   0.4118E+00
   0.4194E+00
   0.4232E+00
   0.4232E+00
   0.4194E+00
   0.4118E+00
   0.4004E+00
   0.3854E+00
   0.3669E+00
   0.3451E+00
   0.3202E+00
   0.2924E+00
   0.2619E+00
   0.2291E+00
   0.1941E+00
   0.1575E+00
   0.1194E+00
   0.8019E-01
   0.4028E-01
   0.0000E+00
   0.0000E+00
   0.3660E-01
   0.7287E-01
   0.1085E+00
   0.1431E+00
   0.1764E+00
   0.2082E+00
   0.2380E+00
   0.2657E+00
   0.2910E+00
   0.3137E+00
   0.3335E+00
   0.3503E+00
   0.3639E+00
   0.3742E+00
   0.3811E+00
   0.3846E+00
   0.3846E+00
   0.3811E+00
   0.3742E+00
   0.3639E+00
   0.3503E+00
   0.3335E+00
   0.3137E+00
   0.2910E+00
   0.2657E+00
   0.2380E+00
   0.2082E+00
   0.1764E+00
   0.1431E+00
   0.1085E+00
   0.7287E-01
   0.3660E-01
   0.0000E+00
   0.0000E+00
   0.3326E-01
   0.6623E-01
   0.9859E-01
   0.1301E+00
   0.1604E+00
   0.1892E+00
   0.2163E+00
   0.2415E+00
   0.2645E+00
   0.2851E+00
   0.3031E+00
   0.3183E+00
   0.3307E+00
   0.3401E+00
   0.3464E+00
   0.3495E+00
   0.3495E+00
   0.3464E+00
   0.3401E+00
   0.3307E+00
   0.3183E+00
   0.3031E+00
   0.2851E+00
   0.2645E+00
   0.2415E+00
   0.2163E+00
   0.1892E+00
   0.1604E+00
   0.1301E+00
   0.9859E-01
   0.6623E-01
   0.3326E-01
   0.0000E+00
   0.0000E+00
   0.3023E-01
   0.6018E-01
   0.8959E-01
   0.1182E+00
   0.1457E+00
   0.1719E+00
   0.1966E+00
   0.2195E+00
   0.2403E+00
   0.2590E+00
   0.2754E+00
   0.2893E+00
   0.3005E+00
   0.3090E+00
   0.3148E+00
   0.3176E+00
   0.3176E+00
   0.3148E+00
   0.3090E+00
   0.3005E+00
   0.2893E+00
   0.2754E+00
   0.2590E+00
   0.2403E+00
   0.2195E+00
   0.1966E+00
   0.1719E+00
   0.1457E+00
   0.1182E+00
   0.8959E-01
   0.6018E-01
   0.3023E-01
   0.0000E+00
   0.0000E+00
   0.2747E-01
   0.5469E-01
   0.8141E-01
   0.1074E+00
   0.1324E+00
   0.1562E+00
   0.1786E+00
   0.1994E+00
   0.2184E+00
   0.2354E+00
   0.2503E+00
   0.2629E+00
   0.2731E+00
   0.2808E+00
   0.2860E+00
   0.2887E+00
   0.2887E+00
   0.2860E+00
   0.2808E+00
   0.2731E+00
   0.2629E+00
   0.2503E+00
   0.2354E+00
   0.2184E+00
   0.1994E+00
   0.1786E+00
   0.1562E+00
   0.1324E+00
   0.1074E+00
   0.8141E-01
   0.5469E-01
   0.2747E-01
   0.0000E+00
   0.0000E+00
   0.2496E-01
   0.4970E-01
   0.7398E-01
   0.9760E-01
   0.1203E+00
   0.1420E+00
   0.1623E+00
   0.1812E+00
   0.1985E+00
   0.2139E+00
   0.2274E+00
   0.2389E+00
   0.2481E+00
   0.2552E+00
   0.2599E+00
   0.2623E+00
   0.2623E+00
   0.2599E+00
   0.2552E+00
   0.2481E+00
   0.2389E+00
   0.2274E+00
   0.2139E+00
   0.1985E+00
   0.1812E+00
   0.1623E+00
   0.1420E+00
   0.1203E+00
   0.9760E-01
   0.7398E-01
   0.4970E-01
   0.2496E-01
   0.0000E+00
   0.0000E+00
   0.2268E-01
   0.4516E-01
   0.6722E-01
   0.8868E-01
   0.1093E+00
   0.1290E+00
   0.1475E+00
   0.1647E+00
   0.1803E+00
   0.1944E+00
   0.2066E+00
   0.2170E+00
   0.2255E+00
   0.2319E+00
   0.2362E+00
   0.2383E+00
   0.2383E+00
   0.2362E+00
   0.2319E+00
   0.2255E+00
   0.2170E+00
   0.2066E+00
   0.1944E+00
   0.1803E+00
   0.1647E+00
   0.1475E+00
   0.1290E+00
   0.1093E+00
   0.8868E-01
   0.6722E-01
   0.4516E-01
   0.2268E-01
   0.0000E+00
   0.0000E+00
   0.2061E-01
   0.4103E-01
   0.6108E-01
   0.8058E-01
   0.9935E-01
   0.1172E+00
   0.1340E+00
   0.1496E+00
   0.1639E+00
   0.1766E+00
   0.1878E+00
   0.1972E+00
   0.2049E+00
   0.2107E+00
   0.2146E+00
   0.2166E+00
   0.2166E+00
   0.2146E+00
   0.2107E+00
   0.2049E+00
   0.1972E+00
   0.1878E+00
   0.1766E+00
   0.1639E+00
   0.1496E+00
   0.1340E+00
   0.1172E+00
   0.9935E-01
   0.8058E-01
   0.6108E-01
   0.4103E-01
   0.2061E-01
   0.0000E+00
   0.0000E+00
   0.1873E-01
   0.3728E-01
   0.5550E-01
   0.7322E-01
   0.9027E-01
   0.1065E+00
   0.1218E+00
   0.1359E+00
   0.1489E+00
   0.1605E+00
   0.1706E+00
   0.1792E+00
   0.1862E+00
   0.1914E+00
   0.1950E+00
   0.1968E+00
   0.1968E+00
   0.1950E+00
   0.1914E+00
   0.1862E+00
   0.1792E+00
   0.1706E+00
   0.1605E+00
   0.1489E+00
   0.1359E+00
   0.1218E+00
   0.1065E+00
   0.9027E-01
   0.7322E-01
   0.5550E-01
   0.3728E-01
   0.1873E-01
   0.0000E+00
