   0.0000E+00
   0.1837E+00
   0.3612E+00
   0.5264E+00
   0.6737E+00
   0.7980E+00
   0.8952E+00
   0.9618E+00
   0.9957E+00
   0.9957E+00
   0.9618E+00
   0.8952E+00
   0.7980E+00
   0.6737E+00
   0.5264E+00
   0.3612E+00
   0.1837E+00
  -0.8742E-07
   0.0000E+00
   0.1528E+00
   0.3004E+00
   0.4378E+00
   0.5603E+00
   0.6637E+00
   0.7444E+00
   0.7999E+00
   0.8281E+00
   0.8281E+00
   0.7999E+00
   0.7444E+00
   0.6637E+00
   0.5603E+00
   0.4378E+00
   0.3004E+00
   0.1528E+00
   0.0000E+00
   0.0000E+00
   0.1271E+00
   0.2498E+00
   0.3641E+00
   0.4659E+00
   0.5519E+00
   0.6191E+00
   0.6652E+00
   0.6886E+00
   0.6886E+00
   0.6652E+00
   0.6191E+00
   0.5519E+00
   0.4659E+00
   0.3641E+00
   0.2498E+00
   0.1271E+00
   0.0000E+00
   0.0000E+00
   0.1057E+00
   0.2078E+00
   0.3028E+00
   0.3875E+00
   0.4590E+00
   0.5148E+00
   0.5532E+00
   0.5727E+00
   0.5727E+00
   0.5532E+00
   0.5148E+00
   0.4590E+00
   0.3875E+00
   0.3028E+00
   0.2078E+00
   0.1057E+00
   0.0000E+00
   0.0000E+00
   0.8788E-01
   0.1728E+00
   0.2518E+00
   0.3222E+00
   0.3816E+00
   0.4281E+00
   0.4600E+00
   0.4762E+00
   0.4762E+00
   0.4600E+00
   0.4281E+00
   0.3816E+00
   0.3222E+00
   0.2518E+00
   0.1728E+00
   0.8788E-01
   0.0000E+00
   0.0000E+00
   0.7307E-01
   0.1436E+00
   0.2093E+00
   0.2679E+00
   0.3173E+00
   0.3560E+00
   0.3825E+00
   0.3960E+00
   0.3960E+00
   0.3825E+00
   0.3560E+00
   0.3173E+00
   0.2679E+00
   0.2093E+00
   0.1436E+00
   0.7307E-01
   0.0000E+00
   0.0000E+00
   0.6075E-01
   0.1194E+00
   0.1741E+00
   0.2227E+00
   0.2639E+00
   0.2960E+00
   0.3180E+00
   0.3292E+00
   0.3292E+00
   0.3180E+00
   0.2960E+00
   0.2639E+00
   0.2227E+00
   0.1741E+00
   0.1194E+00
   0.6075E-01
   0.0000E+00
   0.0000E+00
   0.5051E-01
   0.9930E-01
   0.1447E+00
   0.1852E+00
   0.2194E+00
   0.2461E+00
   0.2644E+00
   0.2737E+00
   0.2737E+00
   0.2644E+00
   0.2461E+00
   0.2194E+00
   0.1852E+00
   0.1447E+00
   0.9930E-01
   0.5051E-01
   0.0000E+00
   0.0000E+00
   0.4199E-01
   0.8256E-01
   0.1203E+00
   0.1540E+00
   0.1824E+00
   0.2046E+00
   0.2198E+00
   0.2276E+00
   0.2276E+00
   0.2198E+00
   0.2046E+00
   0.1824E+00
   0.1540E+00
   0.1203E+00
   0.8256E-01
   0.4199E-01
   0.0000E+00
   0.0000E+00
   0.3491E-01
   0.6863E-01
   0.1000E+00
   0.1280E+00
   0.1516E+00
   0.1701E+00
   0.1827E+00
   0.1892E+00
   0.1892E+00
   0.1827E+00
   0.1701E+00
   0.1516E+00
   0.1280E+00
   0.1000E+00
   0.6863E-01
   0.3491E-01
   0.0000E+00
   0.0000E+00
   0.4056-319
   0.3518+175
   0.1203-152
   0.6963E-76
   0.1264E-75
   0.6013-153
   0.6013-153
   0.6013-153
   0.6013-153
   0.6013-153
   0.6013-153
   0.6013-153
   0.6013-153
   0.6013-153
   0.6013-153
   0.6013-153
   0.6013-153
   0.6817-312
   0.0000E+00
   0.0000E+00
   0.0000E+00
   0.0000E+00
   0.0000E+00
   0.0000E+00
   0.0000E+00
   0.0000E+00
   0.0000E+00
   0.0000E+00
   0.0000E+00
   0.0000E+00
   0.0000E+00
   0.0000E+00
   0.0000E+00
   0.0000E+00
   0.0000E+00
   0.0000E+00
   0.0000E+00
   0.0000E+00
   0.0000E+00
   0.0000E+00
   0.0000E+00
   0.0000E+00
   0.0000E+00
   0.0000E+00
   0.0000E+00
   0.0000E+00
   0.1558-318
   0.2371-309
   0.2371-309
   0.0000E+00
   0.0000E+00
   0.0000E+00
   0.0000E+00
   0.0000E+00
   0.0000E+00
   0.0000E+00
   0.0000E+00
   0.0000E+00
   0.0000E+00
   0.0000E+00
   0.0000E+00
   0.0000E+00
   0.0000E+00
   0.0000E+00
   0.0000E+00
   0.0000E+00
   0.0000E+00
   0.0000E+00
   0.0000E+00
   0.0000E+00
   0.0000E+00
   0.0000E+00
   0.0000E+00
   0.0000E+00
   0.0000E+00
   0.0000E+00
   0.0000E+00
   0.0000E+00
   0.0000E+00
   0.0000E+00
   0.0000E+00
   0.0000E+00
   0.0000E+00
   0.0000E+00
   0.1011-306
   0.0000E+00
   0.0000E+00
   0.0000E+00
   0.0000E+00
   0.0000E+00
   0.0000E+00
   0.0000E+00
   0.0000E+00
   0.0000E+00
   0.0000E+00
   0.0000E+00
   0.0000E+00
   0.0000E+00
   0.0000E+00
   0.0000E+00
   0.0000E+00
   0.0000E+00
   0.0000E+00
   0.0000E+00
   0.0000E+00
   0.0000E+00
   0.0000E+00
   0.0000E+00
   0.0000E+00
   0.0000E+00
   0.0000E+00
   0.0000E+00
   0.0000E+00
   0.0000E+00
   0.0000E+00
   0.0000E+00
   0.0000E+00
   0.0000E+00
   0.0000E+00
   0.0000E+00
   0.9001-307
   0.0000E+00
   0.0000E+00
   0.0000E+00
   0.0000E+00
   0.0000E+00
   0.0000E+00
   0.0000E+00
   0.0000E+00
   0.0000E+00
   0.0000E+00
   0.0000E+00
   0.0000E+00
   0.0000E+00
   0.0000E+00
   0.0000E+00
   0.0000E+00
   0.0000E+00
   0.0000E+00
   0.0000E+00
   0.0000E+00
   0.0000E+00
   0.0000E+00
