   0.0000E+00
   0.1837E+00
   0.3612E+00
   0.5264E+00
   0.6737E+00
   0.7980E+00
   0.8952E+00
   0.9618E+00
   0.9957E+00
   0.9957E+00
   0.9618E+00
   0.8952E+00
   0.7980E+00
   0.6737E+00
   0.5264E+00
   0.3612E+00
   0.1837E+00
  -0.8742E-07
   0.0000E+00
   0.1528E+00
   0.3004E+00
   0.4378E+00
   0.5603E+00
   0.6637E+00
   0.7445E+00
   0.7999E+00
   0.8281E+00
   0.8281E+00
   0.7999E+00
   0.7445E+00
   0.6637E+00
   0.5603E+00
   0.4378E+00
   0.3004E+00
   0.1528E+00
   0.0000E+00
   0.0000E+00
   0.1271E+00
   0.2499E+00
   0.3641E+00
   0.4660E+00
   0.5520E+00
   0.6192E+00
   0.6653E+00
   0.6887E+00
   0.6887E+00
   0.6653E+00
   0.6192E+00
   0.5520E+00
   0.4660E+00
   0.3641E+00
   0.2499E+00
   0.1271E+00
   0.0000E+00
   0.0000E+00
   0.1057E+00
   0.2078E+00
   0.3028E+00
   0.3876E+00
   0.4591E+00
   0.5150E+00
   0.5533E+00
   0.5728E+00
   0.5728E+00
   0.5533E+00
   0.5150E+00
   0.4591E+00
   0.3876E+00
   0.3028E+00
   0.2078E+00
   0.1057E+00
   0.0000E+00
   0.0000E+00
   0.8791E-01
   0.1728E+00
   0.2519E+00
   0.3223E+00
   0.3818E+00
   0.4283E+00
   0.4602E+00
   0.4764E+00
   0.4764E+00
   0.4602E+00
   0.4283E+00
   0.3818E+00
   0.3223E+00
   0.2519E+00
   0.1728E+00
   0.8791E-01
   0.0000E+00
   0.0000E+00
   0.7311E-01
   0.1437E+00
   0.2095E+00
   0.2681E+00
   0.3175E+00
   0.3562E+00
   0.3827E+00
   0.3962E+00
   0.3962E+00
   0.3827E+00
   0.3562E+00
   0.3175E+00
   0.2681E+00
   0.2095E+00
   0.1437E+00
   0.7311E-01
   0.0000E+00
   0.0000E+00
   0.6080E-01
   0.1195E+00
   0.1742E+00
   0.2229E+00
   0.2641E+00
   0.2962E+00
   0.3183E+00
   0.3295E+00
   0.3295E+00
   0.3183E+00
   0.2962E+00
   0.2641E+00
   0.2229E+00
   0.1742E+00
   0.1195E+00
   0.6080E-01
   0.0000E+00
   0.0000E+00
   0.5056E-01
   0.9940E-01
   0.1449E+00
   0.1854E+00
   0.2196E+00
   0.2463E+00
   0.2647E+00
   0.2740E+00
   0.2740E+00
   0.2647E+00
   0.2463E+00
   0.2196E+00
   0.1854E+00
   0.1449E+00
   0.9940E-01
   0.5056E-01
   0.0000E+00
   0.0000E+00
   0.4205E-01
   0.8266E-01
   0.1205E+00
   0.1542E+00
   0.1826E+00
   0.2048E+00
   0.2201E+00
   0.2279E+00
   0.2279E+00
   0.2201E+00
   0.2048E+00
   0.1826E+00
   0.1542E+00
   0.1205E+00
   0.8266E-01
   0.4205E-01
   0.0000E+00
   0.0000E+00
   0.3496E-01
   0.6874E-01
   0.1002E+00
   0.1282E+00
   0.1518E+00
   0.1703E+00
   0.1830E+00
   0.1895E+00
   0.1895E+00
   0.1830E+00
   0.1703E+00
   0.1518E+00
   0.1282E+00
   0.1002E+00
   0.6874E-01
   0.3496E-01
   0.0000E+00
