   0.0000E+00
   0.4831E-01
   0.9651E-01
   0.1445E+00
   0.1921E+00
   0.2393E+00
   0.2859E+00
   0.3319E+00
   0.3771E+00
   0.4214E+00
   0.4647E+00
   0.5070E+00
   0.5480E+00
   0.5878E+00
   0.6262E+00
   0.6631E+00
   0.6985E+00
   0.7323E+00
   0.7643E+00
   0.7946E+00
   0.8230E+00
   0.8495E+00
   0.8740E+00
   0.8964E+00
   0.9168E+00
   0.9350E+00
   0.9511E+00
   0.9649E+00
   0.9764E+00
   0.9857E+00
   0.9927E+00
   0.9974E+00
   0.9997E+00
   0.9997E+00
   0.9974E+00
   0.9927E+00
   0.9857E+00
   0.9764E+00
   0.9649E+00
   0.9511E+00
   0.9350E+00
   0.9168E+00
   0.8964E+00
   0.8740E+00
   0.8495E+00
   0.8230E+00
   0.7946E+00
   0.7643E+00
   0.7323E+00
   0.6985E+00
   0.6631E+00
   0.6262E+00
   0.5878E+00
   0.5480E+00
   0.5070E+00
   0.4647E+00
   0.4214E+00
   0.3771E+00
   0.3319E+00
   0.2859E+00
   0.2393E+00
   0.1921E+00
   0.1445E+00
   0.9651E-01
   0.4831E-01
  -0.8742E-07
   0.0000E+00
   0.4573E-01
   0.9135E-01
   0.1368E+00
   0.1818E+00
   0.2265E+00
   0.2706E+00
   0.3141E+00
   0.3569E+00
   0.3988E+00
   0.4399E+00
   0.4798E+00
   0.5187E+00
   0.5563E+00
   0.5927E+00
   0.6276E+00
   0.6611E+00
   0.6931E+00
   0.7234E+00
   0.7521E+00
   0.7789E+00
   0.8040E+00
   0.8272E+00
   0.8485E+00
   0.8677E+00
   0.8850E+00
   0.9002E+00
   0.9132E+00
   0.9242E+00
   0.9330E+00
   0.9396E+00
   0.9440E+00
   0.9462E+00
   0.9462E+00
   0.9440E+00
   0.9396E+00
   0.9330E+00
   0.9242E+00
   0.9132E+00
   0.9002E+00
   0.8850E+00
   0.8677E+00
   0.8485E+00
   0.8272E+00
   0.8040E+00
   0.7789E+00
   0.7521E+00
   0.7234E+00
   0.6931E+00
   0.6611E+00
   0.6276E+00
   0.5927E+00
   0.5563E+00
   0.5187E+00
   0.4798E+00
   0.4399E+00
   0.3988E+00
   0.3569E+00
   0.3141E+00
   0.2706E+00
   0.2265E+00
   0.1818E+00
   0.1368E+00
   0.9135E-01
   0.4573E-01
   0.0000E+00
   0.0000E+00
   0.4325E-01
   0.8640E-01
   0.1293E+00
   0.1720E+00
   0.2142E+00
   0.2560E+00
   0.2971E+00
   0.3376E+00
   0.3772E+00
   0.4160E+00
   0.4538E+00
   0.4906E+00
   0.5262E+00
   0.5606E+00
   0.5936E+00
   0.6253E+00
   0.6555E+00
   0.6842E+00
   0.7113E+00
   0.7367E+00
   0.7605E+00
   0.7824E+00
   0.8025E+00
   0.8207E+00
   0.8370E+00
   0.8514E+00
   0.8638E+00
   0.8741E+00
   0.8824E+00
   0.8887E+00
   0.8929E+00
   0.8950E+00
   0.8950E+00
   0.8929E+00
   0.8887E+00
   0.8824E+00
   0.8741E+00
   0.8638E+00
   0.8514E+00
   0.8370E+00
   0.8207E+00
   0.8025E+00
   0.7824E+00
   0.7605E+00
   0.7367E+00
   0.7113E+00
   0.6842E+00
   0.6555E+00
   0.6253E+00
   0.5936E+00
   0.5606E+00
   0.5262E+00
   0.4906E+00
   0.4538E+00
   0.4160E+00
   0.3772E+00
   0.3376E+00
   0.2971E+00
   0.2560E+00
   0.2142E+00
   0.1720E+00
   0.1293E+00
   0.8640E-01
   0.4325E-01
   0.0000E+00
   0.0000E+00
   0.4088E-01
   0.8166E-01
   0.1223E+00
   0.1626E+00
   0.2025E+00
   0.2419E+00
   0.2808E+00
   0.3191E+00
   0.3566E+00
   0.3932E+00
   0.4289E+00
   0.4637E+00
   0.4973E+00
   0.5298E+00
   0.5611E+00
   0.5910E+00
   0.6196E+00
   0.6467E+00
   0.6723E+00
   0.6963E+00
   0.7187E+00
   0.7395E+00
   0.7585E+00
   0.7757E+00
   0.7911E+00
   0.8047E+00
   0.8164E+00
   0.8262E+00
   0.8340E+00
   0.8399E+00
   0.8439E+00
   0.8459E+00
   0.8459E+00
   0.8439E+00
   0.8399E+00
   0.8340E+00
   0.8262E+00
   0.8164E+00
   0.8047E+00
   0.7911E+00
   0.7757E+00
   0.7585E+00
   0.7395E+00
   0.7187E+00
   0.6963E+00
   0.6723E+00
   0.6467E+00
   0.6196E+00
   0.5910E+00
   0.5611E+00
   0.5298E+00
   0.4973E+00
   0.4637E+00
   0.4289E+00
   0.3932E+00
   0.3566E+00
   0.3191E+00
   0.2808E+00
   0.2419E+00
   0.2025E+00
   0.1626E+00
   0.1223E+00
   0.8166E-01
   0.4088E-01
   0.0000E+00
   0.0000E+00
   0.3861E-01
   0.7713E-01
   0.1155E+00
   0.1535E+00
   0.1912E+00
   0.2285E+00
   0.2652E+00
   0.3013E+00
   0.3367E+00
   0.3714E+00
   0.4051E+00
   0.4379E+00
   0.4697E+00
   0.5004E+00
   0.5299E+00
   0.5582E+00
   0.5852E+00
   0.6108E+00
   0.6350E+00
   0.6577E+00
   0.6788E+00
   0.6984E+00
   0.7163E+00
   0.7326E+00
   0.7472E+00
   0.7600E+00
   0.7710E+00
   0.7803E+00
   0.7877E+00
   0.7933E+00
   0.7970E+00
   0.7989E+00
   0.7989E+00
   0.7970E+00
   0.7933E+00
   0.7877E+00
   0.7803E+00
   0.7710E+00
   0.7600E+00
   0.7472E+00
   0.7326E+00
   0.7163E+00
   0.6984E+00
   0.6788E+00
   0.6577E+00
   0.6350E+00
   0.6108E+00
   0.5852E+00
   0.5582E+00
   0.5299E+00
   0.5004E+00
   0.4697E+00
   0.4379E+00
   0.4051E+00
   0.3714E+00
   0.3367E+00
   0.3013E+00
   0.2652E+00
   0.2285E+00
   0.1912E+00
   0.1535E+00
   0.1155E+00
   0.7713E-01
   0.3861E-01
   0.0000E+00
   0.0000E+00
   0.3643E-01
   0.7278E-01
   0.1090E+00
   0.1449E+00
   0.1805E+00
   0.2156E+00
   0.2503E+00
   0.2844E+00
   0.3178E+00
   0.3505E+00
   0.3823E+00
   0.4133E+00
   0.4433E+00
   0.4722E+00
   0.5001E+00
   0.5268E+00
   0.5522E+00
   0.5764E+00
   0.5992E+00
   0.6206E+00
   0.6406E+00
   0.6591E+00
   0.6760E+00
   0.6914E+00
   0.7051E+00
   0.7172E+00
   0.7277E+00
   0.7364E+00
   0.7434E+00
   0.7486E+00
   0.7522E+00
   0.7539E+00
   0.7539E+00
   0.7522E+00
   0.7486E+00
   0.7434E+00
   0.7364E+00
   0.7277E+00
   0.7172E+00
   0.7051E+00
   0.6914E+00
   0.6760E+00
   0.6591E+00
   0.6406E+00
   0.6206E+00
   0.5992E+00
   0.5764E+00
   0.5522E+00
   0.5268E+00
   0.5001E+00
   0.4722E+00
   0.4433E+00
   0.4133E+00
   0.3823E+00
   0.3505E+00
   0.3178E+00
   0.2844E+00
   0.2503E+00
   0.2156E+00
   0.1805E+00
   0.1449E+00
   0.1090E+00
   0.7278E-01
   0.3643E-01
   0.0000E+00
   0.0000E+00
   0.3436E-01
   0.6863E-01
   0.1027E+00
   0.1366E+00
   0.1702E+00
   0.2033E+00
   0.2360E+00
   0.2682E+00
   0.2997E+00
   0.3305E+00
   0.3605E+00
   0.3897E+00
   0.4180E+00
   0.4453E+00
   0.4716E+00
   0.4967E+00
   0.5207E+00
   0.5435E+00
   0.5650E+00
   0.5852E+00
   0.6041E+00
   0.6215E+00
   0.6375E+00
   0.6519E+00
   0.6649E+00
   0.6763E+00
   0.6861E+00
   0.6944E+00
   0.7010E+00
   0.7059E+00
   0.7093E+00
   0.7109E+00
   0.7109E+00
   0.7093E+00
   0.7059E+00
   0.7010E+00
   0.6944E+00
   0.6861E+00
   0.6763E+00
   0.6649E+00
   0.6519E+00
   0.6375E+00
   0.6215E+00
   0.6041E+00
   0.5852E+00
   0.5650E+00
   0.5435E+00
   0.5207E+00
   0.4967E+00
   0.4716E+00
   0.4453E+00
   0.4180E+00
   0.3897E+00
   0.3605E+00
   0.3305E+00
   0.2997E+00
   0.2682E+00
   0.2360E+00
   0.2033E+00
   0.1702E+00
   0.1366E+00
   0.1027E+00
   0.6863E-01
   0.3436E-01
   0.0000E+00
   0.0000E+00
   0.3237E-01
   0.6466E-01
   0.9681E-01
   0.1287E+00
   0.1603E+00
   0.1916E+00
   0.2224E+00
   0.2527E+00
   0.2823E+00
   0.3114E+00
   0.3397E+00
   0.3672E+00
   0.3938E+00
   0.4195E+00
   0.4443E+00
   0.4680E+00
   0.4906E+00
   0.5121E+00
   0.5324E+00
   0.5514E+00
   0.5691E+00
   0.5856E+00
   0.6006E+00
   0.6142E+00
   0.6265E+00
   0.6372E+00
   0.6465E+00
   0.6542E+00
   0.6604E+00
   0.6651E+00
   0.6682E+00
   0.6698E+00
   0.6698E+00
   0.6682E+00
   0.6651E+00
   0.6604E+00
   0.6542E+00
   0.6465E+00
   0.6372E+00
   0.6265E+00
   0.6142E+00
   0.6006E+00
   0.5856E+00
   0.5691E+00
   0.5514E+00
   0.5324E+00
   0.5121E+00
   0.4906E+00
   0.4680E+00
   0.4443E+00
   0.4195E+00
   0.3938E+00
   0.3672E+00
   0.3397E+00
   0.3114E+00
   0.2823E+00
   0.2527E+00
   0.2224E+00
   0.1916E+00
   0.1603E+00
   0.1287E+00
   0.9681E-01
   0.6466E-01
   0.3237E-01
   0.0000E+00
   0.0000E+00
   0.3047E-01
   0.6087E-01
   0.9113E-01
   0.1212E+00
   0.1509E+00
   0.1803E+00
   0.2093E+00
   0.2378E+00
   0.2658E+00
   0.2931E+00
   0.3197E+00
   0.3456E+00
   0.3707E+00
   0.3949E+00
   0.4182E+00
   0.4406E+00
   0.4618E+00
   0.4821E+00
   0.5011E+00
   0.5191E+00
   0.5358E+00
   0.5512E+00
   0.5654E+00
   0.5782E+00
   0.5897E+00
   0.5998E+00
   0.6085E+00
   0.6158E+00
   0.6217E+00
   0.6261E+00
   0.6290E+00
   0.6305E+00
   0.6305E+00
   0.6290E+00
   0.6261E+00
   0.6217E+00
   0.6158E+00
   0.6085E+00
   0.5998E+00
   0.5897E+00
   0.5782E+00
   0.5654E+00
   0.5512E+00
   0.5358E+00
   0.5191E+00
   0.5011E+00
   0.4821E+00
   0.4618E+00
   0.4406E+00
   0.4182E+00
   0.3949E+00
   0.3707E+00
   0.3456E+00
   0.3197E+00
   0.2931E+00
   0.2658E+00
   0.2378E+00
   0.2093E+00
   0.1803E+00
   0.1509E+00
   0.1212E+00
   0.9113E-01
   0.6087E-01
   0.3047E-01
   0.0000E+00
   0.0000E+00
   0.2866E-01
   0.5725E-01
   0.8571E-01
   0.1140E+00
   0.1420E+00
   0.1696E+00
   0.1969E+00
   0.2237E+00
   0.2500E+00
   0.2757E+00
   0.3007E+00
   0.3251E+00
   0.3487E+00
   0.3714E+00
   0.3934E+00
   0.4143E+00
   0.4344E+00
   0.4534E+00
   0.4713E+00
   0.4882E+00
   0.5039E+00
   0.5184E+00
   0.5317E+00
   0.5438E+00
   0.5546E+00
   0.5641E+00
   0.5723E+00
   0.5792E+00
   0.5847E+00
   0.5889E+00
   0.5916E+00
   0.5930E+00
   0.5930E+00
   0.5916E+00
   0.5889E+00
   0.5847E+00
   0.5792E+00
   0.5723E+00
   0.5641E+00
   0.5546E+00
   0.5438E+00
   0.5317E+00
   0.5184E+00
   0.5039E+00
   0.4882E+00
   0.4713E+00
   0.4534E+00
   0.4344E+00
   0.4143E+00
   0.3934E+00
   0.3714E+00
   0.3487E+00
   0.3251E+00
   0.3007E+00
   0.2757E+00
   0.2500E+00
   0.2237E+00
   0.1969E+00
   0.1696E+00
   0.1420E+00
   0.1140E+00
   0.8571E-01
   0.5725E-01
   0.2866E-01
   0.0000E+00
   0.0000E+00
   0.2693E-01
   0.5380E-01
   0.8054E-01
   0.1071E+00
   0.1334E+00
   0.1594E+00
   0.1850E+00
   0.2102E+00
   0.2349E+00
   0.2590E+00
   0.2826E+00
   0.3055E+00
   0.3276E+00
   0.3490E+00
   0.3696E+00
   0.3893E+00
   0.4082E+00
   0.4260E+00
   0.4429E+00
   0.4587E+00
   0.4735E+00
   0.4871E+00
   0.4997E+00
   0.5110E+00
   0.5212E+00
   0.5301E+00
   0.5378E+00
   0.5442E+00
   0.5494E+00
   0.5533E+00
   0.5559E+00
   0.5572E+00
   0.5572E+00
   0.5559E+00
   0.5533E+00
   0.5494E+00
   0.5442E+00
   0.5378E+00
   0.5301E+00
   0.5212E+00
   0.5110E+00
   0.4997E+00
   0.4871E+00
   0.4735E+00
   0.4587E+00
   0.4429E+00
   0.4260E+00
   0.4082E+00
   0.3893E+00
   0.3696E+00
   0.3490E+00
   0.3276E+00
   0.3055E+00
   0.2826E+00
   0.2590E+00
   0.2349E+00
   0.2102E+00
   0.1850E+00
   0.1594E+00
   0.1334E+00
   0.1071E+00
   0.8054E-01
   0.5380E-01
   0.2693E-01
   0.0000E+00
   0.0000E+00
   0.2528E-01
   0.5050E-01
   0.7560E-01
   0.1005E+00
   0.1252E+00
   0.1496E+00
   0.1737E+00
   0.1973E+00
   0.2205E+00
   0.2432E+00
   0.2653E+00
   0.2867E+00
   0.3076E+00
   0.3276E+00
   0.3470E+00
   0.3655E+00
   0.3832E+00
   0.3999E+00
   0.4158E+00
   0.4306E+00
   0.4445E+00
   0.4573E+00
   0.4691E+00
   0.4797E+00
   0.4892E+00
   0.4976E+00
   0.5049E+00
   0.5109E+00
   0.5158E+00
   0.5194E+00
   0.5219E+00
   0.5231E+00
   0.5231E+00
   0.5219E+00
   0.5194E+00
   0.5158E+00
   0.5109E+00
   0.5049E+00
   0.4976E+00
   0.4892E+00
   0.4797E+00
   0.4691E+00
   0.4573E+00
   0.4445E+00
   0.4306E+00
   0.4158E+00
   0.3999E+00
   0.3832E+00
   0.3655E+00
   0.3470E+00
   0.3276E+00
   0.3076E+00
   0.2867E+00
   0.2653E+00
   0.2432E+00
   0.2205E+00
   0.1973E+00
   0.1737E+00
   0.1496E+00
   0.1252E+00
   0.1005E+00
   0.7560E-01
   0.5050E-01
   0.2528E-01
   0.0000E+00
   0.0000E+00
   0.2371E-01
   0.4736E-01
   0.7090E-01
   0.9428E-01
   0.1174E+00
   0.1403E+00
   0.1629E+00
   0.1851E+00
   0.2068E+00
   0.2281E+00
   0.2488E+00
   0.2689E+00
   0.2884E+00
   0.3073E+00
   0.3254E+00
   0.3428E+00
   0.3593E+00
   0.3751E+00
   0.3899E+00
   0.4039E+00
   0.4169E+00
   0.4289E+00
   0.4399E+00
   0.4499E+00
   0.4588E+00
   0.4667E+00
   0.4735E+00
   0.4792E+00
   0.4837E+00
   0.4872E+00
   0.4894E+00
   0.4906E+00
   0.4906E+00
   0.4894E+00
   0.4872E+00
   0.4837E+00
   0.4792E+00
   0.4735E+00
   0.4667E+00
   0.4588E+00
   0.4499E+00
   0.4399E+00
   0.4289E+00
   0.4169E+00
   0.4039E+00
   0.3899E+00
   0.3751E+00
   0.3593E+00
   0.3428E+00
   0.3254E+00
   0.3073E+00
   0.2884E+00
   0.2689E+00
   0.2488E+00
   0.2281E+00
   0.2068E+00
   0.1851E+00
   0.1629E+00
   0.1403E+00
   0.1174E+00
   0.9428E-01
   0.7090E-01
   0.4736E-01
   0.2371E-01
   0.0000E+00
   0.0000E+00
   0.2221E-01
   0.4437E-01
   0.6643E-01
   0.8833E-01
   0.1100E+00
   0.1315E+00
   0.1526E+00
   0.1734E+00
   0.1937E+00
   0.2137E+00
   0.2331E+00
   0.2520E+00
   0.2702E+00
   0.2879E+00
   0.3049E+00
   0.3212E+00
   0.3367E+00
   0.3514E+00
   0.3653E+00
   0.3784E+00
   0.3906E+00
   0.4018E+00
   0.4122E+00
   0.4215E+00
   0.4299E+00
   0.4373E+00
   0.4436E+00
   0.4489E+00
   0.4532E+00
   0.4564E+00
   0.4586E+00
   0.4596E+00
   0.4596E+00
   0.4586E+00
   0.4564E+00
   0.4532E+00
   0.4489E+00
   0.4436E+00
   0.4373E+00
   0.4299E+00
   0.4215E+00
   0.4122E+00
   0.4018E+00
   0.3906E+00
   0.3784E+00
   0.3653E+00
   0.3514E+00
   0.3367E+00
   0.3212E+00
   0.3049E+00
   0.2879E+00
   0.2702E+00
   0.2520E+00
   0.2331E+00
   0.2137E+00
   0.1937E+00
   0.1734E+00
   0.1526E+00
   0.1315E+00
   0.1100E+00
   0.8833E-01
   0.6643E-01
   0.4437E-01
   0.2221E-01
   0.0000E+00
   0.0000E+00
   0.2079E-01
   0.4153E-01
   0.6218E-01
   0.8268E-01
   0.1030E+00
   0.1231E+00
   0.1428E+00
   0.1623E+00
   0.1813E+00
   0.2000E+00
   0.2182E+00
   0.2358E+00
   0.2529E+00
   0.2695E+00
   0.2854E+00
   0.3006E+00
   0.3151E+00
   0.3289E+00
   0.3419E+00
   0.3542E+00
   0.3656E+00
   0.3761E+00
   0.3858E+00
   0.3945E+00
   0.4024E+00
   0.4093E+00
   0.4152E+00
   0.4202E+00
   0.4242E+00
   0.4272E+00
   0.4292E+00
   0.4302E+00
   0.4302E+00
   0.4292E+00
   0.4272E+00
   0.4242E+00
   0.4202E+00
   0.4152E+00
   0.4093E+00
   0.4024E+00
   0.3945E+00
   0.3858E+00
   0.3761E+00
   0.3656E+00
   0.3542E+00
   0.3419E+00
   0.3289E+00
   0.3151E+00
   0.3006E+00
   0.2854E+00
   0.2695E+00
   0.2529E+00
   0.2358E+00
   0.2182E+00
   0.2000E+00
   0.1813E+00
   0.1623E+00
   0.1428E+00
   0.1231E+00
   0.1030E+00
   0.8268E-01
   0.6218E-01
   0.4153E-01
   0.2079E-01
   0.0000E+00
   0.0000E+00
   0.1944E-01
   0.3883E-01
   0.5814E-01
   0.7731E-01
   0.9629E-01
   0.1151E+00
   0.1335E+00
   0.1517E+00
   0.1696E+00
   0.1870E+00
   0.2040E+00
   0.2205E+00
   0.2365E+00
   0.2520E+00
   0.2668E+00
   0.2811E+00
   0.2946E+00
   0.3075E+00
   0.3197E+00
   0.3311E+00
   0.3418E+00
   0.3517E+00
   0.3607E+00
   0.3689E+00
   0.3762E+00
   0.3827E+00
   0.3882E+00
   0.3929E+00
   0.3966E+00
   0.3994E+00
   0.4013E+00
   0.4022E+00
   0.4022E+00
   0.4013E+00
   0.3994E+00
   0.3966E+00
   0.3929E+00
   0.3882E+00
   0.3827E+00
   0.3762E+00
   0.3689E+00
   0.3607E+00
   0.3517E+00
   0.3418E+00
   0.3311E+00
   0.3197E+00
   0.3075E+00
   0.2946E+00
   0.2811E+00
   0.2668E+00
   0.2520E+00
   0.2365E+00
   0.2205E+00
   0.2040E+00
   0.1870E+00
   0.1696E+00
   0.1517E+00
   0.1335E+00
   0.1151E+00
   0.9629E-01
   0.7731E-01
   0.5814E-01
   0.3883E-01
   0.1944E-01
   0.0000E+00
   0.0000E+00
   0.1816E-01
   0.3627E-01
   0.5430E-01
   0.7221E-01
   0.8994E-01
   0.1075E+00
   0.1247E+00
   0.1417E+00
   0.1584E+00
   0.1747E+00
   0.1905E+00
   0.2060E+00
   0.2209E+00
   0.2353E+00
   0.2492E+00
   0.2625E+00
   0.2752E+00
   0.2872E+00
   0.2986E+00
   0.3093E+00
   0.3192E+00
   0.3285E+00
   0.3369E+00
   0.3445E+00
   0.3514E+00
   0.3574E+00
   0.3626E+00
   0.3670E+00
   0.3705E+00
   0.3731E+00
   0.3748E+00
   0.3757E+00
   0.3757E+00
   0.3748E+00
   0.3731E+00
   0.3705E+00
   0.3670E+00
   0.3626E+00
   0.3574E+00
   0.3514E+00
   0.3445E+00
   0.3369E+00
   0.3285E+00
   0.3192E+00
   0.3093E+00
   0.2986E+00
   0.2872E+00
   0.2752E+00
   0.2625E+00
   0.2492E+00
   0.2353E+00
   0.2209E+00
   0.2060E+00
   0.1905E+00
   0.1747E+00
   0.1584E+00
   0.1417E+00
   0.1247E+00
   0.1075E+00
   0.8994E-01
   0.7221E-01
   0.5430E-01
   0.3627E-01
   0.1816E-01
   0.0000E+00
   0.0000E+00
   0.1694E-01
   0.3384E-01
   0.5067E-01
   0.6737E-01
   0.8392E-01
   0.1003E+00
   0.1164E+00
   0.1322E+00
   0.1478E+00
   0.1630E+00
   0.1778E+00
   0.1922E+00
   0.2061E+00
   0.2196E+00
   0.2325E+00
   0.2449E+00
   0.2568E+00
   0.2680E+00
   0.2786E+00
   0.2886E+00
   0.2979E+00
   0.3065E+00
   0.3143E+00
   0.3215E+00
   0.3279E+00
   0.3335E+00
   0.3383E+00
   0.3424E+00
   0.3456E+00
   0.3481E+00
   0.3497E+00
   0.3506E+00
   0.3506E+00
   0.3497E+00
   0.3481E+00
   0.3456E+00
   0.3424E+00
   0.3383E+00
   0.3335E+00
   0.3279E+00
   0.3215E+00
   0.3143E+00
   0.3065E+00
   0.2979E+00
   0.2886E+00
   0.2786E+00
   0.2680E+00
   0.2568E+00
   0.2449E+00
   0.2325E+00
   0.2196E+00
   0.2061E+00
   0.1922E+00
   0.1778E+00
   0.1630E+00
   0.1478E+00
   0.1322E+00
   0.1164E+00
   0.1003E+00
   0.8392E-01
   0.6737E-01
   0.5067E-01
   0.3384E-01
   0.1694E-01
   0.0000E+00
   0.0000E+00
   0.1579E-01
   0.3154E-01
   0.4722E-01
   0.6279E-01
   0.7821E-01
   0.9345E-01
   0.1085E+00
   0.1232E+00
   0.1377E+00
   0.1519E+00
   0.1657E+00
   0.1791E+00
   0.1921E+00
   0.2046E+00
   0.2167E+00
   0.2283E+00
   0.2393E+00
   0.2498E+00
   0.2597E+00
   0.2690E+00
   0.2776E+00
   0.2856E+00
   0.2930E+00
   0.2996E+00
   0.3056E+00
   0.3108E+00
   0.3153E+00
   0.3191E+00
   0.3222E+00
   0.3244E+00
   0.3260E+00
   0.3267E+00
   0.3267E+00
   0.3260E+00
   0.3244E+00
   0.3222E+00
   0.3191E+00
   0.3153E+00
   0.3108E+00
   0.3056E+00
   0.2996E+00
   0.2930E+00
   0.2856E+00
   0.2776E+00
   0.2690E+00
   0.2597E+00
   0.2498E+00
   0.2393E+00
   0.2283E+00
   0.2167E+00
   0.2046E+00
   0.1921E+00
   0.1791E+00
   0.1657E+00
   0.1519E+00
   0.1377E+00
   0.1232E+00
   0.1085E+00
   0.9345E-01
   0.7821E-01
   0.6279E-01
   0.4722E-01
   0.3154E-01
   0.1579E-01
   0.0000E+00
   0.0000E+00
   0.1470E-01
   0.2937E-01
   0.4396E-01
   0.5846E-01
   0.7282E-01
   0.8701E-01
   0.1010E+00
   0.1147E+00
   0.1282E+00
   0.1414E+00
   0.1543E+00
   0.1667E+00
   0.1788E+00
   0.1905E+00
   0.2018E+00
   0.2125E+00
   0.2228E+00
   0.2326E+00
   0.2418E+00
   0.2504E+00
   0.2585E+00
   0.2659E+00
   0.2728E+00
   0.2790E+00
   0.2845E+00
   0.2894E+00
   0.2936E+00
   0.2971E+00
   0.2999E+00
   0.3021E+00
   0.3035E+00
   0.3042E+00
   0.3042E+00
   0.3035E+00
   0.3021E+00
   0.2999E+00
   0.2971E+00
   0.2936E+00
   0.2894E+00
   0.2845E+00
   0.2790E+00
   0.2728E+00
   0.2659E+00
   0.2585E+00
   0.2504E+00
   0.2418E+00
   0.2326E+00
   0.2228E+00
   0.2125E+00
   0.2018E+00
   0.1905E+00
   0.1788E+00
   0.1667E+00
   0.1543E+00
   0.1414E+00
   0.1282E+00
   0.1147E+00
   0.1010E+00
   0.8701E-01
   0.7282E-01
   0.5846E-01
   0.4396E-01
   0.2937E-01
   0.1470E-01
   0.0000E+00
   0.0000E+00
   0.1367E-01
   0.2731E-01
   0.4089E-01
   0.5437E-01
   0.6772E-01
   0.8092E-01
   0.9392E-01
   0.1067E+00
   0.1192E+00
   0.1315E+00
   0.1435E+00
   0.1551E+00
   0.1663E+00
   0.1772E+00
   0.1876E+00
   0.1977E+00
   0.2072E+00
   0.2163E+00
   0.2248E+00
   0.2329E+00
   0.2404E+00
   0.2473E+00
   0.2537E+00
   0.2594E+00
   0.2646E+00
   0.2691E+00
   0.2730E+00
   0.2763E+00
   0.2789E+00
   0.2809E+00
   0.2822E+00
   0.2829E+00
   0.2829E+00
   0.2822E+00
   0.2809E+00
   0.2789E+00
   0.2763E+00
   0.2730E+00
   0.2691E+00
   0.2646E+00
   0.2594E+00
   0.2537E+00
   0.2473E+00
   0.2404E+00
   0.2329E+00
   0.2248E+00
   0.2163E+00
   0.2072E+00
   0.1977E+00
   0.1876E+00
   0.1772E+00
   0.1663E+00
   0.1551E+00
   0.1435E+00
   0.1315E+00
   0.1192E+00
   0.1067E+00
   0.9392E-01
   0.8092E-01
   0.6772E-01
   0.5437E-01
   0.4089E-01
   0.2731E-01
   0.1367E-01
   0.0000E+00
   0.0000E+00
   0.1270E-01
   0.2537E-01
   0.3798E-01
   0.5051E-01
   0.6291E-01
   0.7517E-01
   0.8725E-01
   0.9913E-01
   0.1108E+00
   0.1222E+00
   0.1333E+00
   0.1441E+00
   0.1545E+00
   0.1646E+00
   0.1743E+00
   0.1836E+00
   0.1925E+00
   0.2009E+00
   0.2089E+00
   0.2164E+00
   0.2233E+00
   0.2298E+00
   0.2357E+00
   0.2410E+00
   0.2458E+00
   0.2500E+00
   0.2537E+00
   0.2567E+00
   0.2591E+00
   0.2610E+00
   0.2622E+00
   0.2628E+00
   0.2628E+00
   0.2622E+00
   0.2610E+00
   0.2591E+00
   0.2567E+00
   0.2537E+00
   0.2500E+00
   0.2458E+00
   0.2410E+00
   0.2357E+00
   0.2298E+00
   0.2233E+00
   0.2164E+00
   0.2089E+00
   0.2009E+00
   0.1925E+00
   0.1836E+00
   0.1743E+00
   0.1646E+00
   0.1545E+00
   0.1441E+00
   0.1333E+00
   0.1222E+00
   0.1108E+00
   0.9913E-01
   0.8725E-01
   0.7517E-01
   0.6291E-01
   0.5051E-01
   0.3798E-01
   0.2537E-01
   0.1270E-01
   0.0000E+00
   0.0000E+00
   0.1179E-01
   0.2355E-01
   0.3525E-01
   0.4687E-01
   0.5838E-01
   0.6976E-01
   0.8097E-01
   0.9199E-01
   0.1028E+00
   0.1134E+00
   0.1237E+00
   0.1337E+00
   0.1434E+00
   0.1528E+00
   0.1618E+00
   0.1704E+00
   0.1786E+00
   0.1865E+00
   0.1938E+00
   0.2008E+00
   0.2072E+00
   0.2132E+00
   0.2187E+00
   0.2237E+00
   0.2281E+00
   0.2320E+00
   0.2354E+00
   0.2382E+00
   0.2405E+00
   0.2422E+00
   0.2433E+00
   0.2439E+00
   0.2439E+00
   0.2433E+00
   0.2422E+00
   0.2405E+00
   0.2382E+00
   0.2354E+00
   0.2320E+00
   0.2281E+00
   0.2237E+00
   0.2187E+00
   0.2132E+00
   0.2072E+00
   0.2008E+00
   0.1938E+00
   0.1865E+00
   0.1786E+00
   0.1704E+00
   0.1618E+00
   0.1528E+00
   0.1434E+00
   0.1337E+00
   0.1237E+00
   0.1134E+00
   0.1028E+00
   0.9199E-01
   0.8097E-01
   0.6976E-01
   0.5838E-01
   0.4687E-01
   0.3525E-01
   0.2355E-01
   0.1179E-01
   0.0000E+00
   0.0000E+00
   0.1093E-01
   0.2183E-01
   0.3268E-01
   0.4345E-01
   0.5412E-01
   0.6467E-01
   0.7506E-01
   0.8528E-01
   0.9530E-01
   0.1051E+00
   0.1146E+00
   0.1239E+00
   0.1329E+00
   0.1416E+00
   0.1500E+00
   0.1580E+00
   0.1656E+00
   0.1728E+00
   0.1797E+00
   0.1861E+00
   0.1921E+00
   0.1976E+00
   0.2027E+00
   0.2073E+00
   0.2115E+00
   0.2151E+00
   0.2182E+00
   0.2208E+00
   0.2229E+00
   0.2245E+00
   0.2256E+00
   0.2261E+00
   0.2261E+00
   0.2256E+00
   0.2245E+00
   0.2229E+00
   0.2208E+00
   0.2182E+00
   0.2151E+00
   0.2115E+00
   0.2073E+00
   0.2027E+00
   0.1976E+00
   0.1921E+00
   0.1861E+00
   0.1797E+00
   0.1728E+00
   0.1656E+00
   0.1580E+00
   0.1500E+00
   0.1416E+00
   0.1329E+00
   0.1239E+00
   0.1146E+00
   0.1051E+00
   0.9530E-01
   0.8528E-01
   0.7506E-01
   0.6467E-01
   0.5412E-01
   0.4345E-01
   0.3268E-01
   0.2183E-01
   0.1093E-01
   0.0000E+00
   0.0000E+00
   0.1012E-01
   0.2021E-01
   0.3026E-01
   0.4023E-01
   0.5012E-01
   0.5988E-01
   0.6951E-01
   0.7897E-01
   0.8825E-01
   0.9732E-01
   0.1062E+00
   0.1148E+00
   0.1231E+00
   0.1311E+00
   0.1389E+00
   0.1463E+00
   0.1533E+00
   0.1601E+00
   0.1664E+00
   0.1723E+00
   0.1779E+00
   0.1830E+00
   0.1877E+00
   0.1920E+00
   0.1958E+00
   0.1992E+00
   0.2021E+00
   0.2045E+00
   0.2064E+00
   0.2079E+00
   0.2089E+00
   0.2094E+00
   0.2094E+00
   0.2089E+00
   0.2079E+00
   0.2064E+00
   0.2045E+00
   0.2021E+00
   0.1992E+00
   0.1958E+00
   0.1920E+00
   0.1877E+00
   0.1830E+00
   0.1779E+00
   0.1723E+00
   0.1664E+00
   0.1601E+00
   0.1533E+00
   0.1463E+00
   0.1389E+00
   0.1311E+00
   0.1231E+00
   0.1148E+00
   0.1062E+00
   0.9732E-01
   0.8825E-01
   0.7897E-01
   0.6951E-01
   0.5988E-01
   0.5012E-01
   0.4023E-01
   0.3026E-01
   0.2021E-01
   0.1012E-01
   0.0000E+00
   0.0000E+00
   0.9360E-02
   0.1870E-01
   0.2799E-01
   0.3722E-01
   0.4636E-01
   0.5540E-01
   0.6430E-01
   0.7305E-01
   0.8164E-01
   0.9003E-01
   0.9821E-01
   0.1062E+00
   0.1139E+00
   0.1213E+00
   0.1285E+00
   0.1353E+00
   0.1419E+00
   0.1481E+00
   0.1539E+00
   0.1594E+00
   0.1646E+00
   0.1693E+00
   0.1737E+00
   0.1776E+00
   0.1811E+00
   0.1842E+00
   0.1869E+00
   0.1892E+00
   0.1910E+00
   0.1923E+00
   0.1932E+00
   0.1937E+00
   0.1937E+00
   0.1932E+00
   0.1923E+00
   0.1910E+00
   0.1892E+00
   0.1869E+00
   0.1842E+00
   0.1811E+00
   0.1776E+00
   0.1737E+00
   0.1693E+00
   0.1646E+00
   0.1594E+00
   0.1539E+00
   0.1481E+00
   0.1419E+00
   0.1353E+00
   0.1285E+00
   0.1213E+00
   0.1139E+00
   0.1062E+00
   0.9821E-01
   0.9003E-01
   0.8164E-01
   0.7305E-01
   0.6430E-01
   0.5540E-01
   0.4636E-01
   0.3722E-01
   0.2799E-01
   0.1870E-01
   0.9360E-02
   0.0000E+00
   0.0000E+00
   0.8650E-02
   0.1728E-01
   0.2587E-01
   0.3440E-01
   0.4285E-01
   0.5119E-01
   0.5942E-01
   0.6751E-01
   0.7545E-01
   0.8320E-01
   0.9076E-01
   0.9811E-01
   0.1052E+00
   0.1121E+00
   0.1187E+00
   0.1251E+00
   0.1311E+00
   0.1368E+00
   0.1423E+00
   0.1473E+00
   0.1521E+00
   0.1565E+00
   0.1605E+00
   0.1641E+00
   0.1674E+00
   0.1703E+00
   0.1727E+00
   0.1748E+00
   0.1765E+00
   0.1777E+00
   0.1786E+00
   0.1790E+00
   0.1790E+00
   0.1786E+00
   0.1777E+00
   0.1765E+00
   0.1748E+00
   0.1727E+00
   0.1703E+00
   0.1674E+00
   0.1641E+00
   0.1605E+00
   0.1565E+00
   0.1521E+00
   0.1473E+00
   0.1423E+00
   0.1368E+00
   0.1311E+00
   0.1251E+00
   0.1187E+00
   0.1121E+00
   0.1052E+00
   0.9811E-01
   0.9076E-01
   0.8320E-01
   0.7545E-01
   0.6751E-01
   0.5942E-01
   0.5119E-01
   0.4285E-01
   0.3440E-01
   0.2587E-01
   0.1728E-01
   0.8650E-02
   0.0000E+00
   0.0000E+00
   0.7986E-02
   0.1595E-01
   0.2388E-01
   0.3176E-01
   0.3956E-01
   0.4727E-01
   0.5487E-01
   0.6233E-01
   0.6966E-01
   0.7682E-01
   0.8380E-01
   0.9059E-01
   0.9716E-01
   0.1035E+00
   0.1096E+00
   0.1155E+00
   0.1210E+00
   0.1263E+00
   0.1313E+00
   0.1360E+00
   0.1404E+00
   0.1445E+00
   0.1482E+00
   0.1515E+00
   0.1546E+00
   0.1572E+00
   0.1595E+00
   0.1614E+00
   0.1629E+00
   0.1641E+00
   0.1649E+00
   0.1653E+00
   0.1653E+00
   0.1649E+00
   0.1641E+00
   0.1629E+00
   0.1614E+00
   0.1595E+00
   0.1572E+00
   0.1546E+00
   0.1515E+00
   0.1482E+00
   0.1445E+00
   0.1404E+00
   0.1360E+00
   0.1313E+00
   0.1263E+00
   0.1210E+00
   0.1155E+00
   0.1096E+00
   0.1035E+00
   0.9716E-01
   0.9059E-01
   0.8380E-01
   0.7682E-01
   0.6966E-01
   0.6233E-01
   0.5487E-01
   0.4727E-01
   0.3956E-01
   0.3176E-01
   0.2388E-01
   0.1595E-01
   0.7986E-02
   0.0000E+00
   0.0000E+00
   0.7367E-02
   0.1472E-01
   0.2203E-01
   0.2930E-01
   0.3649E-01
   0.4360E-01
   0.5061E-01
   0.5750E-01
   0.6426E-01
   0.7087E-01
   0.7731E-01
   0.8357E-01
   0.8963E-01
   0.9549E-01
   0.1011E+00
   0.1065E+00
   0.1117E+00
   0.1166E+00
   0.1212E+00
   0.1255E+00
   0.1295E+00
   0.1333E+00
   0.1367E+00
   0.1398E+00
   0.1426E+00
   0.1450E+00
   0.1471E+00
   0.1489E+00
   0.1503E+00
   0.1514E+00
   0.1521E+00
   0.1524E+00
   0.1524E+00
   0.1521E+00
   0.1514E+00
   0.1503E+00
   0.1489E+00
   0.1471E+00
   0.1450E+00
   0.1426E+00
   0.1398E+00
   0.1367E+00
   0.1333E+00
   0.1295E+00
   0.1255E+00
   0.1212E+00
   0.1166E+00
   0.1117E+00
   0.1065E+00
   0.1011E+00
   0.9549E-01
   0.8963E-01
   0.8357E-01
   0.7731E-01
   0.7087E-01
   0.6426E-01
   0.5750E-01
   0.5061E-01
   0.4360E-01
   0.3649E-01
   0.2930E-01
   0.2203E-01
   0.1472E-01
   0.7367E-02
   0.0000E+00
   0.0000E+00
   0.6791E-02
   0.1357E-01
   0.2031E-01
   0.2701E-01
   0.3364E-01
   0.4019E-01
   0.4665E-01
   0.5300E-01
   0.5923E-01
   0.6532E-01
   0.7126E-01
   0.7703E-01
   0.8262E-01
   0.8802E-01
   0.9321E-01
   0.9818E-01
   0.1029E+00
   0.1074E+00
   0.1117E+00
   0.1157E+00
   0.1194E+00
   0.1228E+00
   0.1260E+00
   0.1289E+00
   0.1314E+00
   0.1337E+00
   0.1356E+00
   0.1372E+00
   0.1386E+00
   0.1395E+00
   0.1402E+00
   0.1405E+00
   0.1405E+00
   0.1402E+00
   0.1395E+00
   0.1386E+00
   0.1372E+00
   0.1356E+00
   0.1337E+00
   0.1314E+00
   0.1289E+00
   0.1260E+00
   0.1228E+00
   0.1194E+00
   0.1157E+00
   0.1117E+00
   0.1074E+00
   0.1029E+00
   0.9818E-01
   0.9321E-01
   0.8802E-01
   0.8262E-01
   0.7703E-01
   0.7126E-01
   0.6532E-01
   0.5923E-01
   0.5300E-01
   0.4665E-01
   0.4019E-01
   0.3364E-01
   0.2701E-01
   0.2031E-01
   0.1357E-01
   0.6791E-02
   0.0000E+00
   0.0000E+00
   0.6255E-02
   0.1250E-01
   0.1871E-01
   0.2487E-01
   0.3098E-01
   0.3702E-01
   0.4297E-01
   0.4882E-01
   0.5456E-01
   0.6017E-01
   0.6564E-01
   0.7095E-01
   0.7610E-01
   0.8107E-01
   0.8585E-01
   0.9044E-01
   0.9481E-01
   0.9896E-01
   0.1029E+00
   0.1066E+00
   0.1100E+00
   0.1132E+00
   0.1161E+00
   0.1187E+00
   0.1211E+00
   0.1231E+00
   0.1249E+00
   0.1264E+00
   0.1276E+00
   0.1285E+00
   0.1291E+00
   0.1294E+00
   0.1294E+00
   0.1291E+00
   0.1285E+00
   0.1276E+00
   0.1264E+00
   0.1249E+00
   0.1231E+00
   0.1211E+00
   0.1187E+00
   0.1161E+00
   0.1132E+00
   0.1100E+00
   0.1066E+00
   0.1029E+00
   0.9896E-01
   0.9481E-01
   0.9044E-01
   0.8585E-01
   0.8107E-01
   0.7610E-01
   0.7095E-01
   0.6564E-01
   0.6017E-01
   0.5456E-01
   0.4882E-01
   0.4297E-01
   0.3702E-01
   0.3098E-01
   0.2487E-01
   0.1871E-01
   0.1250E-01
   0.6255E-02
   0.0000E+00
   0.0000E+00
   0.5758E-02
   0.1150E-01
   0.1722E-01
   0.2290E-01
   0.2852E-01
   0.3408E-01
   0.3956E-01
   0.4495E-01
   0.5023E-01
   0.5539E-01
   0.6042E-01
   0.6532E-01
   0.7006E-01
   0.7463E-01
   0.7904E-01
   0.8325E-01
   0.8728E-01
   0.9110E-01
   0.9470E-01
   0.9809E-01
   0.1012E+00
   0.1042E+00
   0.1068E+00
   0.1093E+00
   0.1114E+00
   0.1134E+00
   0.1150E+00
   0.1164E+00
   0.1175E+00
   0.1183E+00
   0.1189E+00
   0.1192E+00
   0.1192E+00
   0.1189E+00
   0.1183E+00
   0.1175E+00
   0.1164E+00
   0.1150E+00
   0.1134E+00
   0.1114E+00
   0.1093E+00
   0.1068E+00
   0.1042E+00
   0.1012E+00
   0.9809E-01
   0.9470E-01
   0.9110E-01
   0.8728E-01
   0.8325E-01
   0.7904E-01
   0.7463E-01
   0.7006E-01
   0.6532E-01
   0.6042E-01
   0.5539E-01
   0.5023E-01
   0.4495E-01
   0.3956E-01
   0.3408E-01
   0.2852E-01
   0.2290E-01
   0.1722E-01
   0.1150E-01
   0.5758E-02
   0.0000E+00
   0.0000E+00
   0.5299E-02
   0.1059E-01
   0.1585E-01
   0.2107E-01
   0.2625E-01
   0.3136E-01
   0.3640E-01
   0.4136E-01
   0.4622E-01
   0.5097E-01
   0.5560E-01
   0.6010E-01
   0.6446E-01
   0.6868E-01
   0.7273E-01
   0.7661E-01
   0.8031E-01
   0.8383E-01
   0.8714E-01
   0.9026E-01
   0.9316E-01
   0.9585E-01
   0.9831E-01
   0.1005E+00
   0.1025E+00
   0.1043E+00
   0.1058E+00
   0.1071E+00
   0.1081E+00
   0.1089E+00
   0.1094E+00
   0.1096E+00
   0.1096E+00
   0.1094E+00
   0.1089E+00
   0.1081E+00
   0.1071E+00
   0.1058E+00
   0.1043E+00
   0.1025E+00
   0.1005E+00
   0.9831E-01
   0.9585E-01
   0.9316E-01
   0.9026E-01
   0.8714E-01
   0.8383E-01
   0.8031E-01
   0.7661E-01
   0.7273E-01
   0.6868E-01
   0.6446E-01
   0.6010E-01
   0.5560E-01
   0.5097E-01
   0.4622E-01
   0.4136E-01
   0.3640E-01
   0.3136E-01
   0.2625E-01
   0.2107E-01
   0.1585E-01
   0.1059E-01
   0.5299E-02
   0.0000E+00
   0.0000E+00
   0.4874E-02
   0.9737E-02
   0.1458E-01
   0.1938E-01
   0.2414E-01
   0.2885E-01
   0.3349E-01
   0.3805E-01
   0.4252E-01
   0.4689E-01
   0.5115E-01
   0.5529E-01
   0.5930E-01
   0.6318E-01
   0.6690E-01
   0.7047E-01
   0.7388E-01
   0.7711E-01
   0.8017E-01
   0.8303E-01
   0.8570E-01
   0.8818E-01
   0.9044E-01
   0.9250E-01
   0.9434E-01
   0.9595E-01
   0.9735E-01
   0.9851E-01
   0.9945E-01
   0.1002E+00
   0.1006E+00
   0.1009E+00
   0.1009E+00
   0.1006E+00
   0.1002E+00
   0.9945E-01
   0.9851E-01
   0.9735E-01
   0.9595E-01
   0.9434E-01
   0.9250E-01
   0.9044E-01
   0.8818E-01
   0.8570E-01
   0.8303E-01
   0.8017E-01
   0.7711E-01
   0.7388E-01
   0.7047E-01
   0.6690E-01
   0.6318E-01
   0.5930E-01
   0.5529E-01
   0.5115E-01
   0.4689E-01
   0.4252E-01
   0.3805E-01
   0.3349E-01
   0.2885E-01
   0.2414E-01
   0.1938E-01
   0.1458E-01
   0.9737E-02
   0.4874E-02
   0.0000E+00
