   0.0000E+00
   0.9810E-02
   0.1960E-01
   0.2934E-01
   0.3901E-01
   0.4859E-01
   0.5806E-01
   0.6739E-01
   0.7657E-01
   0.8556E-01
   0.9436E-01
   0.1029E+00
   0.1113E+00
   0.1193E+00
   0.1271E+00
   0.1346E+00
   0.1418E+00
   0.1487E+00
   0.1552E+00
   0.1613E+00
   0.1671E+00
   0.1725E+00
   0.1775E+00
   0.1820E+00
   0.1861E+00
   0.1898E+00
   0.1931E+00
   0.1959E+00
   0.1983E+00
   0.2001E+00
   0.2016E+00
   0.2025E+00
   0.2030E+00
   0.2030E+00
   0.2025E+00
   0.2016E+00
   0.2001E+00
   0.1983E+00
   0.1959E+00
   0.1931E+00
   0.1898E+00
   0.1861E+00
   0.1820E+00
   0.1775E+00
   0.1725E+00
   0.1671E+00
   0.1613E+00
   0.1552E+00
   0.1487E+00
   0.1418E+00
   0.1346E+00
   0.1271E+00
   0.1193E+00
   0.1113E+00
   0.1029E+00
   0.9436E-01
   0.8556E-01
   0.7657E-01
   0.6739E-01
   0.5806E-01
   0.4859E-01
   0.3901E-01
   0.2934E-01
   0.1960E-01
   0.9810E-02
   0.0000E+00
   0.0000E+00
   0.9324E-02
   0.1863E-01
   0.2789E-01
   0.3708E-01
   0.4619E-01
   0.5519E-01
   0.6406E-01
   0.7278E-01
   0.8133E-01
   0.8969E-01
   0.9784E-01
   0.1058E+00
   0.1134E+00
   0.1209E+00
   0.1280E+00
   0.1348E+00
   0.1413E+00
   0.1475E+00
   0.1533E+00
   0.1588E+00
   0.1639E+00
   0.1687E+00
   0.1730E+00
   0.1769E+00
   0.1805E+00
   0.1835E+00
   0.1862E+00
   0.1884E+00
   0.1902E+00
   0.1916E+00
   0.1925E+00
   0.1929E+00
   0.1929E+00
   0.1925E+00
   0.1916E+00
   0.1902E+00
   0.1884E+00
   0.1862E+00
   0.1835E+00
   0.1805E+00
   0.1769E+00
   0.1730E+00
   0.1687E+00
   0.1639E+00
   0.1588E+00
   0.1533E+00
   0.1475E+00
   0.1413E+00
   0.1348E+00
   0.1280E+00
   0.1209E+00
   0.1134E+00
   0.1058E+00
   0.9784E-01
   0.8969E-01
   0.8133E-01
   0.7278E-01
   0.6406E-01
   0.5519E-01
   0.4619E-01
   0.3708E-01
   0.2789E-01
   0.1863E-01
   0.9324E-02
   0.0000E+00
   0.0000E+00
   0.8863E-02
   0.1771E-01
   0.2651E-01
   0.3524E-01
   0.4390E-01
   0.5246E-01
   0.6089E-01
   0.6918E-01
   0.7730E-01
   0.8525E-01
   0.9300E-01
   0.1005E+00
   0.1078E+00
   0.1149E+00
   0.1216E+00
   0.1281E+00
   0.1343E+00
   0.1402E+00
   0.1458E+00
   0.1510E+00
   0.1558E+00
   0.1603E+00
   0.1644E+00
   0.1682E+00
   0.1715E+00
   0.1745E+00
   0.1770E+00
   0.1791E+00
   0.1808E+00
   0.1821E+00
   0.1830E+00
   0.1834E+00
   0.1834E+00
   0.1830E+00
   0.1821E+00
   0.1808E+00
   0.1791E+00
   0.1770E+00
   0.1745E+00
   0.1715E+00
   0.1682E+00
   0.1644E+00
   0.1603E+00
   0.1558E+00
   0.1510E+00
   0.1458E+00
   0.1402E+00
   0.1343E+00
   0.1281E+00
   0.1216E+00
   0.1149E+00
   0.1078E+00
   0.1005E+00
   0.9300E-01
   0.8525E-01
   0.7730E-01
   0.6918E-01
   0.6089E-01
   0.5246E-01
   0.4390E-01
   0.3524E-01
   0.2651E-01
   0.1771E-01
   0.8863E-02
   0.0000E+00
   0.0000E+00
   0.8425E-02
   0.1683E-01
   0.2519E-01
   0.3350E-01
   0.4173E-01
   0.4986E-01
   0.5788E-01
   0.6576E-01
   0.7348E-01
   0.8103E-01
   0.8840E-01
   0.9556E-01
   0.1025E+00
   0.1092E+00
   0.1156E+00
   0.1218E+00
   0.1277E+00
   0.1333E+00
   0.1386E+00
   0.1435E+00
   0.1481E+00
   0.1524E+00
   0.1563E+00
   0.1599E+00
   0.1630E+00
   0.1658E+00
   0.1682E+00
   0.1703E+00
   0.1719E+00
   0.1731E+00
   0.1739E+00
   0.1743E+00
   0.1743E+00
   0.1739E+00
   0.1731E+00
   0.1719E+00
   0.1703E+00
   0.1682E+00
   0.1658E+00
   0.1630E+00
   0.1599E+00
   0.1563E+00
   0.1524E+00
   0.1481E+00
   0.1435E+00
   0.1386E+00
   0.1333E+00
   0.1277E+00
   0.1218E+00
   0.1156E+00
   0.1092E+00
   0.1025E+00
   0.9556E-01
   0.8840E-01
   0.8103E-01
   0.7348E-01
   0.6576E-01
   0.5788E-01
   0.4986E-01
   0.4173E-01
   0.3350E-01
   0.2519E-01
   0.1683E-01
   0.8425E-02
   0.0000E+00
   0.0000E+00
   0.8008E-02
   0.1600E-01
   0.2395E-01
   0.3185E-01
   0.3967E-01
   0.4740E-01
   0.5501E-01
   0.6250E-01
   0.6985E-01
   0.7703E-01
   0.8403E-01
   0.9083E-01
   0.9743E-01
   0.1038E+00
   0.1099E+00
   0.1158E+00
   0.1214E+00
   0.1267E+00
   0.1317E+00
   0.1364E+00
   0.1408E+00
   0.1449E+00
   0.1486E+00
   0.1520E+00
   0.1550E+00
   0.1576E+00
   0.1599E+00
   0.1618E+00
   0.1634E+00
   0.1645E+00
   0.1653E+00
   0.1657E+00
   0.1657E+00
   0.1653E+00
   0.1645E+00
   0.1634E+00
   0.1618E+00
   0.1599E+00
   0.1576E+00
   0.1550E+00
   0.1520E+00
   0.1486E+00
   0.1449E+00
   0.1408E+00
   0.1364E+00
   0.1317E+00
   0.1267E+00
   0.1214E+00
   0.1158E+00
   0.1099E+00
   0.1038E+00
   0.9743E-01
   0.9083E-01
   0.8403E-01
   0.7703E-01
   0.6985E-01
   0.6250E-01
   0.5501E-01
   0.4740E-01
   0.3967E-01
   0.3185E-01
   0.2395E-01
   0.1600E-01
   0.8008E-02
   0.0000E+00
   0.0000E+00
   0.7612E-02
   0.1521E-01
   0.2277E-01
   0.3027E-01
   0.3771E-01
   0.4506E-01
   0.5230E-01
   0.5942E-01
   0.6640E-01
   0.7322E-01
   0.7988E-01
   0.8635E-01
   0.9261E-01
   0.9866E-01
   0.1045E+00
   0.1101E+00
   0.1154E+00
   0.1204E+00
   0.1252E+00
   0.1297E+00
   0.1338E+00
   0.1377E+00
   0.1412E+00
   0.1445E+00
   0.1473E+00
   0.1499E+00
   0.1520E+00
   0.1539E+00
   0.1553E+00
   0.1564E+00
   0.1572E+00
   0.1575E+00
   0.1575E+00
   0.1572E+00
   0.1564E+00
   0.1553E+00
   0.1539E+00
   0.1520E+00
   0.1499E+00
   0.1473E+00
   0.1445E+00
   0.1412E+00
   0.1377E+00
   0.1338E+00
   0.1297E+00
   0.1252E+00
   0.1204E+00
   0.1154E+00
   0.1101E+00
   0.1045E+00
   0.9866E-01
   0.9261E-01
   0.8635E-01
   0.7988E-01
   0.7322E-01
   0.6640E-01
   0.5942E-01
   0.5230E-01
   0.4506E-01
   0.3771E-01
   0.3027E-01
   0.2277E-01
   0.1521E-01
   0.7612E-02
   0.0000E+00
   0.0000E+00
   0.7237E-02
   0.1446E-01
   0.2164E-01
   0.2878E-01
   0.3585E-01
   0.4283E-01
   0.4972E-01
   0.5649E-01
   0.6312E-01
   0.6961E-01
   0.7594E-01
   0.8209E-01
   0.8804E-01
   0.9380E-01
   0.9933E-01
   0.1046E+00
   0.1097E+00
   0.1145E+00
   0.1190E+00
   0.1233E+00
   0.1272E+00
   0.1309E+00
   0.1343E+00
   0.1373E+00
   0.1401E+00
   0.1425E+00
   0.1445E+00
   0.1463E+00
   0.1477E+00
   0.1487E+00
   0.1494E+00
   0.1497E+00
   0.1497E+00
   0.1494E+00
   0.1487E+00
   0.1477E+00
   0.1463E+00
   0.1445E+00
   0.1425E+00
   0.1401E+00
   0.1373E+00
   0.1343E+00
   0.1309E+00
   0.1272E+00
   0.1233E+00
   0.1190E+00
   0.1145E+00
   0.1097E+00
   0.1046E+00
   0.9933E-01
   0.9380E-01
   0.8804E-01
   0.8209E-01
   0.7594E-01
   0.6961E-01
   0.6312E-01
   0.5649E-01
   0.4972E-01
   0.4283E-01
   0.3585E-01
   0.2878E-01
   0.2164E-01
   0.1446E-01
   0.7237E-02
   0.0000E+00
   0.0000E+00
   0.6880E-02
   0.1374E-01
   0.2058E-01
   0.2736E-01
   0.3408E-01
   0.4072E-01
   0.4727E-01
   0.5370E-01
   0.6001E-01
   0.6618E-01
   0.7220E-01
   0.7804E-01
   0.8371E-01
   0.8918E-01
   0.9444E-01
   0.9948E-01
   0.1043E+00
   0.1088E+00
   0.1132E+00
   0.1172E+00
   0.1210E+00
   0.1245E+00
   0.1277E+00
   0.1306E+00
   0.1332E+00
   0.1354E+00
   0.1374E+00
   0.1391E+00
   0.1404E+00
   0.1414E+00
   0.1420E+00
   0.1424E+00
   0.1424E+00
   0.1420E+00
   0.1414E+00
   0.1404E+00
   0.1391E+00
   0.1374E+00
   0.1354E+00
   0.1332E+00
   0.1306E+00
   0.1277E+00
   0.1245E+00
   0.1210E+00
   0.1172E+00
   0.1132E+00
   0.1088E+00
   0.1043E+00
   0.9948E-01
   0.9444E-01
   0.8918E-01
   0.8371E-01
   0.7804E-01
   0.7220E-01
   0.6618E-01
   0.6001E-01
   0.5370E-01
   0.4727E-01
   0.4072E-01
   0.3408E-01
   0.2736E-01
   0.2058E-01
   0.1374E-01
   0.6880E-02
   0.0000E+00
   0.0000E+00
   0.6542E-02
   0.1307E-01
   0.1957E-01
   0.2602E-01
   0.3241E-01
   0.3872E-01
   0.4494E-01
   0.5106E-01
   0.5706E-01
   0.6293E-01
   0.6865E-01
   0.7421E-01
   0.7959E-01
   0.8479E-01
   0.8979E-01
   0.9458E-01
   0.9916E-01
   0.1035E+00
   0.1076E+00
   0.1114E+00
   0.1150E+00
   0.1183E+00
   0.1214E+00
   0.1241E+00
   0.1266E+00
   0.1288E+00
   0.1307E+00
   0.1322E+00
   0.1335E+00
   0.1344E+00
   0.1351E+00
   0.1354E+00
   0.1354E+00
   0.1351E+00
   0.1344E+00
   0.1335E+00
   0.1322E+00
   0.1307E+00
   0.1288E+00
   0.1266E+00
   0.1241E+00
   0.1214E+00
   0.1183E+00
   0.1150E+00
   0.1114E+00
   0.1076E+00
   0.1035E+00
   0.9916E-01
   0.9458E-01
   0.8979E-01
   0.8479E-01
   0.7959E-01
   0.7421E-01
   0.6865E-01
   0.6293E-01
   0.5706E-01
   0.5106E-01
   0.4494E-01
   0.3872E-01
   0.3241E-01
   0.2602E-01
   0.1957E-01
   0.1307E-01
   0.6542E-02
   0.0000E+00
   0.0000E+00
   0.6221E-02
   0.1243E-01
   0.1861E-01
   0.2474E-01
   0.3082E-01
   0.3682E-01
   0.4274E-01
   0.4856E-01
   0.5426E-01
   0.5984E-01
   0.6528E-01
   0.7057E-01
   0.7569E-01
   0.8063E-01
   0.8539E-01
   0.8994E-01
   0.9429E-01
   0.9842E-01
   0.1023E+00
   0.1060E+00
   0.1094E+00
   0.1125E+00
   0.1154E+00
   0.1181E+00
   0.1204E+00
   0.1225E+00
   0.1242E+00
   0.1257E+00
   0.1269E+00
   0.1278E+00
   0.1284E+00
   0.1287E+00
   0.1287E+00
   0.1284E+00
   0.1278E+00
   0.1269E+00
   0.1257E+00
   0.1242E+00
   0.1225E+00
   0.1204E+00
   0.1181E+00
   0.1154E+00
   0.1125E+00
   0.1094E+00
   0.1060E+00
   0.1023E+00
   0.9842E-01
   0.9429E-01
   0.8994E-01
   0.8539E-01
   0.8063E-01
   0.7569E-01
   0.7057E-01
   0.6528E-01
   0.5984E-01
   0.5426E-01
   0.4856E-01
   0.4274E-01
   0.3682E-01
   0.3082E-01
   0.2474E-01
   0.1861E-01
   0.1243E-01
   0.6221E-02
   0.0000E+00
   0.0000E+00
   0.5917E-02
   0.1182E-01
   0.1769E-01
   0.2353E-01
   0.2931E-01
   0.3502E-01
   0.4065E-01
   0.4618E-01
   0.5161E-01
   0.5691E-01
   0.6209E-01
   0.6711E-01
   0.7198E-01
   0.7669E-01
   0.8121E-01
   0.8554E-01
   0.8968E-01
   0.9360E-01
   0.9731E-01
   0.1008E+00
   0.1040E+00
   0.1070E+00
   0.1098E+00
   0.1123E+00
   0.1145E+00
   0.1165E+00
   0.1182E+00
   0.1196E+00
   0.1207E+00
   0.1216E+00
   0.1221E+00
   0.1224E+00
   0.1224E+00
   0.1221E+00
   0.1216E+00
   0.1207E+00
   0.1196E+00
   0.1182E+00
   0.1165E+00
   0.1145E+00
   0.1123E+00
   0.1098E+00
   0.1070E+00
   0.1040E+00
   0.1008E+00
   0.9731E-01
   0.9360E-01
   0.8968E-01
   0.8554E-01
   0.8121E-01
   0.7669E-01
   0.7198E-01
   0.6711E-01
   0.6209E-01
   0.5691E-01
   0.5161E-01
   0.4618E-01
   0.4065E-01
   0.3502E-01
   0.2931E-01
   0.2353E-01
   0.1769E-01
   0.1182E-01
   0.5917E-02
   0.0000E+00
   0.0000E+00
   0.5628E-02
   0.1124E-01
   0.1683E-01
   0.2238E-01
   0.2788E-01
   0.3331E-01
   0.3867E-01
   0.4393E-01
   0.4909E-01
   0.5414E-01
   0.5906E-01
   0.6384E-01
   0.6847E-01
   0.7295E-01
   0.7725E-01
   0.8137E-01
   0.8530E-01
   0.8904E-01
   0.9256E-01
   0.9587E-01
   0.9896E-01
   0.1018E+00
   0.1044E+00
   0.1068E+00
   0.1089E+00
   0.1108E+00
   0.1124E+00
   0.1137E+00
   0.1148E+00
   0.1156E+00
   0.1162E+00
   0.1165E+00
   0.1165E+00
   0.1162E+00
   0.1156E+00
   0.1148E+00
   0.1137E+00
   0.1124E+00
   0.1108E+00
   0.1089E+00
   0.1068E+00
   0.1044E+00
   0.1018E+00
   0.9896E-01
   0.9587E-01
   0.9256E-01
   0.8904E-01
   0.8530E-01
   0.8137E-01
   0.7725E-01
   0.7295E-01
   0.6847E-01
   0.6384E-01
   0.5906E-01
   0.5414E-01
   0.4909E-01
   0.4393E-01
   0.3867E-01
   0.3331E-01
   0.2788E-01
   0.2238E-01
   0.1683E-01
   0.1124E-01
   0.5628E-02
   0.0000E+00
   0.0000E+00
   0.5355E-02
   0.1070E-01
   0.1601E-01
   0.2129E-01
   0.2652E-01
   0.3169E-01
   0.3679E-01
   0.4179E-01
   0.4671E-01
   0.5151E-01
   0.5619E-01
   0.6074E-01
   0.6515E-01
   0.6940E-01
   0.7350E-01
   0.7742E-01
   0.8116E-01
   0.8471E-01
   0.8807E-01
   0.9121E-01
   0.9415E-01
   0.9686E-01
   0.9935E-01
   0.1016E+00
   0.1036E+00
   0.1054E+00
   0.1069E+00
   0.1082E+00
   0.1093E+00
   0.1100E+00
   0.1105E+00
   0.1108E+00
   0.1108E+00
   0.1105E+00
   0.1100E+00
   0.1093E+00
   0.1082E+00
   0.1069E+00
   0.1054E+00
   0.1036E+00
   0.1016E+00
   0.9935E-01
   0.9686E-01
   0.9415E-01
   0.9121E-01
   0.8807E-01
   0.8471E-01
   0.8116E-01
   0.7742E-01
   0.7350E-01
   0.6940E-01
   0.6515E-01
   0.6074E-01
   0.5619E-01
   0.5151E-01
   0.4671E-01
   0.4179E-01
   0.3679E-01
   0.3169E-01
   0.2652E-01
   0.2129E-01
   0.1601E-01
   0.1070E-01
   0.5355E-02
   0.0000E+00
   0.0000E+00
   0.5096E-02
   0.1018E-01
   0.1524E-01
   0.2026E-01
   0.2524E-01
   0.3016E-01
   0.3501E-01
   0.3977E-01
   0.4445E-01
   0.4901E-01
   0.5347E-01
   0.5780E-01
   0.6199E-01
   0.6604E-01
   0.6994E-01
   0.7367E-01
   0.7723E-01
   0.8061E-01
   0.8381E-01
   0.8680E-01
   0.8959E-01
   0.9218E-01
   0.9455E-01
   0.9670E-01
   0.9862E-01
   0.1003E+00
   0.1018E+00
   0.1030E+00
   0.1040E+00
   0.1047E+00
   0.1052E+00
   0.1054E+00
   0.1054E+00
   0.1052E+00
   0.1047E+00
   0.1040E+00
   0.1030E+00
   0.1018E+00
   0.1003E+00
   0.9862E-01
   0.9670E-01
   0.9455E-01
   0.9218E-01
   0.8959E-01
   0.8680E-01
   0.8381E-01
   0.8061E-01
   0.7723E-01
   0.7367E-01
   0.6994E-01
   0.6604E-01
   0.6199E-01
   0.5780E-01
   0.5347E-01
   0.4901E-01
   0.4445E-01
   0.3977E-01
   0.3501E-01
   0.3016E-01
   0.2524E-01
   0.2026E-01
   0.1524E-01
   0.1018E-01
   0.5096E-02
   0.0000E+00
   0.0000E+00
   0.4850E-02
   0.9689E-02
   0.1451E-01
   0.1929E-01
   0.2403E-01
   0.2871E-01
   0.3332E-01
   0.3786E-01
   0.4231E-01
   0.4666E-01
   0.5090E-01
   0.5502E-01
   0.5901E-01
   0.6287E-01
   0.6657E-01
   0.7013E-01
   0.7352E-01
   0.7673E-01
   0.7977E-01
   0.8262E-01
   0.8528E-01
   0.8774E-01
   0.9000E-01
   0.9204E-01
   0.9387E-01
   0.9548E-01
   0.9687E-01
   0.9803E-01
   0.9896E-01
   0.9966E-01
   0.1001E+00
   0.1004E+00
   0.1004E+00
   0.1001E+00
   0.9966E-01
   0.9896E-01
   0.9803E-01
   0.9687E-01
   0.9548E-01
   0.9387E-01
   0.9204E-01
   0.9000E-01
   0.8774E-01
   0.8528E-01
   0.8262E-01
   0.7977E-01
   0.7673E-01
   0.7352E-01
   0.7013E-01
   0.6657E-01
   0.6287E-01
   0.5901E-01
   0.5502E-01
   0.5090E-01
   0.4666E-01
   0.4231E-01
   0.3786E-01
   0.3332E-01
   0.2871E-01
   0.2403E-01
   0.1929E-01
   0.1451E-01
   0.9689E-02
   0.4850E-02
   0.0000E+00
   0.0000E+00
   0.4618E-02
   0.9225E-02
   0.1381E-01
   0.1836E-01
   0.2288E-01
   0.2733E-01
   0.3173E-01
   0.3605E-01
   0.4028E-01
   0.4442E-01
   0.4846E-01
   0.5238E-01
   0.5618E-01
   0.5986E-01
   0.6339E-01
   0.6677E-01
   0.7000E-01
   0.7306E-01
   0.7595E-01
   0.7867E-01
   0.8120E-01
   0.8354E-01
   0.8569E-01
   0.8763E-01
   0.8938E-01
   0.9091E-01
   0.9223E-01
   0.9334E-01
   0.9422E-01
   0.9489E-01
   0.9534E-01
   0.9556E-01
   0.9556E-01
   0.9534E-01
   0.9489E-01
   0.9422E-01
   0.9334E-01
   0.9223E-01
   0.9091E-01
   0.8938E-01
   0.8763E-01
   0.8569E-01
   0.8354E-01
   0.8120E-01
   0.7867E-01
   0.7595E-01
   0.7306E-01
   0.7000E-01
   0.6677E-01
   0.6339E-01
   0.5986E-01
   0.5618E-01
   0.5238E-01
   0.4846E-01
   0.4442E-01
   0.4028E-01
   0.3605E-01
   0.3173E-01
   0.2733E-01
   0.2288E-01
   0.1836E-01
   0.1381E-01
   0.9225E-02
   0.4618E-02
   0.0000E+00
   0.0000E+00
   0.4398E-02
   0.8787E-02
   0.1315E-01
   0.1749E-01
   0.2179E-01
   0.2603E-01
   0.3022E-01
   0.3433E-01
   0.3836E-01
   0.4231E-01
   0.4615E-01
   0.4989E-01
   0.5351E-01
   0.5701E-01
   0.6037E-01
   0.6359E-01
   0.6667E-01
   0.6958E-01
   0.7234E-01
   0.7492E-01
   0.7733E-01
   0.7957E-01
   0.8161E-01
   0.8346E-01
   0.8512E-01
   0.8658E-01
   0.8784E-01
   0.8889E-01
   0.8974E-01
   0.9038E-01
   0.9080E-01
   0.9101E-01
   0.9101E-01
   0.9080E-01
   0.9038E-01
   0.8974E-01
   0.8889E-01
   0.8784E-01
   0.8658E-01
   0.8512E-01
   0.8346E-01
   0.8161E-01
   0.7957E-01
   0.7733E-01
   0.7492E-01
   0.7234E-01
   0.6958E-01
   0.6667E-01
   0.6359E-01
   0.6037E-01
   0.5701E-01
   0.5351E-01
   0.4989E-01
   0.4615E-01
   0.4231E-01
   0.3836E-01
   0.3433E-01
   0.3022E-01
   0.2603E-01
   0.2179E-01
   0.1749E-01
   0.1315E-01
   0.8787E-02
   0.4398E-02
   0.0000E+00
   0.0000E+00
   0.4191E-02
   0.8371E-02
   0.1253E-01
   0.1666E-01
   0.2076E-01
   0.2480E-01
   0.2879E-01
   0.3271E-01
   0.3655E-01
   0.4031E-01
   0.4397E-01
   0.4753E-01
   0.5098E-01
   0.5431E-01
   0.5752E-01
   0.6059E-01
   0.6352E-01
   0.6629E-01
   0.6892E-01
   0.7138E-01
   0.7368E-01
   0.7581E-01
   0.7775E-01
   0.7952E-01
   0.8110E-01
   0.8249E-01
   0.8369E-01
   0.8469E-01
   0.8550E-01
   0.8610E-01
   0.8651E-01
   0.8671E-01
   0.8671E-01
   0.8651E-01
   0.8610E-01
   0.8550E-01
   0.8469E-01
   0.8369E-01
   0.8249E-01
   0.8110E-01
   0.7952E-01
   0.7775E-01
   0.7581E-01
   0.7368E-01
   0.7138E-01
   0.6892E-01
   0.6629E-01
   0.6352E-01
   0.6059E-01
   0.5752E-01
   0.5431E-01
   0.5098E-01
   0.4753E-01
   0.4397E-01
   0.4031E-01
   0.3655E-01
   0.3271E-01
   0.2879E-01
   0.2480E-01
   0.2076E-01
   0.1666E-01
   0.1253E-01
   0.8371E-02
   0.4191E-02
   0.0000E+00
   0.0000E+00
   0.3994E-02
   0.7979E-02
   0.1194E-01
   0.1588E-01
   0.1978E-01
   0.2364E-01
   0.2744E-01
   0.3117E-01
   0.3484E-01
   0.3842E-01
   0.4191E-01
   0.4530E-01
   0.4859E-01
   0.5177E-01
   0.5482E-01
   0.5775E-01
   0.6054E-01
   0.6319E-01
   0.6569E-01
   0.6804E-01
   0.7023E-01
   0.7225E-01
   0.7411E-01
   0.7579E-01
   0.7730E-01
   0.7862E-01
   0.7977E-01
   0.8072E-01
   0.8149E-01
   0.8207E-01
   0.8245E-01
   0.8265E-01
   0.8265E-01
   0.8245E-01
   0.8207E-01
   0.8149E-01
   0.8072E-01
   0.7977E-01
   0.7862E-01
   0.7730E-01
   0.7579E-01
   0.7411E-01
   0.7225E-01
   0.7023E-01
   0.6804E-01
   0.6569E-01
   0.6319E-01
   0.6054E-01
   0.5775E-01
   0.5482E-01
   0.5177E-01
   0.4859E-01
   0.4530E-01
   0.4191E-01
   0.3842E-01
   0.3484E-01
   0.3117E-01
   0.2744E-01
   0.2364E-01
   0.1978E-01
   0.1588E-01
   0.1194E-01
   0.7979E-02
   0.3994E-02
   0.0000E+00
   0.0000E+00
   0.3808E-02
   0.7608E-02
   0.1139E-01
   0.1514E-01
   0.1886E-01
   0.2254E-01
   0.2616E-01
   0.2973E-01
   0.3322E-01
   0.3663E-01
   0.3996E-01
   0.4320E-01
   0.4633E-01
   0.4936E-01
   0.5227E-01
   0.5506E-01
   0.5772E-01
   0.6025E-01
   0.6263E-01
   0.6487E-01
   0.6696E-01
   0.6889E-01
   0.7066E-01
   0.7227E-01
   0.7370E-01
   0.7497E-01
   0.7606E-01
   0.7697E-01
   0.7770E-01
   0.7825E-01
   0.7862E-01
   0.7880E-01
   0.7880E-01
   0.7862E-01
   0.7825E-01
   0.7770E-01
   0.7697E-01
   0.7606E-01
   0.7497E-01
   0.7370E-01
   0.7227E-01
   0.7066E-01
   0.6889E-01
   0.6696E-01
   0.6487E-01
   0.6263E-01
   0.6025E-01
   0.5772E-01
   0.5506E-01
   0.5227E-01
   0.4936E-01
   0.4633E-01
   0.4320E-01
   0.3996E-01
   0.3663E-01
   0.3322E-01
   0.2973E-01
   0.2616E-01
   0.2254E-01
   0.1886E-01
   0.1514E-01
   0.1139E-01
   0.7608E-02
   0.3808E-02
   0.0000E+00
   0.0000E+00
   0.3633E-02
   0.7257E-02
   0.1087E-01
   0.1445E-01
   0.1800E-01
   0.2150E-01
   0.2496E-01
   0.2836E-01
   0.3169E-01
   0.3495E-01
   0.3812E-01
   0.4121E-01
   0.4420E-01
   0.4709E-01
   0.4986E-01
   0.5253E-01
   0.5506E-01
   0.5747E-01
   0.5975E-01
   0.6189E-01
   0.6388E-01
   0.6572E-01
   0.6741E-01
   0.6894E-01
   0.7031E-01
   0.7152E-01
   0.7255E-01
   0.7342E-01
   0.7412E-01
   0.7465E-01
   0.7500E-01
   0.7517E-01
   0.7517E-01
   0.7500E-01
   0.7465E-01
   0.7412E-01
   0.7342E-01
   0.7255E-01
   0.7152E-01
   0.7031E-01
   0.6894E-01
   0.6741E-01
   0.6572E-01
   0.6388E-01
   0.6189E-01
   0.5975E-01
   0.5747E-01
   0.5506E-01
   0.5253E-01
   0.4986E-01
   0.4709E-01
   0.4420E-01
   0.4121E-01
   0.3812E-01
   0.3495E-01
   0.3169E-01
   0.2836E-01
   0.2496E-01
   0.2150E-01
   0.1800E-01
   0.1445E-01
   0.1087E-01
   0.7257E-02
   0.3633E-02
   0.0000E+00
   0.0000E+00
   0.3467E-02
   0.6927E-02
   0.1037E-01
   0.1379E-01
   0.1718E-01
   0.2052E-01
   0.2382E-01
   0.2706E-01
   0.3024E-01
   0.3335E-01
   0.3638E-01
   0.3933E-01
   0.4218E-01
   0.4494E-01
   0.4759E-01
   0.5013E-01
   0.5255E-01
   0.5485E-01
   0.5703E-01
   0.5906E-01
   0.6096E-01
   0.6272E-01
   0.6433E-01
   0.6580E-01
   0.6710E-01
   0.6826E-01
   0.6925E-01
   0.7008E-01
   0.7074E-01
   0.7124E-01
   0.7158E-01
   0.7175E-01
   0.7175E-01
   0.7158E-01
   0.7124E-01
   0.7074E-01
   0.7008E-01
   0.6925E-01
   0.6826E-01
   0.6710E-01
   0.6580E-01
   0.6433E-01
   0.6272E-01
   0.6096E-01
   0.5906E-01
   0.5703E-01
   0.5485E-01
   0.5255E-01
   0.5013E-01
   0.4759E-01
   0.4494E-01
   0.4218E-01
   0.3933E-01
   0.3638E-01
   0.3335E-01
   0.3024E-01
   0.2706E-01
   0.2382E-01
   0.2052E-01
   0.1718E-01
   0.1379E-01
   0.1037E-01
   0.6927E-02
   0.3467E-02
   0.0000E+00
   0.0000E+00
   0.3311E-02
   0.6614E-02
   0.9902E-02
   0.1317E-01
   0.1640E-01
   0.1960E-01
   0.2275E-01
   0.2584E-01
   0.2888E-01
   0.3185E-01
   0.3474E-01
   0.3756E-01
   0.4028E-01
   0.4291E-01
   0.4545E-01
   0.4787E-01
   0.5018E-01
   0.5238E-01
   0.5445E-01
   0.5640E-01
   0.5822E-01
   0.5990E-01
   0.6143E-01
   0.6283E-01
   0.6408E-01
   0.6518E-01
   0.6613E-01
   0.6692E-01
   0.6755E-01
   0.6803E-01
   0.6835E-01
   0.6851E-01
   0.6851E-01
   0.6835E-01
   0.6803E-01
   0.6755E-01
   0.6692E-01
   0.6613E-01
   0.6518E-01
   0.6408E-01
   0.6283E-01
   0.6143E-01
   0.5990E-01
   0.5822E-01
   0.5640E-01
   0.5445E-01
   0.5238E-01
   0.5018E-01
   0.4787E-01
   0.4545E-01
   0.4291E-01
   0.4028E-01
   0.3756E-01
   0.3474E-01
   0.3185E-01
   0.2888E-01
   0.2584E-01
   0.2275E-01
   0.1960E-01
   0.1640E-01
   0.1317E-01
   0.9902E-02
   0.6614E-02
   0.3311E-02
   0.0000E+00
   0.0000E+00
   0.3164E-02
   0.6320E-02
   0.9461E-02
   0.1258E-01
   0.1567E-01
   0.1872E-01
   0.2173E-01
   0.2469E-01
   0.2759E-01
   0.3043E-01
   0.3320E-01
   0.3588E-01
   0.3849E-01
   0.4100E-01
   0.4342E-01
   0.4574E-01
   0.4795E-01
   0.5005E-01
   0.5203E-01
   0.5389E-01
   0.5562E-01
   0.5723E-01
   0.5870E-01
   0.6003E-01
   0.6123E-01
   0.6228E-01
   0.6318E-01
   0.6394E-01
   0.6455E-01
   0.6500E-01
   0.6531E-01
   0.6546E-01
   0.6546E-01
   0.6531E-01
   0.6500E-01
   0.6455E-01
   0.6394E-01
   0.6318E-01
   0.6228E-01
   0.6123E-01
   0.6003E-01
   0.5870E-01
   0.5723E-01
   0.5562E-01
   0.5389E-01
   0.5203E-01
   0.5005E-01
   0.4795E-01
   0.4574E-01
   0.4342E-01
   0.4100E-01
   0.3849E-01
   0.3588E-01
   0.3320E-01
   0.3043E-01
   0.2759E-01
   0.2469E-01
   0.2173E-01
   0.1872E-01
   0.1567E-01
   0.1258E-01
   0.9461E-02
   0.6320E-02
   0.3164E-02
   0.0000E+00
   0.0000E+00
   0.3025E-02
   0.6042E-02
   0.9045E-02
   0.1203E-01
   0.1498E-01
   0.1790E-01
   0.2078E-01
   0.2361E-01
   0.2638E-01
   0.2909E-01
   0.3174E-01
   0.3431E-01
   0.3680E-01
   0.3920E-01
   0.4151E-01
   0.4373E-01
   0.4584E-01
   0.4785E-01
   0.4974E-01
   0.5152E-01
   0.5318E-01
   0.5471E-01
   0.5612E-01
   0.5739E-01
   0.5854E-01
   0.5954E-01
   0.6040E-01
   0.6113E-01
   0.6171E-01
   0.6215E-01
   0.6244E-01
   0.6259E-01
   0.6259E-01
   0.6244E-01
   0.6215E-01
   0.6171E-01
   0.6113E-01
   0.6040E-01
   0.5954E-01
   0.5854E-01
   0.5739E-01
   0.5612E-01
   0.5471E-01
   0.5318E-01
   0.5152E-01
   0.4974E-01
   0.4785E-01
   0.4584E-01
   0.4373E-01
   0.4151E-01
   0.3920E-01
   0.3680E-01
   0.3431E-01
   0.3174E-01
   0.2909E-01
   0.2638E-01
   0.2361E-01
   0.2078E-01
   0.1790E-01
   0.1498E-01
   0.1203E-01
   0.9045E-02
   0.6042E-02
   0.3025E-02
   0.0000E+00
   0.0000E+00
   0.2894E-02
   0.5780E-02
   0.8654E-02
   0.1151E-01
   0.1433E-01
   0.1713E-01
   0.1988E-01
   0.2258E-01
   0.2524E-01
   0.2783E-01
   0.3036E-01
   0.3282E-01
   0.3520E-01
   0.3750E-01
   0.3972E-01
   0.4183E-01
   0.4386E-01
   0.4578E-01
   0.4759E-01
   0.4929E-01
   0.5088E-01
   0.5234E-01
   0.5369E-01
   0.5491E-01
   0.5600E-01
   0.5696E-01
   0.5779E-01
   0.5848E-01
   0.5904E-01
   0.5945E-01
   0.5973E-01
   0.5987E-01
   0.5987E-01
   0.5973E-01
   0.5945E-01
   0.5904E-01
   0.5848E-01
   0.5779E-01
   0.5696E-01
   0.5600E-01
   0.5491E-01
   0.5369E-01
   0.5234E-01
   0.5088E-01
   0.4929E-01
   0.4759E-01
   0.4578E-01
   0.4386E-01
   0.4183E-01
   0.3972E-01
   0.3750E-01
   0.3520E-01
   0.3282E-01
   0.3036E-01
   0.2783E-01
   0.2524E-01
   0.2258E-01
   0.1988E-01
   0.1713E-01
   0.1433E-01
   0.1151E-01
   0.8654E-02
   0.5780E-02
   0.2894E-02
   0.0000E+00
   0.0000E+00
   0.2770E-02
   0.5534E-02
   0.8284E-02
   0.1102E-01
   0.1372E-01
   0.1640E-01
   0.1903E-01
   0.2162E-01
   0.2416E-01
   0.2665E-01
   0.2907E-01
   0.3142E-01
   0.3370E-01
   0.3590E-01
   0.3802E-01
   0.4005E-01
   0.4199E-01
   0.4382E-01
   0.4556E-01
   0.4719E-01
   0.4871E-01
   0.5011E-01
   0.5140E-01
   0.5257E-01
   0.5361E-01
   0.5453E-01
   0.5532E-01
   0.5599E-01
   0.5652E-01
   0.5692E-01
   0.5719E-01
   0.5732E-01
   0.5732E-01
   0.5719E-01
   0.5692E-01
   0.5652E-01
   0.5599E-01
   0.5532E-01
   0.5453E-01
   0.5361E-01
   0.5257E-01
   0.5140E-01
   0.5011E-01
   0.4871E-01
   0.4719E-01
   0.4556E-01
   0.4382E-01
   0.4199E-01
   0.4005E-01
   0.3802E-01
   0.3590E-01
   0.3370E-01
   0.3142E-01
   0.2907E-01
   0.2665E-01
   0.2416E-01
   0.2162E-01
   0.1903E-01
   0.1640E-01
   0.1372E-01
   0.1102E-01
   0.8284E-02
   0.5534E-02
   0.2770E-02
   0.0000E+00
   0.0000E+00
   0.2654E-02
   0.5302E-02
   0.7937E-02
   0.1055E-01
   0.1315E-01
   0.1571E-01
   0.1823E-01
   0.2071E-01
   0.2315E-01
   0.2553E-01
   0.2785E-01
   0.3010E-01
   0.3229E-01
   0.3440E-01
   0.3643E-01
   0.3837E-01
   0.4022E-01
   0.4198E-01
   0.4365E-01
   0.4521E-01
   0.4666E-01
   0.4801E-01
   0.4924E-01
   0.5036E-01
   0.5136E-01
   0.5224E-01
   0.5300E-01
   0.5364E-01
   0.5415E-01
   0.5453E-01
   0.5479E-01
   0.5491E-01
   0.5491E-01
   0.5479E-01
   0.5453E-01
   0.5415E-01
   0.5364E-01
   0.5300E-01
   0.5224E-01
   0.5136E-01
   0.5036E-01
   0.4924E-01
   0.4801E-01
   0.4666E-01
   0.4521E-01
   0.4365E-01
   0.4198E-01
   0.4022E-01
   0.3837E-01
   0.3643E-01
   0.3440E-01
   0.3229E-01
   0.3010E-01
   0.2785E-01
   0.2553E-01
   0.2315E-01
   0.2071E-01
   0.1823E-01
   0.1571E-01
   0.1315E-01
   0.1055E-01
   0.7937E-02
   0.5302E-02
   0.2654E-02
   0.0000E+00
   0.0000E+00
   0.2544E-02
   0.5083E-02
   0.7610E-02
   0.1012E-01
   0.1260E-01
   0.1506E-01
   0.1748E-01
   0.1986E-01
   0.2219E-01
   0.2447E-01
   0.2670E-01
   0.2886E-01
   0.3096E-01
   0.3298E-01
   0.3492E-01
   0.3679E-01
   0.3857E-01
   0.4025E-01
   0.4185E-01
   0.4334E-01
   0.4474E-01
   0.4603E-01
   0.4721E-01
   0.4828E-01
   0.4924E-01
   0.5009E-01
   0.5082E-01
   0.5143E-01
   0.5191E-01
   0.5228E-01
   0.5253E-01
   0.5265E-01
   0.5265E-01
   0.5253E-01
   0.5228E-01
   0.5191E-01
   0.5143E-01
   0.5082E-01
   0.5009E-01
   0.4924E-01
   0.4828E-01
   0.4721E-01
   0.4603E-01
   0.4474E-01
   0.4334E-01
   0.4185E-01
   0.4025E-01
   0.3857E-01
   0.3679E-01
   0.3492E-01
   0.3298E-01
   0.3096E-01
   0.2886E-01
   0.2670E-01
   0.2447E-01
   0.2219E-01
   0.1986E-01
   0.1748E-01
   0.1506E-01
   0.1260E-01
   0.1012E-01
   0.7610E-02
   0.5083E-02
   0.2544E-02
   0.0000E+00
   0.0000E+00
   0.2442E-02
   0.4877E-02
   0.7302E-02
   0.9709E-02
   0.1209E-01
   0.1445E-01
   0.1677E-01
   0.1906E-01
   0.2130E-01
   0.2348E-01
   0.2562E-01
   0.2769E-01
   0.2970E-01
   0.3164E-01
   0.3351E-01
   0.3530E-01
   0.3701E-01
   0.3862E-01
   0.4015E-01
   0.4159E-01
   0.4293E-01
   0.4417E-01
   0.4530E-01
   0.4633E-01
   0.4725E-01
   0.4806E-01
   0.4876E-01
   0.4934E-01
   0.4981E-01
   0.5017E-01
   0.5040E-01
   0.5052E-01
   0.5052E-01
   0.5040E-01
   0.5017E-01
   0.4981E-01
   0.4934E-01
   0.4876E-01
   0.4806E-01
   0.4725E-01
   0.4633E-01
   0.4530E-01
   0.4417E-01
   0.4293E-01
   0.4159E-01
   0.4015E-01
   0.3862E-01
   0.3701E-01
   0.3530E-01
   0.3351E-01
   0.3164E-01
   0.2970E-01
   0.2769E-01
   0.2562E-01
   0.2348E-01
   0.2130E-01
   0.1906E-01
   0.1677E-01
   0.1445E-01
   0.1209E-01
   0.9709E-02
   0.7302E-02
   0.4877E-02
   0.2442E-02
   0.0000E+00
   0.0000E+00
   0.2345E-02
   0.4684E-02
   0.7012E-02
   0.9324E-02
   0.1161E-01
   0.1388E-01
   0.1611E-01
   0.1830E-01
   0.2045E-01
   0.2255E-01
   0.2460E-01
   0.2660E-01
   0.2853E-01
   0.3039E-01
   0.3218E-01
   0.3390E-01
   0.3554E-01
   0.3709E-01
   0.3856E-01
   0.3994E-01
   0.4123E-01
   0.4241E-01
   0.4350E-01
   0.4449E-01
   0.4538E-01
   0.4616E-01
   0.4683E-01
   0.4739E-01
   0.4784E-01
   0.4818E-01
   0.4840E-01
   0.4852E-01
   0.4852E-01
   0.4840E-01
   0.4818E-01
   0.4784E-01
   0.4739E-01
   0.4683E-01
   0.4616E-01
   0.4538E-01
   0.4449E-01
   0.4350E-01
   0.4241E-01
   0.4123E-01
   0.3994E-01
   0.3856E-01
   0.3709E-01
   0.3554E-01
   0.3390E-01
   0.3218E-01
   0.3039E-01
   0.2853E-01
   0.2660E-01
   0.2460E-01
   0.2255E-01
   0.2045E-01
   0.1830E-01
   0.1611E-01
   0.1388E-01
   0.1161E-01
   0.9324E-02
   0.7012E-02
   0.4684E-02
   0.2345E-02
   0.0000E+00
   0.0000E+00
   0.2254E-02
   0.4502E-02
   0.6740E-02
   0.8962E-02
   0.1116E-01
   0.1334E-01
   0.1548E-01
   0.1759E-01
   0.1966E-01
   0.2168E-01
   0.2365E-01
   0.2556E-01
   0.2742E-01
   0.2921E-01
   0.3093E-01
   0.3258E-01
   0.3416E-01
   0.3565E-01
   0.3707E-01
   0.3839E-01
   0.3963E-01
   0.4077E-01
   0.4182E-01
   0.4277E-01
   0.4362E-01
   0.4436E-01
   0.4501E-01
   0.4555E-01
   0.4598E-01
   0.4631E-01
   0.4653E-01
   0.4663E-01
   0.4663E-01
   0.4653E-01
   0.4631E-01
   0.4598E-01
   0.4555E-01
   0.4501E-01
   0.4436E-01
   0.4362E-01
   0.4277E-01
   0.4182E-01
   0.4077E-01
   0.3963E-01
   0.3839E-01
   0.3707E-01
   0.3565E-01
   0.3416E-01
   0.3258E-01
   0.3093E-01
   0.2921E-01
   0.2742E-01
   0.2556E-01
   0.2365E-01
   0.2168E-01
   0.1966E-01
   0.1759E-01
   0.1548E-01
   0.1334E-01
   0.1116E-01
   0.8962E-02
   0.6740E-02
   0.4502E-02
   0.2254E-02
   0.0000E+00
   0.0000E+00
   0.2168E-02
   0.4331E-02
   0.6484E-02
   0.8622E-02
   0.1074E-01
   0.1283E-01
   0.1490E-01
   0.1692E-01
   0.1891E-01
   0.2086E-01
   0.2275E-01
   0.2459E-01
   0.2638E-01
   0.2810E-01
   0.2976E-01
   0.3135E-01
   0.3286E-01
   0.3430E-01
   0.3566E-01
   0.3693E-01
   0.3812E-01
   0.3922E-01
   0.4023E-01
   0.4114E-01
   0.4196E-01
   0.4268E-01
   0.4330E-01
   0.4382E-01
   0.4424E-01
   0.4455E-01
   0.4476E-01
   0.4486E-01
   0.4486E-01
   0.4476E-01
   0.4455E-01
   0.4424E-01
   0.4382E-01
   0.4330E-01
   0.4268E-01
   0.4196E-01
   0.4114E-01
   0.4023E-01
   0.3922E-01
   0.3812E-01
   0.3693E-01
   0.3566E-01
   0.3430E-01
   0.3286E-01
   0.3135E-01
   0.2976E-01
   0.2810E-01
   0.2638E-01
   0.2459E-01
   0.2275E-01
   0.2086E-01
   0.1891E-01
   0.1692E-01
   0.1490E-01
   0.1283E-01
   0.1074E-01
   0.8622E-02
   0.6484E-02
   0.4331E-02
   0.2168E-02
   0.0000E+00
   0.0000E+00
   0.2088E-02
   0.4171E-02
   0.6244E-02
   0.8303E-02
   0.1034E-01
   0.1236E-01
   0.1434E-01
   0.1630E-01
   0.1821E-01
   0.2008E-01
   0.2191E-01
   0.2368E-01
   0.2540E-01
   0.2706E-01
   0.2866E-01
   0.3019E-01
   0.3164E-01
   0.3303E-01
   0.3434E-01
   0.3556E-01
   0.3671E-01
   0.3777E-01
   0.3874E-01
   0.3962E-01
   0.4041E-01
   0.4110E-01
   0.4170E-01
   0.4220E-01
   0.4260E-01
   0.4290E-01
   0.4310E-01
   0.4320E-01
   0.4320E-01
   0.4310E-01
   0.4290E-01
   0.4260E-01
   0.4220E-01
   0.4170E-01
   0.4110E-01
   0.4041E-01
   0.3962E-01
   0.3874E-01
   0.3777E-01
   0.3671E-01
   0.3556E-01
   0.3434E-01
   0.3303E-01
   0.3164E-01
   0.3019E-01
   0.2866E-01
   0.2706E-01
   0.2540E-01
   0.2368E-01
   0.2191E-01
   0.2008E-01
   0.1821E-01
   0.1630E-01
   0.1434E-01
   0.1236E-01
   0.1034E-01
   0.8303E-02
   0.6244E-02
   0.4171E-02
   0.2088E-02
  -0.3778E-08
