   0.0000E+00
   0.8643E-01
   0.1721E+00
   0.2562E+00
   0.3379E+00
   0.4166E+00
   0.4916E+00
   0.5621E+00
   0.6275E+00
   0.6872E+00
   0.7407E+00
   0.7874E+00
   0.8271E+00
   0.8592E+00
   0.8836E+00
   0.9000E+00
   0.9082E+00
   0.9082E+00
   0.9000E+00
   0.8836E+00
   0.8592E+00
   0.8271E+00
   0.7874E+00
   0.7407E+00
   0.6872E+00
   0.6275E+00
   0.5621E+00
   0.4916E+00
   0.4166E+00
   0.3379E+00
   0.2562E+00
   0.1721E+00
   0.8643E-01
   0.0000E+00
   0.0000E+00
   0.7859E-01
   0.1565E+00
   0.2329E+00
   0.3073E+00
   0.3788E+00
   0.4470E+00
   0.5110E+00
   0.5705E+00
   0.6248E+00
   0.6734E+00
   0.7160E+00
   0.7520E+00
   0.7813E+00
   0.8034E+00
   0.8183E+00
   0.8258E+00
   0.8258E+00
   0.8183E+00
   0.8034E+00
   0.7813E+00
   0.7520E+00
   0.7160E+00
   0.6734E+00
   0.6248E+00
   0.5705E+00
   0.5110E+00
   0.4470E+00
   0.3788E+00
   0.3073E+00
   0.2329E+00
   0.1565E+00
   0.7859E-01
   0.0000E+00
   0.0000E+00
   0.7145E-01
   0.1423E+00
   0.2118E+00
   0.2794E+00
   0.3444E+00
   0.4064E+00
   0.4647E+00
   0.5187E+00
   0.5681E+00
   0.6123E+00
   0.6510E+00
   0.6838E+00
   0.7104E+00
   0.7305E+00
   0.7440E+00
   0.7508E+00
   0.7508E+00
   0.7440E+00
   0.7305E+00
   0.7104E+00
   0.6838E+00
   0.6510E+00
   0.6123E+00
   0.5681E+00
   0.5187E+00
   0.4647E+00
   0.4064E+00
   0.3444E+00
   0.2794E+00
   0.2118E+00
   0.1423E+00
   0.7145E-01
   0.0000E+00
   0.0000E+00
   0.6497E-01
   0.1293E+00
   0.1926E+00
   0.2540E+00
   0.3132E+00
   0.3695E+00
   0.4225E+00
   0.4717E+00
   0.5165E+00
   0.5567E+00
   0.5919E+00
   0.6217E+00
   0.6459E+00
   0.6642E+00
   0.6765E+00
   0.6827E+00
   0.6827E+00
   0.6765E+00
   0.6642E+00
   0.6459E+00
   0.6217E+00
   0.5919E+00
   0.5567E+00
   0.5165E+00
   0.4717E+00
   0.4225E+00
   0.3695E+00
   0.3132E+00
   0.2540E+00
   0.1926E+00
   0.1293E+00
   0.6497E-01
   0.0000E+00
   0.0000E+00
   0.5907E-01
   0.1176E+00
   0.1751E+00
   0.2310E+00
   0.2848E+00
   0.3360E+00
   0.3841E+00
   0.4288E+00
   0.4697E+00
   0.5062E+00
   0.5382E+00
   0.5653E+00
   0.5873E+00
   0.6039E+00
   0.6151E+00
   0.6207E+00
   0.6207E+00
   0.6151E+00
   0.6039E+00
   0.5873E+00
   0.5653E+00
   0.5382E+00
   0.5062E+00
   0.4697E+00
   0.4288E+00
   0.3841E+00
   0.3360E+00
   0.2848E+00
   0.2310E+00
   0.1751E+00
   0.1176E+00
   0.5907E-01
   0.0000E+00
   0.0000E+00
   0.5371E-01
   0.1069E+00
   0.1592E+00
   0.2100E+00
   0.2589E+00
   0.3055E+00
   0.3493E+00
   0.3899E+00
   0.4270E+00
   0.4603E+00
   0.4893E+00
   0.5140E+00
   0.5340E+00
   0.5491E+00
   0.5593E+00
   0.5644E+00
   0.5644E+00
   0.5593E+00
   0.5491E+00
   0.5340E+00
   0.5140E+00
   0.4893E+00
   0.4603E+00
   0.4270E+00
   0.3899E+00
   0.3493E+00
   0.3055E+00
   0.2589E+00
   0.2100E+00
   0.1592E+00
   0.1069E+00
   0.5371E-01
   0.0000E+00
   0.0000E+00
   0.4883E-01
   0.9723E-01
   0.1447E+00
   0.1909E+00
   0.2354E+00
   0.2778E+00
   0.3176E+00
   0.3545E+00
   0.3883E+00
   0.4185E+00
   0.4449E+00
   0.4673E+00
   0.4855E+00
   0.4993E+00
   0.5085E+00
   0.5132E+00
   0.5132E+00
   0.5085E+00
   0.4993E+00
   0.4855E+00
   0.4673E+00
   0.4449E+00
   0.4185E+00
   0.3883E+00
   0.3545E+00
   0.3176E+00
   0.2778E+00
   0.2354E+00
   0.1909E+00
   0.1447E+00
   0.9723E-01
   0.4883E-01
   0.0000E+00
   0.0000E+00
   0.4440E-01
   0.8840E-01
   0.1316E+00
   0.1736E+00
   0.2140E+00
   0.2525E+00
   0.2888E+00
   0.3223E+00
   0.3530E+00
   0.3805E+00
   0.4045E+00
   0.4249E+00
   0.4414E+00
   0.4539E+00
   0.4624E+00
   0.4666E+00
   0.4666E+00
   0.4624E+00
   0.4539E+00
   0.4414E+00
   0.4249E+00
   0.4045E+00
   0.3805E+00
   0.3530E+00
   0.3223E+00
   0.2888E+00
   0.2525E+00
   0.2140E+00
   0.1736E+00
   0.1316E+00
   0.8840E-01
   0.4440E-01
   0.0000E+00
   0.0000E+00
   0.4037E-01
   0.8038E-01
   0.1197E+00
   0.1579E+00
   0.1946E+00
   0.2296E+00
   0.2625E+00
   0.2931E+00
   0.3210E+00
   0.3460E+00
   0.3678E+00
   0.3863E+00
   0.4014E+00
   0.4127E+00
   0.4204E+00
   0.4242E+00
   0.4242E+00
   0.4204E+00
   0.4127E+00
   0.4014E+00
   0.3863E+00
   0.3678E+00
   0.3460E+00
   0.3210E+00
   0.2931E+00
   0.2625E+00
   0.2296E+00
   0.1946E+00
   0.1579E+00
   0.1197E+00
   0.8038E-01
   0.4037E-01
   0.0000E+00
   0.0000E+00
   0.3671E-01
   0.7308E-01
   0.1088E+00
   0.1435E+00
   0.1769E+00
   0.2088E+00
   0.2387E+00
   0.2665E+00
   0.2918E+00
   0.3146E+00
   0.3344E+00
   0.3513E+00
   0.3649E+00
   0.3753E+00
   0.3822E+00
   0.3857E+00
   0.3857E+00
   0.3822E+00
   0.3753E+00
   0.3649E+00
   0.3513E+00
   0.3344E+00
   0.3146E+00
   0.2918E+00
   0.2665E+00
   0.2387E+00
   0.2088E+00
   0.1769E+00
   0.1435E+00
   0.1088E+00
   0.7308E-01
   0.3671E-01
   0.0000E+00
   0.0000E+00
   0.3337E-01
   0.6645E-01
   0.9892E-01
   0.1305E+00
   0.1609E+00
   0.1898E+00
   0.2170E+00
   0.2423E+00
   0.2653E+00
   0.2860E+00
   0.3041E+00
   0.3194E+00
   0.3318E+00
   0.3412E+00
   0.3475E+00
   0.3507E+00
   0.3507E+00
   0.3475E+00
   0.3412E+00
   0.3318E+00
   0.3194E+00
   0.3041E+00
   0.2860E+00
   0.2653E+00
   0.2423E+00
   0.2170E+00
   0.1898E+00
   0.1609E+00
   0.1305E+00
   0.9892E-01
   0.6645E-01
   0.3337E-01
   0.0000E+00
   0.0000E+00
   0.3034E-01
   0.6041E-01
   0.8994E-01
   0.1186E+00
   0.1463E+00
   0.1726E+00
   0.1973E+00
   0.2203E+00
   0.2413E+00
   0.2600E+00
   0.2765E+00
   0.2904E+00
   0.3017E+00
   0.3102E+00
   0.3160E+00
   0.3189E+00
   0.3189E+00
   0.3160E+00
   0.3102E+00
   0.3017E+00
   0.2904E+00
   0.2765E+00
   0.2600E+00
   0.2413E+00
   0.2203E+00
   0.1973E+00
   0.1726E+00
   0.1463E+00
   0.1186E+00
   0.8994E-01
   0.6041E-01
   0.3034E-01
   0.0000E+00
   0.0000E+00
   0.2759E-01
   0.5493E-01
   0.8177E-01
   0.1079E+00
   0.1330E+00
   0.1569E+00
   0.1794E+00
   0.2003E+00
   0.2194E+00
   0.2364E+00
   0.2514E+00
   0.2640E+00
   0.2743E+00
   0.2821E+00
   0.2873E+00
   0.2899E+00
   0.2899E+00
   0.2873E+00
   0.2821E+00
   0.2743E+00
   0.2640E+00
   0.2514E+00
   0.2364E+00
   0.2194E+00
   0.2003E+00
   0.1794E+00
   0.1569E+00
   0.1330E+00
   0.1079E+00
   0.8177E-01
   0.5493E-01
   0.2759E-01
   0.0000E+00
   0.0000E+00
   0.2508E-01
   0.4994E-01
   0.7435E-01
   0.9808E-01
   0.1209E+00
   0.1427E+00
   0.1631E+00
   0.1821E+00
   0.1994E+00
   0.2150E+00
   0.2285E+00
   0.2400E+00
   0.2494E+00
   0.2565E+00
   0.2612E+00
   0.2636E+00
   0.2636E+00
   0.2612E+00
   0.2565E+00
   0.2494E+00
   0.2400E+00
   0.2285E+00
   0.2150E+00
   0.1994E+00
   0.1821E+00
   0.1631E+00
   0.1427E+00
   0.1209E+00
   0.9808E-01
   0.7435E-01
   0.4994E-01
   0.2508E-01
   0.0000E+00
   0.0000E+00
   0.2281E-01
   0.4541E-01
   0.6760E-01
   0.8918E-01
   0.1099E+00
   0.1297E+00
   0.1483E+00
   0.1656E+00
   0.1813E+00
   0.1954E+00
   0.2078E+00
   0.2183E+00
   0.2267E+00
   0.2332E+00
   0.2375E+00
   0.2397E+00
   0.2397E+00
   0.2375E+00
   0.2332E+00
   0.2267E+00
   0.2183E+00
   0.2078E+00
   0.1954E+00
   0.1813E+00
   0.1656E+00
   0.1483E+00
   0.1297E+00
   0.1099E+00
   0.8918E-01
   0.6760E-01
   0.4541E-01
   0.2281E-01
   0.0000E+00
   0.0000E+00
   0.2074E-01
   0.4129E-01
   0.6146E-01
   0.8108E-01
   0.9996E-01
   0.1179E+00
   0.1349E+00
   0.1505E+00
   0.1649E+00
   0.1777E+00
   0.1889E+00
   0.1984E+00
   0.2062E+00
   0.2120E+00
   0.2159E+00
   0.2179E+00
   0.2179E+00
   0.2159E+00
   0.2120E+00
   0.2062E+00
   0.1984E+00
   0.1889E+00
   0.1777E+00
   0.1649E+00
   0.1505E+00
   0.1349E+00
   0.1179E+00
   0.9996E-01
   0.8108E-01
   0.6146E-01
   0.4129E-01
   0.2074E-01
   0.0000E+00
   0.0000E+00
   0.1885E-01
   0.3754E-01
   0.5588E-01
   0.7372E-01
   0.9089E-01
   0.1072E+00
   0.1226E+00
   0.1369E+00
   0.1499E+00
   0.1616E+00
   0.1718E+00
   0.1804E+00
   0.1874E+00
   0.1928E+00
   0.1963E+00
   0.1981E+00
   0.1981E+00
   0.1963E+00
   0.1928E+00
   0.1874E+00
   0.1804E+00
   0.1718E+00
   0.1616E+00
   0.1499E+00
   0.1369E+00
   0.1226E+00
   0.1072E+00
   0.9089E-01
   0.7372E-01
   0.5588E-01
   0.3754E-01
   0.1885E-01
   0.0000E+00
   0.0000E+00
   0.1714E-01
   0.3413E-01
   0.5081E-01
   0.6702E-01
   0.8263E-01
   0.9750E-01
   0.1115E+00
   0.1244E+00
   0.1363E+00
   0.1469E+00
   0.1562E+00
   0.1640E+00
   0.1704E+00
   0.1752E+00
   0.1785E+00
   0.1801E+00
   0.1801E+00
   0.1785E+00
   0.1752E+00
   0.1704E+00
   0.1640E+00
   0.1562E+00
   0.1469E+00
   0.1363E+00
   0.1244E+00
   0.1115E+00
   0.9750E-01
   0.8263E-01
   0.6702E-01
   0.5081E-01
   0.3413E-01
   0.1714E-01
   0.0000E+00
   0.0000E+00
   0.1559E-01
   0.3103E-01
   0.4619E-01
   0.6094E-01
   0.7513E-01
   0.8864E-01
   0.1014E+00
   0.1131E+00
   0.1239E+00
   0.1336E+00
   0.1420E+00
   0.1491E+00
   0.1549E+00
   0.1593E+00
   0.1623E+00
   0.1638E+00
   0.1638E+00
   0.1623E+00
   0.1593E+00
   0.1549E+00
   0.1491E+00
   0.1420E+00
   0.1336E+00
   0.1239E+00
   0.1131E+00
   0.1014E+00
   0.8864E-01
   0.7513E-01
   0.6094E-01
   0.4619E-01
   0.3103E-01
   0.1559E-01
   0.0000E+00
   0.0000E+00
   0.1417E-01
   0.2821E-01
   0.4200E-01
   0.5540E-01
   0.6831E-01
   0.8059E-01
   0.9215E-01
   0.1029E+00
   0.1127E+00
   0.1214E+00
   0.1291E+00
   0.1356E+00
   0.1409E+00
   0.1449E+00
   0.1476E+00
   0.1489E+00
   0.1489E+00
   0.1476E+00
   0.1449E+00
   0.1409E+00
   0.1356E+00
   0.1291E+00
   0.1214E+00
   0.1127E+00
   0.1029E+00
   0.9215E-01
   0.8059E-01
   0.6831E-01
   0.5540E-01
   0.4200E-01
   0.2821E-01
   0.1417E-01
   0.0000E+00
   0.0000E+00
   0.1288E-01
   0.2565E-01
   0.3818E-01
   0.5037E-01
   0.6210E-01
   0.7327E-01
   0.8378E-01
   0.9353E-01
   0.1024E+00
   0.1104E+00
   0.1174E+00
   0.1233E+00
   0.1281E+00
   0.1317E+00
   0.1342E+00
   0.1354E+00
   0.1354E+00
   0.1342E+00
   0.1317E+00
   0.1281E+00
   0.1233E+00
   0.1174E+00
   0.1104E+00
   0.1024E+00
   0.9353E-01
   0.8378E-01
   0.7327E-01
   0.6210E-01
   0.5037E-01
   0.3818E-01
   0.2565E-01
   0.1288E-01
   0.0000E+00
   0.0000E+00
   0.1171E-01
   0.2332E-01
   0.3472E-01
   0.4580E-01
   0.5646E-01
   0.6662E-01
   0.7617E-01
   0.8503E-01
   0.9313E-01
   0.1004E+00
   0.1067E+00
   0.1121E+00
   0.1164E+00
   0.1197E+00
   0.1220E+00
   0.1231E+00
   0.1231E+00
   0.1220E+00
   0.1197E+00
   0.1164E+00
   0.1121E+00
   0.1067E+00
   0.1004E+00
   0.9313E-01
   0.8503E-01
   0.7617E-01
   0.6662E-01
   0.5646E-01
   0.4580E-01
   0.3472E-01
   0.2332E-01
   0.1171E-01
   0.0000E+00
   0.0000E+00
   0.1065E-01
   0.2120E-01
   0.3156E-01
   0.4164E-01
   0.5134E-01
   0.6057E-01
   0.6925E-01
   0.7731E-01
   0.8467E-01
   0.9126E-01
   0.9702E-01
   0.1019E+00
   0.1059E+00
   0.1089E+00
   0.1109E+00
   0.1119E+00
   0.1119E+00
   0.1109E+00
   0.1089E+00
   0.1059E+00
   0.1019E+00
   0.9702E-01
   0.9126E-01
   0.8467E-01
   0.7731E-01
   0.6925E-01
   0.6057E-01
   0.5134E-01
   0.4164E-01
   0.3156E-01
   0.2120E-01
   0.1065E-01
   0.0000E+00
   0.0000E+00
   0.9682E-02
   0.1928E-01
   0.2870E-01
   0.3786E-01
   0.4667E-01
   0.5507E-01
   0.6296E-01
   0.7029E-01
   0.7698E-01
   0.8297E-01
   0.8821E-01
   0.9265E-01
   0.9625E-01
   0.9898E-01
   0.1008E+00
   0.1017E+00
   0.1017E+00
   0.1008E+00
   0.9898E-01
   0.9625E-01
   0.9265E-01
   0.8821E-01
   0.8297E-01
   0.7698E-01
   0.7029E-01
   0.6296E-01
   0.5507E-01
   0.4667E-01
   0.3786E-01
   0.2870E-01
   0.1928E-01
   0.9682E-02
   0.0000E+00
   0.0000E+00
   0.8803E-02
   0.1753E-01
   0.2609E-01
   0.3442E-01
   0.4243E-01
   0.5007E-01
   0.5724E-01
   0.6390E-01
   0.6999E-01
   0.7543E-01
   0.8020E-01
   0.8424E-01
   0.8751E-01
   0.8999E-01
   0.9166E-01
   0.9250E-01
   0.9250E-01
   0.9166E-01
   0.8999E-01
   0.8751E-01
   0.8424E-01
   0.8020E-01
   0.7543E-01
   0.6999E-01
   0.6390E-01
   0.5724E-01
   0.5007E-01
   0.4243E-01
   0.3442E-01
   0.2609E-01
   0.1753E-01
   0.8803E-02
   0.0000E+00
   0.0000E+00
   0.8003E-02
   0.1593E-01
   0.2372E-01
   0.3129E-01
   0.3858E-01
   0.4552E-01
   0.5204E-01
   0.5810E-01
   0.6363E-01
   0.6858E-01
   0.7291E-01
   0.7658E-01
   0.7956E-01
   0.8182E-01
   0.8334E-01
   0.8410E-01
   0.8410E-01
   0.8334E-01
   0.8182E-01
   0.7956E-01
   0.7658E-01
   0.7291E-01
   0.6858E-01
   0.6363E-01
   0.5810E-01
   0.5204E-01
   0.4552E-01
   0.3858E-01
   0.3129E-01
   0.2372E-01
   0.1593E-01
   0.8003E-02
   0.0000E+00
   0.0000E+00
   0.7276E-02
   0.1449E-01
   0.2157E-01
   0.2845E-01
   0.3508E-01
   0.4138E-01
   0.4732E-01
   0.5282E-01
   0.5785E-01
   0.6235E-01
   0.6629E-01
   0.6963E-01
   0.7234E-01
   0.7439E-01
   0.7577E-01
   0.7646E-01
   0.7646E-01
   0.7577E-01
   0.7439E-01
   0.7234E-01
   0.6963E-01
   0.6629E-01
   0.6235E-01
   0.5785E-01
   0.5282E-01
   0.4732E-01
   0.4138E-01
   0.3508E-01
   0.2845E-01
   0.2157E-01
   0.1449E-01
   0.7276E-02
   0.0000E+00
   0.0000E+00
   0.6615E-02
   0.1317E-01
   0.1961E-01
   0.2586E-01
   0.3189E-01
   0.3762E-01
   0.4302E-01
   0.4802E-01
   0.5259E-01
   0.5669E-01
   0.6027E-01
   0.6330E-01
   0.6576E-01
   0.6763E-01
   0.6888E-01
   0.6951E-01
   0.6951E-01
   0.6888E-01
   0.6763E-01
   0.6576E-01
   0.6330E-01
   0.6027E-01
   0.5669E-01
   0.5259E-01
   0.4802E-01
   0.4302E-01
   0.3762E-01
   0.3189E-01
   0.2586E-01
   0.1961E-01
   0.1317E-01
   0.6615E-02
   0.0000E+00
   0.0000E+00
   0.6014E-02
   0.1197E-01
   0.1782E-01
   0.2351E-01
   0.2899E-01
   0.3421E-01
   0.3911E-01
   0.4366E-01
   0.4782E-01
   0.5154E-01
   0.5479E-01
   0.5755E-01
   0.5979E-01
   0.6148E-01
   0.6262E-01
   0.6320E-01
   0.6320E-01
   0.6262E-01
   0.6148E-01
   0.5979E-01
   0.5755E-01
   0.5479E-01
   0.5154E-01
   0.4782E-01
   0.4366E-01
   0.3911E-01
   0.3421E-01
   0.2899E-01
   0.2351E-01
   0.1782E-01
   0.1197E-01
   0.6014E-02
   0.0000E+00
   0.0000E+00
   0.5468E-02
   0.1089E-01
   0.1621E-01
   0.2138E-01
   0.2636E-01
   0.3110E-01
   0.3556E-01
   0.3969E-01
   0.4347E-01
   0.4685E-01
   0.4981E-01
   0.5232E-01
   0.5436E-01
   0.5590E-01
   0.5693E-01
   0.5745E-01
   0.5745E-01
   0.5693E-01
   0.5590E-01
   0.5436E-01
   0.5232E-01
   0.4981E-01
   0.4685E-01
   0.4347E-01
   0.3969E-01
   0.3556E-01
   0.3110E-01
   0.2636E-01
   0.2138E-01
   0.1621E-01
   0.1089E-01
   0.5468E-02
   0.0000E+00
   0.0000E+00
   0.4971E-02
   0.9896E-02
   0.1473E-01
   0.1943E-01
   0.2396E-01
   0.2827E-01
   0.3232E-01
   0.3609E-01
   0.3952E-01
   0.4260E-01
   0.4529E-01
   0.4757E-01
   0.4942E-01
   0.5082E-01
   0.5176E-01
   0.5223E-01
   0.5223E-01
   0.5176E-01
   0.5082E-01
   0.4942E-01
   0.4757E-01
   0.4529E-01
   0.4260E-01
   0.3952E-01
   0.3609E-01
   0.3232E-01
   0.2827E-01
   0.2396E-01
   0.1943E-01
   0.1473E-01
   0.9896E-02
   0.4971E-02
   0.0000E+00
   0.0000E+00
   0.4519E-02
   0.8996E-02
   0.1339E-01
   0.1767E-01
   0.2178E-01
   0.2570E-01
   0.2939E-01
   0.3280E-01
   0.3593E-01
   0.3872E-01
   0.4117E-01
   0.4324E-01
   0.4492E-01
   0.4620E-01
   0.4705E-01
   0.4748E-01
   0.4748E-01
   0.4705E-01
   0.4620E-01
   0.4492E-01
   0.4324E-01
   0.4117E-01
   0.3872E-01
   0.3593E-01
   0.3280E-01
   0.2939E-01
   0.2570E-01
   0.2178E-01
   0.1767E-01
   0.1339E-01
   0.8996E-02
   0.4519E-02
   0.0000E+00
