   0.0000E+00
   0.4831E-01
   0.9651E-01
   0.1445E+00
   0.1921E+00
   0.2393E+00
   0.2859E+00
   0.3319E+00
   0.3771E+00
   0.4214E+00
   0.4647E+00
   0.5070E+00
   0.5480E+00
   0.5878E+00
   0.6262E+00
   0.6631E+00
   0.6985E+00
   0.7323E+00
   0.7643E+00
   0.7946E+00
   0.8230E+00
   0.8495E+00
   0.8740E+00
   0.8964E+00
   0.9168E+00
   0.9350E+00
   0.9511E+00
   0.9649E+00
   0.9764E+00
   0.9857E+00
   0.9927E+00
   0.9974E+00
   0.9997E+00
   0.9997E+00
   0.9974E+00
   0.9927E+00
   0.9857E+00
   0.9764E+00
   0.9649E+00
   0.9511E+00
   0.9350E+00
   0.9168E+00
   0.8964E+00
   0.8740E+00
   0.8495E+00
   0.8230E+00
   0.7946E+00
   0.7643E+00
   0.7323E+00
   0.6985E+00
   0.6631E+00
   0.6262E+00
   0.5878E+00
   0.5480E+00
   0.5070E+00
   0.4647E+00
   0.4214E+00
   0.3771E+00
   0.3319E+00
   0.2859E+00
   0.2393E+00
   0.1921E+00
   0.1445E+00
   0.9651E-01
   0.4831E-01
  -0.8742E-07
   0.0000E+00
   0.4601E-01
   0.9191E-01
   0.1376E+00
   0.1830E+00
   0.2279E+00
   0.2723E+00
   0.3161E+00
   0.3591E+00
   0.4013E+00
   0.4426E+00
   0.4828E+00
   0.5219E+00
   0.5598E+00
   0.5963E+00
   0.6315E+00
   0.6652E+00
   0.6974E+00
   0.7279E+00
   0.7567E+00
   0.7838E+00
   0.8090E+00
   0.8323E+00
   0.8537E+00
   0.8731E+00
   0.8905E+00
   0.9057E+00
   0.9189E+00
   0.9299E+00
   0.9387E+00
   0.9454E+00
   0.9498E+00
   0.9521E+00
   0.9521E+00
   0.9498E+00
   0.9454E+00
   0.9387E+00
   0.9299E+00
   0.9189E+00
   0.9057E+00
   0.8905E+00
   0.8731E+00
   0.8537E+00
   0.8323E+00
   0.8090E+00
   0.7838E+00
   0.7567E+00
   0.7279E+00
   0.6974E+00
   0.6652E+00
   0.6315E+00
   0.5963E+00
   0.5598E+00
   0.5219E+00
   0.4828E+00
   0.4426E+00
   0.4013E+00
   0.3591E+00
   0.3161E+00
   0.2723E+00
   0.2279E+00
   0.1830E+00
   0.1376E+00
   0.9191E-01
   0.4601E-01
   0.0000E+00
   0.0000E+00
   0.4382E-01
   0.8753E-01
   0.1310E+00
   0.1742E+00
   0.2170E+00
   0.2593E+00
   0.3010E+00
   0.3420E+00
   0.3822E+00
   0.4215E+00
   0.4598E+00
   0.4970E+00
   0.5331E+00
   0.5679E+00
   0.6014E+00
   0.6335E+00
   0.6641E+00
   0.6932E+00
   0.7206E+00
   0.7464E+00
   0.7704E+00
   0.7926E+00
   0.8130E+00
   0.8314E+00
   0.8480E+00
   0.8625E+00
   0.8751E+00
   0.8855E+00
   0.8940E+00
   0.9003E+00
   0.9045E+00
   0.9066E+00
   0.9066E+00
   0.9045E+00
   0.9003E+00
   0.8940E+00
   0.8855E+00
   0.8751E+00
   0.8625E+00
   0.8480E+00
   0.8314E+00
   0.8130E+00
   0.7926E+00
   0.7704E+00
   0.7464E+00
   0.7206E+00
   0.6932E+00
   0.6641E+00
   0.6335E+00
   0.6014E+00
   0.5679E+00
   0.5331E+00
   0.4970E+00
   0.4598E+00
   0.4215E+00
   0.3822E+00
   0.3420E+00
   0.3010E+00
   0.2593E+00
   0.2170E+00
   0.1742E+00
   0.1310E+00
   0.8753E-01
   0.4382E-01
   0.0000E+00
   0.0000E+00
   0.4172E-01
   0.8335E-01
   0.1248E+00
   0.1659E+00
   0.2067E+00
   0.2469E+00
   0.2866E+00
   0.3257E+00
   0.3639E+00
   0.4013E+00
   0.4378E+00
   0.4733E+00
   0.5076E+00
   0.5408E+00
   0.5727E+00
   0.6032E+00
   0.6324E+00
   0.6601E+00
   0.6862E+00
   0.7107E+00
   0.7336E+00
   0.7548E+00
   0.7742E+00
   0.7917E+00
   0.8075E+00
   0.8213E+00
   0.8333E+00
   0.8433E+00
   0.8513E+00
   0.8573E+00
   0.8613E+00
   0.8633E+00
   0.8633E+00
   0.8613E+00
   0.8573E+00
   0.8513E+00
   0.8433E+00
   0.8333E+00
   0.8213E+00
   0.8075E+00
   0.7917E+00
   0.7742E+00
   0.7548E+00
   0.7336E+00
   0.7107E+00
   0.6862E+00
   0.6601E+00
   0.6324E+00
   0.6032E+00
   0.5727E+00
   0.5408E+00
   0.5076E+00
   0.4733E+00
   0.4378E+00
   0.4013E+00
   0.3639E+00
   0.3257E+00
   0.2866E+00
   0.2469E+00
   0.2067E+00
   0.1659E+00
   0.1248E+00
   0.8335E-01
   0.4172E-01
   0.0000E+00
   0.0000E+00
   0.3973E-01
   0.7936E-01
   0.1188E+00
   0.1580E+00
   0.1968E+00
   0.2351E+00
   0.2729E+00
   0.3101E+00
   0.3465E+00
   0.3821E+00
   0.4169E+00
   0.4506E+00
   0.4833E+00
   0.5149E+00
   0.5453E+00
   0.5744E+00
   0.6022E+00
   0.6285E+00
   0.6534E+00
   0.6767E+00
   0.6985E+00
   0.7187E+00
   0.7371E+00
   0.7539E+00
   0.7689E+00
   0.7821E+00
   0.7934E+00
   0.8029E+00
   0.8106E+00
   0.8163E+00
   0.8201E+00
   0.8221E+00
   0.8221E+00
   0.8201E+00
   0.8163E+00
   0.8106E+00
   0.8029E+00
   0.7934E+00
   0.7821E+00
   0.7689E+00
   0.7539E+00
   0.7371E+00
   0.7187E+00
   0.6985E+00
   0.6767E+00
   0.6534E+00
   0.6285E+00
   0.6022E+00
   0.5744E+00
   0.5453E+00
   0.5149E+00
   0.4833E+00
   0.4506E+00
   0.4169E+00
   0.3821E+00
   0.3465E+00
   0.3101E+00
   0.2729E+00
   0.2351E+00
   0.1968E+00
   0.1580E+00
   0.1188E+00
   0.7936E-01
   0.3973E-01
   0.0000E+00
   0.0000E+00
   0.3783E-01
   0.7557E-01
   0.1131E+00
   0.1504E+00
   0.1874E+00
   0.2239E+00
   0.2599E+00
   0.2952E+00
   0.3299E+00
   0.3639E+00
   0.3969E+00
   0.4291E+00
   0.4602E+00
   0.4903E+00
   0.5192E+00
   0.5469E+00
   0.5733E+00
   0.5984E+00
   0.6221E+00
   0.6444E+00
   0.6651E+00
   0.6843E+00
   0.7019E+00
   0.7178E+00
   0.7321E+00
   0.7446E+00
   0.7555E+00
   0.7645E+00
   0.7718E+00
   0.7772E+00
   0.7809E+00
   0.7827E+00
   0.7827E+00
   0.7809E+00
   0.7772E+00
   0.7718E+00
   0.7645E+00
   0.7555E+00
   0.7446E+00
   0.7321E+00
   0.7178E+00
   0.7019E+00
   0.6843E+00
   0.6651E+00
   0.6444E+00
   0.6221E+00
   0.5984E+00
   0.5733E+00
   0.5469E+00
   0.5192E+00
   0.4903E+00
   0.4602E+00
   0.4291E+00
   0.3969E+00
   0.3639E+00
   0.3299E+00
   0.2952E+00
   0.2599E+00
   0.2239E+00
   0.1874E+00
   0.1504E+00
   0.1131E+00
   0.7557E-01
   0.3783E-01
   0.0000E+00
   0.0000E+00
   0.3601E-01
   0.7194E-01
   0.1077E+00
   0.1432E+00
   0.1784E+00
   0.2132E+00
   0.2474E+00
   0.2811E+00
   0.3141E+00
   0.3464E+00
   0.3779E+00
   0.4085E+00
   0.4382E+00
   0.4668E+00
   0.4943E+00
   0.5207E+00
   0.5459E+00
   0.5697E+00
   0.5923E+00
   0.6135E+00
   0.6332E+00
   0.6515E+00
   0.6682E+00
   0.6834E+00
   0.6970E+00
   0.7090E+00
   0.7193E+00
   0.7279E+00
   0.7348E+00
   0.7400E+00
   0.7435E+00
   0.7452E+00
   0.7452E+00
   0.7435E+00
   0.7400E+00
   0.7348E+00
   0.7279E+00
   0.7193E+00
   0.7090E+00
   0.6970E+00
   0.6834E+00
   0.6682E+00
   0.6515E+00
   0.6332E+00
   0.6135E+00
   0.5923E+00
   0.5697E+00
   0.5459E+00
   0.5207E+00
   0.4943E+00
   0.4668E+00
   0.4382E+00
   0.4085E+00
   0.3779E+00
   0.3464E+00
   0.3141E+00
   0.2811E+00
   0.2474E+00
   0.2132E+00
   0.1784E+00
   0.1432E+00
   0.1077E+00
   0.7194E-01
   0.3601E-01
   0.0000E+00
   0.0000E+00
   0.3429E-01
   0.6849E-01
   0.1025E+00
   0.1363E+00
   0.1698E+00
   0.2029E+00
   0.2355E+00
   0.2676E+00
   0.2991E+00
   0.3298E+00
   0.3598E+00
   0.3889E+00
   0.4171E+00
   0.4444E+00
   0.4706E+00
   0.4957E+00
   0.5197E+00
   0.5424E+00
   0.5639E+00
   0.5840E+00
   0.6028E+00
   0.6202E+00
   0.6362E+00
   0.6506E+00
   0.6636E+00
   0.6749E+00
   0.6847E+00
   0.6930E+00
   0.6995E+00
   0.7045E+00
   0.7078E+00
   0.7095E+00
   0.7095E+00
   0.7078E+00
   0.7045E+00
   0.6995E+00
   0.6930E+00
   0.6847E+00
   0.6749E+00
   0.6636E+00
   0.6506E+00
   0.6362E+00
   0.6202E+00
   0.6028E+00
   0.5840E+00
   0.5639E+00
   0.5424E+00
   0.5197E+00
   0.4957E+00
   0.4706E+00
   0.4444E+00
   0.4171E+00
   0.3889E+00
   0.3598E+00
   0.3298E+00
   0.2991E+00
   0.2676E+00
   0.2355E+00
   0.2029E+00
   0.1698E+00
   0.1363E+00
   0.1025E+00
   0.6849E-01
   0.3429E-01
   0.0000E+00
   0.0000E+00
   0.3264E-01
   0.6520E-01
   0.9761E-01
   0.1298E+00
   0.1617E+00
   0.1932E+00
   0.2242E+00
   0.2548E+00
   0.2847E+00
   0.3140E+00
   0.3425E+00
   0.3702E+00
   0.3971E+00
   0.4230E+00
   0.4480E+00
   0.4719E+00
   0.4947E+00
   0.5164E+00
   0.5368E+00
   0.5560E+00
   0.5739E+00
   0.5904E+00
   0.6056E+00
   0.6194E+00
   0.6317E+00
   0.6425E+00
   0.6519E+00
   0.6597E+00
   0.6659E+00
   0.6707E+00
   0.6738E+00
   0.6754E+00
   0.6754E+00
   0.6738E+00
   0.6707E+00
   0.6659E+00
   0.6597E+00
   0.6519E+00
   0.6425E+00
   0.6317E+00
   0.6194E+00
   0.6056E+00
   0.5904E+00
   0.5739E+00
   0.5560E+00
   0.5368E+00
   0.5164E+00
   0.4947E+00
   0.4719E+00
   0.4480E+00
   0.4230E+00
   0.3971E+00
   0.3702E+00
   0.3425E+00
   0.3140E+00
   0.2847E+00
   0.2548E+00
   0.2242E+00
   0.1932E+00
   0.1617E+00
   0.1298E+00
   0.9761E-01
   0.6520E-01
   0.3264E-01
   0.0000E+00
   0.0000E+00
   0.3107E-01
   0.6207E-01
   0.9292E-01
   0.1236E+00
   0.1539E+00
   0.1839E+00
   0.2134E+00
   0.2425E+00
   0.2710E+00
   0.2989E+00
   0.3260E+00
   0.3524E+00
   0.3780E+00
   0.4027E+00
   0.4264E+00
   0.4492E+00
   0.4709E+00
   0.4915E+00
   0.5110E+00
   0.5293E+00
   0.5463E+00
   0.5620E+00
   0.5765E+00
   0.5896E+00
   0.6013E+00
   0.6116E+00
   0.6205E+00
   0.6279E+00
   0.6339E+00
   0.6384E+00
   0.6414E+00
   0.6429E+00
   0.6429E+00
   0.6414E+00
   0.6384E+00
   0.6339E+00
   0.6279E+00
   0.6205E+00
   0.6116E+00
   0.6013E+00
   0.5896E+00
   0.5765E+00
   0.5620E+00
   0.5463E+00
   0.5293E+00
   0.5110E+00
   0.4915E+00
   0.4709E+00
   0.4492E+00
   0.4264E+00
   0.4027E+00
   0.3780E+00
   0.3524E+00
   0.3260E+00
   0.2989E+00
   0.2710E+00
   0.2425E+00
   0.2134E+00
   0.1839E+00
   0.1539E+00
   0.1236E+00
   0.9292E-01
   0.6207E-01
   0.3107E-01
   0.0000E+00
   0.0000E+00
   0.2957E-01
   0.5908E-01
   0.8844E-01
   0.1176E+00
   0.1465E+00
   0.1750E+00
   0.2032E+00
   0.2308E+00
   0.2579E+00
   0.2845E+00
   0.3103E+00
   0.3354E+00
   0.3598E+00
   0.3833E+00
   0.4059E+00
   0.4276E+00
   0.4482E+00
   0.4679E+00
   0.4864E+00
   0.5038E+00
   0.5200E+00
   0.5350E+00
   0.5487E+00
   0.5612E+00
   0.5723E+00
   0.5822E+00
   0.5906E+00
   0.5977E+00
   0.6034E+00
   0.6077E+00
   0.6105E+00
   0.6119E+00
   0.6119E+00
   0.6105E+00
   0.6077E+00
   0.6034E+00
   0.5977E+00
   0.5906E+00
   0.5822E+00
   0.5723E+00
   0.5612E+00
   0.5487E+00
   0.5350E+00
   0.5200E+00
   0.5038E+00
   0.4864E+00
   0.4679E+00
   0.4482E+00
   0.4276E+00
   0.4059E+00
   0.3833E+00
   0.3598E+00
   0.3354E+00
   0.3103E+00
   0.2845E+00
   0.2579E+00
   0.2308E+00
   0.2032E+00
   0.1750E+00
   0.1465E+00
   0.1176E+00
   0.8844E-01
   0.5908E-01
   0.2957E-01
   0.0000E+00
   0.0000E+00
   0.2815E-01
   0.5623E-01
   0.8418E-01
   0.1119E+00
   0.1394E+00
   0.1666E+00
   0.1934E+00
   0.2197E+00
   0.2455E+00
   0.2707E+00
   0.2954E+00
   0.3193E+00
   0.3424E+00
   0.3648E+00
   0.3863E+00
   0.4070E+00
   0.4266E+00
   0.4453E+00
   0.4629E+00
   0.4795E+00
   0.4949E+00
   0.5092E+00
   0.5223E+00
   0.5341E+00
   0.5447E+00
   0.5541E+00
   0.5621E+00
   0.5689E+00
   0.5743E+00
   0.5783E+00
   0.5811E+00
   0.5824E+00
   0.5824E+00
   0.5811E+00
   0.5783E+00
   0.5743E+00
   0.5689E+00
   0.5621E+00
   0.5541E+00
   0.5447E+00
   0.5341E+00
   0.5223E+00
   0.5092E+00
   0.4949E+00
   0.4795E+00
   0.4629E+00
   0.4453E+00
   0.4266E+00
   0.4070E+00
   0.3863E+00
   0.3648E+00
   0.3424E+00
   0.3193E+00
   0.2954E+00
   0.2707E+00
   0.2455E+00
   0.2197E+00
   0.1934E+00
   0.1666E+00
   0.1394E+00
   0.1119E+00
   0.8418E-01
   0.5623E-01
   0.2815E-01
   0.0000E+00
   0.0000E+00
   0.2679E-01
   0.5351E-01
   0.8011E-01
   0.1065E+00
   0.1327E+00
   0.1585E+00
   0.1840E+00
   0.2091E+00
   0.2337E+00
   0.2577E+00
   0.2811E+00
   0.3039E+00
   0.3259E+00
   0.3472E+00
   0.3677E+00
   0.3873E+00
   0.4060E+00
   0.4238E+00
   0.4406E+00
   0.4563E+00
   0.4710E+00
   0.4846E+00
   0.4970E+00
   0.5083E+00
   0.5184E+00
   0.5273E+00
   0.5350E+00
   0.5414E+00
   0.5465E+00
   0.5504E+00
   0.5530E+00
   0.5543E+00
   0.5543E+00
   0.5530E+00
   0.5504E+00
   0.5465E+00
   0.5414E+00
   0.5350E+00
   0.5273E+00
   0.5184E+00
   0.5083E+00
   0.4970E+00
   0.4846E+00
   0.4710E+00
   0.4563E+00
   0.4406E+00
   0.4238E+00
   0.4060E+00
   0.3873E+00
   0.3677E+00
   0.3472E+00
   0.3259E+00
   0.3039E+00
   0.2811E+00
   0.2577E+00
   0.2337E+00
   0.2091E+00
   0.1840E+00
   0.1585E+00
   0.1327E+00
   0.1065E+00
   0.8011E-01
   0.5351E-01
   0.2679E-01
   0.0000E+00
   0.0000E+00
   0.2549E-01
   0.5093E-01
   0.7624E-01
   0.1014E+00
   0.1263E+00
   0.1509E+00
   0.1751E+00
   0.1990E+00
   0.2224E+00
   0.2452E+00
   0.2675E+00
   0.2892E+00
   0.3101E+00
   0.3304E+00
   0.3499E+00
   0.3686E+00
   0.3864E+00
   0.4033E+00
   0.4193E+00
   0.4342E+00
   0.4482E+00
   0.4611E+00
   0.4730E+00
   0.4837E+00
   0.4934E+00
   0.5018E+00
   0.5091E+00
   0.5152E+00
   0.5201E+00
   0.5238E+00
   0.5263E+00
   0.5275E+00
   0.5275E+00
   0.5263E+00
   0.5238E+00
   0.5201E+00
   0.5152E+00
   0.5091E+00
   0.5018E+00
   0.4934E+00
   0.4837E+00
   0.4730E+00
   0.4611E+00
   0.4482E+00
   0.4342E+00
   0.4193E+00
   0.4033E+00
   0.3864E+00
   0.3686E+00
   0.3499E+00
   0.3304E+00
   0.3101E+00
   0.2892E+00
   0.2675E+00
   0.2452E+00
   0.2224E+00
   0.1990E+00
   0.1751E+00
   0.1509E+00
   0.1263E+00
   0.1014E+00
   0.7624E-01
   0.5093E-01
   0.2549E-01
   0.0000E+00
   0.0000E+00
   0.2426E-01
   0.4846E-01
   0.7255E-01
   0.9647E-01
   0.1202E+00
   0.1436E+00
   0.1666E+00
   0.1893E+00
   0.2116E+00
   0.2333E+00
   0.2545E+00
   0.2752E+00
   0.2951E+00
   0.3144E+00
   0.3329E+00
   0.3507E+00
   0.3677E+00
   0.3838E+00
   0.3990E+00
   0.4132E+00
   0.4265E+00
   0.4388E+00
   0.4501E+00
   0.4603E+00
   0.4695E+00
   0.4775E+00
   0.4845E+00
   0.4903E+00
   0.4949E+00
   0.4984E+00
   0.5008E+00
   0.5019E+00
   0.5019E+00
   0.5008E+00
   0.4984E+00
   0.4949E+00
   0.4903E+00
   0.4845E+00
   0.4775E+00
   0.4695E+00
   0.4603E+00
   0.4501E+00
   0.4388E+00
   0.4265E+00
   0.4132E+00
   0.3990E+00
   0.3838E+00
   0.3677E+00
   0.3507E+00
   0.3329E+00
   0.3144E+00
   0.2951E+00
   0.2752E+00
   0.2545E+00
   0.2333E+00
   0.2116E+00
   0.1893E+00
   0.1666E+00
   0.1436E+00
   0.1202E+00
   0.9647E-01
   0.7255E-01
   0.4846E-01
   0.2426E-01
   0.0000E+00
   0.0000E+00
   0.2308E-01
   0.4611E-01
   0.6903E-01
   0.9179E-01
   0.1143E+00
   0.1366E+00
   0.1586E+00
   0.1802E+00
   0.2013E+00
   0.2220E+00
   0.2422E+00
   0.2618E+00
   0.2808E+00
   0.2992E+00
   0.3168E+00
   0.3337E+00
   0.3498E+00
   0.3651E+00
   0.3796E+00
   0.3932E+00
   0.4058E+00
   0.4175E+00
   0.4283E+00
   0.4380E+00
   0.4467E+00
   0.4544E+00
   0.4610E+00
   0.4665E+00
   0.4709E+00
   0.4743E+00
   0.4765E+00
   0.4776E+00
   0.4776E+00
   0.4765E+00
   0.4743E+00
   0.4709E+00
   0.4665E+00
   0.4610E+00
   0.4544E+00
   0.4467E+00
   0.4380E+00
   0.4283E+00
   0.4175E+00
   0.4058E+00
   0.3932E+00
   0.3796E+00
   0.3651E+00
   0.3498E+00
   0.3337E+00
   0.3168E+00
   0.2992E+00
   0.2808E+00
   0.2618E+00
   0.2422E+00
   0.2220E+00
   0.2013E+00
   0.1802E+00
   0.1586E+00
   0.1366E+00
   0.1143E+00
   0.9179E-01
   0.6903E-01
   0.4611E-01
   0.2308E-01
   0.0000E+00
   0.0000E+00
   0.2196E-01
   0.4387E-01
   0.6568E-01
   0.8733E-01
   0.1088E+00
   0.1300E+00
   0.1509E+00
   0.1714E+00
   0.1915E+00
   0.2112E+00
   0.2304E+00
   0.2491E+00
   0.2672E+00
   0.2846E+00
   0.3014E+00
   0.3175E+00
   0.3328E+00
   0.3474E+00
   0.3612E+00
   0.3741E+00
   0.3861E+00
   0.3973E+00
   0.4075E+00
   0.4167E+00
   0.4250E+00
   0.4323E+00
   0.4386E+00
   0.4438E+00
   0.4480E+00
   0.4512E+00
   0.4533E+00
   0.4544E+00
   0.4544E+00
   0.4533E+00
   0.4512E+00
   0.4480E+00
   0.4438E+00
   0.4386E+00
   0.4323E+00
   0.4250E+00
   0.4167E+00
   0.4075E+00
   0.3973E+00
   0.3861E+00
   0.3741E+00
   0.3612E+00
   0.3474E+00
   0.3328E+00
   0.3175E+00
   0.3014E+00
   0.2846E+00
   0.2672E+00
   0.2491E+00
   0.2304E+00
   0.2112E+00
   0.1915E+00
   0.1714E+00
   0.1509E+00
   0.1300E+00
   0.1088E+00
   0.8733E-01
   0.6568E-01
   0.4387E-01
   0.2196E-01
   0.0000E+00
   0.0000E+00
   0.2089E-01
   0.4174E-01
   0.6248E-01
   0.8308E-01
   0.1035E+00
   0.1237E+00
   0.1435E+00
   0.1631E+00
   0.1822E+00
   0.2010E+00
   0.2192E+00
   0.2370E+00
   0.2542E+00
   0.2708E+00
   0.2868E+00
   0.3021E+00
   0.3167E+00
   0.3305E+00
   0.3436E+00
   0.3559E+00
   0.3673E+00
   0.3779E+00
   0.3876E+00
   0.3964E+00
   0.4043E+00
   0.4113E+00
   0.4172E+00
   0.4222E+00
   0.4263E+00
   0.4293E+00
   0.4313E+00
   0.4323E+00
   0.4323E+00
   0.4313E+00
   0.4293E+00
   0.4263E+00
   0.4222E+00
   0.4172E+00
   0.4113E+00
   0.4043E+00
   0.3964E+00
   0.3876E+00
   0.3779E+00
   0.3673E+00
   0.3559E+00
   0.3436E+00
   0.3305E+00
   0.3167E+00
   0.3021E+00
   0.2868E+00
   0.2708E+00
   0.2542E+00
   0.2370E+00
   0.2192E+00
   0.2010E+00
   0.1822E+00
   0.1631E+00
   0.1435E+00
   0.1237E+00
   0.1035E+00
   0.8308E-01
   0.6248E-01
   0.4174E-01
   0.2089E-01
   0.0000E+00
   0.0000E+00
   0.1987E-01
   0.3970E-01
   0.5944E-01
   0.7903E-01
   0.9845E-01
   0.1176E+00
   0.1365E+00
   0.1551E+00
   0.1733E+00
   0.1912E+00
   0.2085E+00
   0.2254E+00
   0.2418E+00
   0.2576E+00
   0.2728E+00
   0.2873E+00
   0.3012E+00
   0.3144E+00
   0.3269E+00
   0.3385E+00
   0.3494E+00
   0.3595E+00
   0.3688E+00
   0.3771E+00
   0.3846E+00
   0.3912E+00
   0.3969E+00
   0.4017E+00
   0.4055E+00
   0.4084E+00
   0.4103E+00
   0.4112E+00
   0.4112E+00
   0.4103E+00
   0.4084E+00
   0.4055E+00
   0.4017E+00
   0.3969E+00
   0.3912E+00
   0.3846E+00
   0.3771E+00
   0.3688E+00
   0.3595E+00
   0.3494E+00
   0.3385E+00
   0.3269E+00
   0.3144E+00
   0.3012E+00
   0.2873E+00
   0.2728E+00
   0.2576E+00
   0.2418E+00
   0.2254E+00
   0.2085E+00
   0.1912E+00
   0.1733E+00
   0.1551E+00
   0.1365E+00
   0.1176E+00
   0.9845E-01
   0.7903E-01
   0.5944E-01
   0.3970E-01
   0.1987E-01
   0.0000E+00
   0.0000E+00
   0.1890E-01
   0.3777E-01
   0.5654E-01
   0.7518E-01
   0.9364E-01
   0.1119E+00
   0.1299E+00
   0.1476E+00
   0.1649E+00
   0.1818E+00
   0.1984E+00
   0.2144E+00
   0.2300E+00
   0.2450E+00
   0.2595E+00
   0.2733E+00
   0.2865E+00
   0.2991E+00
   0.3109E+00
   0.3220E+00
   0.3324E+00
   0.3420E+00
   0.3508E+00
   0.3587E+00
   0.3659E+00
   0.3721E+00
   0.3775E+00
   0.3821E+00
   0.3857E+00
   0.3884E+00
   0.3903E+00
   0.3912E+00
   0.3912E+00
   0.3903E+00
   0.3884E+00
   0.3857E+00
   0.3821E+00
   0.3775E+00
   0.3721E+00
   0.3659E+00
   0.3587E+00
   0.3508E+00
   0.3420E+00
   0.3324E+00
   0.3220E+00
   0.3109E+00
   0.2991E+00
   0.2865E+00
   0.2733E+00
   0.2595E+00
   0.2450E+00
   0.2300E+00
   0.2144E+00
   0.1984E+00
   0.1818E+00
   0.1649E+00
   0.1476E+00
   0.1299E+00
   0.1119E+00
   0.9364E-01
   0.7518E-01
   0.5654E-01
   0.3777E-01
   0.1890E-01
   0.0000E+00
   0.0000E+00
   0.1798E-01
   0.3592E-01
   0.5378E-01
   0.7150E-01
   0.8907E-01
   0.1064E+00
   0.1235E+00
   0.1403E+00
   0.1568E+00
   0.1730E+00
   0.1887E+00
   0.2040E+00
   0.2188E+00
   0.2331E+00
   0.2468E+00
   0.2600E+00
   0.2725E+00
   0.2845E+00
   0.2957E+00
   0.3063E+00
   0.3162E+00
   0.3253E+00
   0.3336E+00
   0.3412E+00
   0.3480E+00
   0.3540E+00
   0.3591E+00
   0.3634E+00
   0.3669E+00
   0.3695E+00
   0.3712E+00
   0.3721E+00
   0.3721E+00
   0.3712E+00
   0.3695E+00
   0.3669E+00
   0.3634E+00
   0.3591E+00
   0.3540E+00
   0.3480E+00
   0.3412E+00
   0.3336E+00
   0.3253E+00
   0.3162E+00
   0.3063E+00
   0.2957E+00
   0.2845E+00
   0.2725E+00
   0.2600E+00
   0.2468E+00
   0.2331E+00
   0.2188E+00
   0.2040E+00
   0.1887E+00
   0.1730E+00
   0.1568E+00
   0.1403E+00
   0.1235E+00
   0.1064E+00
   0.8907E-01
   0.7150E-01
   0.5378E-01
   0.3592E-01
   0.1798E-01
   0.0000E+00
   0.0000E+00
   0.1710E-01
   0.3416E-01
   0.5114E-01
   0.6801E-01
   0.8471E-01
   0.1012E+00
   0.1175E+00
   0.1335E+00
   0.1492E+00
   0.1645E+00
   0.1794E+00
   0.1940E+00
   0.2081E+00
   0.2216E+00
   0.2347E+00
   0.2472E+00
   0.2592E+00
   0.2705E+00
   0.2813E+00
   0.2913E+00
   0.3007E+00
   0.3094E+00
   0.3173E+00
   0.3245E+00
   0.3310E+00
   0.3366E+00
   0.3415E+00
   0.3456E+00
   0.3489E+00
   0.3514E+00
   0.3530E+00
   0.3539E+00
   0.3539E+00
   0.3530E+00
   0.3514E+00
   0.3489E+00
   0.3456E+00
   0.3415E+00
   0.3366E+00
   0.3310E+00
   0.3245E+00
   0.3173E+00
   0.3094E+00
   0.3007E+00
   0.2913E+00
   0.2813E+00
   0.2705E+00
   0.2592E+00
   0.2472E+00
   0.2347E+00
   0.2216E+00
   0.2081E+00
   0.1940E+00
   0.1794E+00
   0.1645E+00
   0.1492E+00
   0.1335E+00
   0.1175E+00
   0.1012E+00
   0.8471E-01
   0.6801E-01
   0.5114E-01
   0.3416E-01
   0.1710E-01
   0.0000E+00
   0.0000E+00
   0.1626E-01
   0.3249E-01
   0.4864E-01
   0.6467E-01
   0.8056E-01
   0.9626E-01
   0.1117E+00
   0.1269E+00
   0.1419E+00
   0.1564E+00
   0.1707E+00
   0.1845E+00
   0.1979E+00
   0.2108E+00
   0.2232E+00
   0.2351E+00
   0.2465E+00
   0.2573E+00
   0.2675E+00
   0.2770E+00
   0.2859E+00
   0.2942E+00
   0.3018E+00
   0.3086E+00
   0.3147E+00
   0.3201E+00
   0.3248E+00
   0.3287E+00
   0.3318E+00
   0.3342E+00
   0.3357E+00
   0.3365E+00
   0.3365E+00
   0.3357E+00
   0.3342E+00
   0.3318E+00
   0.3287E+00
   0.3248E+00
   0.3201E+00
   0.3147E+00
   0.3086E+00
   0.3018E+00
   0.2942E+00
   0.2859E+00
   0.2770E+00
   0.2675E+00
   0.2573E+00
   0.2465E+00
   0.2351E+00
   0.2232E+00
   0.2108E+00
   0.1979E+00
   0.1845E+00
   0.1707E+00
   0.1564E+00
   0.1419E+00
   0.1269E+00
   0.1117E+00
   0.9626E-01
   0.8056E-01
   0.6467E-01
   0.4864E-01
   0.3249E-01
   0.1626E-01
   0.0000E+00
   0.0000E+00
   0.1547E-01
   0.3089E-01
   0.4625E-01
   0.6150E-01
   0.7661E-01
   0.9153E-01
   0.1062E+00
   0.1207E+00
   0.1349E+00
   0.1488E+00
   0.1623E+00
   0.1754E+00
   0.1882E+00
   0.2004E+00
   0.2123E+00
   0.2236E+00
   0.2344E+00
   0.2447E+00
   0.2543E+00
   0.2634E+00
   0.2719E+00
   0.2798E+00
   0.2870E+00
   0.2935E+00
   0.2993E+00
   0.3044E+00
   0.3089E+00
   0.3126E+00
   0.3155E+00
   0.3178E+00
   0.3193E+00
   0.3200E+00
   0.3200E+00
   0.3193E+00
   0.3178E+00
   0.3155E+00
   0.3126E+00
   0.3089E+00
   0.3044E+00
   0.2993E+00
   0.2935E+00
   0.2870E+00
   0.2798E+00
   0.2719E+00
   0.2634E+00
   0.2543E+00
   0.2447E+00
   0.2344E+00
   0.2236E+00
   0.2123E+00
   0.2004E+00
   0.1882E+00
   0.1754E+00
   0.1623E+00
   0.1488E+00
   0.1349E+00
   0.1207E+00
   0.1062E+00
   0.9153E-01
   0.7661E-01
   0.6150E-01
   0.4625E-01
   0.3089E-01
   0.1547E-01
   0.0000E+00
   0.0000E+00
   0.1471E-01
   0.2938E-01
   0.4398E-01
   0.5848E-01
   0.7284E-01
   0.8704E-01
   0.1010E+00
   0.1148E+00
   0.1283E+00
   0.1415E+00
   0.1543E+00
   0.1668E+00
   0.1789E+00
   0.1906E+00
   0.2018E+00
   0.2126E+00
   0.2229E+00
   0.2326E+00
   0.2419E+00
   0.2505E+00
   0.2586E+00
   0.2660E+00
   0.2729E+00
   0.2791E+00
   0.2846E+00
   0.2895E+00
   0.2937E+00
   0.2972E+00
   0.3000E+00
   0.3022E+00
   0.3036E+00
   0.3043E+00
   0.3043E+00
   0.3036E+00
   0.3022E+00
   0.3000E+00
   0.2972E+00
   0.2937E+00
   0.2895E+00
   0.2846E+00
   0.2791E+00
   0.2729E+00
   0.2660E+00
   0.2586E+00
   0.2505E+00
   0.2419E+00
   0.2326E+00
   0.2229E+00
   0.2126E+00
   0.2018E+00
   0.1906E+00
   0.1789E+00
   0.1668E+00
   0.1543E+00
   0.1415E+00
   0.1283E+00
   0.1148E+00
   0.1010E+00
   0.8704E-01
   0.7284E-01
   0.5848E-01
   0.4398E-01
   0.2938E-01
   0.1471E-01
   0.0000E+00
   0.0000E+00
   0.1398E-01
   0.2793E-01
   0.4182E-01
   0.5560E-01
   0.6926E-01
   0.8276E-01
   0.9606E-01
   0.1091E+00
   0.1220E+00
   0.1345E+00
   0.1467E+00
   0.1586E+00
   0.1701E+00
   0.1812E+00
   0.1919E+00
   0.2022E+00
   0.2119E+00
   0.2212E+00
   0.2300E+00
   0.2382E+00
   0.2458E+00
   0.2529E+00
   0.2594E+00
   0.2653E+00
   0.2706E+00
   0.2752E+00
   0.2792E+00
   0.2826E+00
   0.2853E+00
   0.2873E+00
   0.2886E+00
   0.2893E+00
   0.2893E+00
   0.2886E+00
   0.2873E+00
   0.2853E+00
   0.2826E+00
   0.2792E+00
   0.2752E+00
   0.2706E+00
   0.2653E+00
   0.2594E+00
   0.2529E+00
   0.2458E+00
   0.2382E+00
   0.2300E+00
   0.2212E+00
   0.2119E+00
   0.2022E+00
   0.1919E+00
   0.1812E+00
   0.1701E+00
   0.1586E+00
   0.1467E+00
   0.1345E+00
   0.1220E+00
   0.1091E+00
   0.9606E-01
   0.8276E-01
   0.6926E-01
   0.5560E-01
   0.4182E-01
   0.2793E-01
   0.1398E-01
   0.0000E+00
   0.0000E+00
   0.1329E-01
   0.2656E-01
   0.3976E-01
   0.5287E-01
   0.6585E-01
   0.7868E-01
   0.9133E-01
   0.1038E+00
   0.1160E+00
   0.1279E+00
   0.1395E+00
   0.1508E+00
   0.1617E+00
   0.1723E+00
   0.1825E+00
   0.1922E+00
   0.2015E+00
   0.2103E+00
   0.2186E+00
   0.2265E+00
   0.2337E+00
   0.2405E+00
   0.2467E+00
   0.2523E+00
   0.2573E+00
   0.2617E+00
   0.2655E+00
   0.2687E+00
   0.2712E+00
   0.2732E+00
   0.2744E+00
   0.2751E+00
   0.2751E+00
   0.2744E+00
   0.2732E+00
   0.2712E+00
   0.2687E+00
   0.2655E+00
   0.2617E+00
   0.2573E+00
   0.2523E+00
   0.2467E+00
   0.2405E+00
   0.2337E+00
   0.2265E+00
   0.2186E+00
   0.2103E+00
   0.2015E+00
   0.1922E+00
   0.1825E+00
   0.1723E+00
   0.1617E+00
   0.1508E+00
   0.1395E+00
   0.1279E+00
   0.1160E+00
   0.1038E+00
   0.9133E-01
   0.7868E-01
   0.6585E-01
   0.5287E-01
   0.3976E-01
   0.2656E-01
   0.1329E-01
   0.0000E+00
   0.0000E+00
   0.1264E-01
   0.2525E-01
   0.3780E-01
   0.5026E-01
   0.6260E-01
   0.7480E-01
   0.8682E-01
   0.9865E-01
   0.1102E+00
   0.1216E+00
   0.1326E+00
   0.1434E+00
   0.1538E+00
   0.1638E+00
   0.1735E+00
   0.1827E+00
   0.1916E+00
   0.1999E+00
   0.2079E+00
   0.2153E+00
   0.2222E+00
   0.2286E+00
   0.2345E+00
   0.2398E+00
   0.2446E+00
   0.2488E+00
   0.2524E+00
   0.2554E+00
   0.2579E+00
   0.2597E+00
   0.2609E+00
   0.2615E+00
   0.2615E+00
   0.2609E+00
   0.2597E+00
   0.2579E+00
   0.2554E+00
   0.2524E+00
   0.2488E+00
   0.2446E+00
   0.2398E+00
   0.2345E+00
   0.2286E+00
   0.2222E+00
   0.2153E+00
   0.2079E+00
   0.1999E+00
   0.1916E+00
   0.1827E+00
   0.1735E+00
   0.1638E+00
   0.1538E+00
   0.1434E+00
   0.1326E+00
   0.1216E+00
   0.1102E+00
   0.9865E-01
   0.8682E-01
   0.7480E-01
   0.6260E-01
   0.5026E-01
   0.3780E-01
   0.2525E-01
   0.1264E-01
   0.0000E+00
   0.0000E+00
   0.1201E-01
   0.2400E-01
   0.3593E-01
   0.4778E-01
   0.5951E-01
   0.7111E-01
   0.8254E-01
   0.9378E-01
   0.1048E+00
   0.1156E+00
   0.1261E+00
   0.1363E+00
   0.1462E+00
   0.1557E+00
   0.1649E+00
   0.1737E+00
   0.1821E+00
   0.1901E+00
   0.1976E+00
   0.2047E+00
   0.2113E+00
   0.2173E+00
   0.2229E+00
   0.2280E+00
   0.2325E+00
   0.2365E+00
   0.2400E+00
   0.2428E+00
   0.2451E+00
   0.2469E+00
   0.2480E+00
   0.2486E+00
   0.2486E+00
   0.2480E+00
   0.2469E+00
   0.2451E+00
   0.2428E+00
   0.2400E+00
   0.2365E+00
   0.2325E+00
   0.2280E+00
   0.2229E+00
   0.2173E+00
   0.2113E+00
   0.2047E+00
   0.1976E+00
   0.1901E+00
   0.1821E+00
   0.1737E+00
   0.1649E+00
   0.1557E+00
   0.1462E+00
   0.1363E+00
   0.1261E+00
   0.1156E+00
   0.1048E+00
   0.9378E-01
   0.8254E-01
   0.7111E-01
   0.5951E-01
   0.4778E-01
   0.3593E-01
   0.2400E-01
   0.1201E-01
   0.0000E+00
   0.0000E+00
   0.1142E-01
   0.2282E-01
   0.3416E-01
   0.4542E-01
   0.5658E-01
   0.6760E-01
   0.7846E-01
   0.8915E-01
   0.9962E-01
   0.1099E+00
   0.1198E+00
   0.1296E+00
   0.1390E+00
   0.1480E+00
   0.1568E+00
   0.1651E+00
   0.1731E+00
   0.1807E+00
   0.1878E+00
   0.1946E+00
   0.2008E+00
   0.2066E+00
   0.2119E+00
   0.2167E+00
   0.2210E+00
   0.2248E+00
   0.2281E+00
   0.2308E+00
   0.2330E+00
   0.2347E+00
   0.2358E+00
   0.2363E+00
   0.2363E+00
   0.2358E+00
   0.2347E+00
   0.2330E+00
   0.2308E+00
   0.2281E+00
   0.2248E+00
   0.2210E+00
   0.2167E+00
   0.2119E+00
   0.2066E+00
   0.2008E+00
   0.1946E+00
   0.1878E+00
   0.1807E+00
   0.1731E+00
   0.1651E+00
   0.1568E+00
   0.1480E+00
   0.1390E+00
   0.1296E+00
   0.1198E+00
   0.1099E+00
   0.9962E-01
   0.8915E-01
   0.7846E-01
   0.6760E-01
   0.5658E-01
   0.4542E-01
   0.3416E-01
   0.2282E-01
   0.1142E-01
   0.0000E+00
   0.0000E+00
   0.1086E-01
   0.2169E-01
   0.3247E-01
   0.4317E-01
   0.5378E-01
   0.6426E-01
   0.7459E-01
   0.8474E-01
   0.9470E-01
   0.1044E+00
   0.1139E+00
   0.1231E+00
   0.1321E+00
   0.1407E+00
   0.1490E+00
   0.1570E+00
   0.1646E+00
   0.1718E+00
   0.1786E+00
   0.1849E+00
   0.1909E+00
   0.1964E+00
   0.2014E+00
   0.2060E+00
   0.2101E+00
   0.2137E+00
   0.2168E+00
   0.2194E+00
   0.2215E+00
   0.2231E+00
   0.2241E+00
   0.2247E+00
   0.2247E+00
   0.2241E+00
   0.2231E+00
   0.2215E+00
   0.2194E+00
   0.2168E+00
   0.2137E+00
   0.2101E+00
   0.2060E+00
   0.2014E+00
   0.1964E+00
   0.1909E+00
   0.1849E+00
   0.1786E+00
   0.1718E+00
   0.1646E+00
   0.1570E+00
   0.1490E+00
   0.1407E+00
   0.1321E+00
   0.1231E+00
   0.1139E+00
   0.1044E+00
   0.9470E-01
   0.8474E-01
   0.7459E-01
   0.6426E-01
   0.5378E-01
   0.4317E-01
   0.3247E-01
   0.2169E-01
   0.1086E-01
   0.0000E+00
   0.0000E+00
   0.1032E-01
   0.2062E-01
   0.3086E-01
   0.4104E-01
   0.5112E-01
   0.6108E-01
   0.7090E-01
   0.8055E-01
   0.9001E-01
   0.9927E-01
   0.1083E+00
   0.1171E+00
   0.1256E+00
   0.1338E+00
   0.1416E+00
   0.1492E+00
   0.1564E+00
   0.1633E+00
   0.1697E+00
   0.1758E+00
   0.1815E+00
   0.1867E+00
   0.1915E+00
   0.1958E+00
   0.1997E+00
   0.2032E+00
   0.2061E+00
   0.2086E+00
   0.2106E+00
   0.2121E+00
   0.2130E+00
   0.2135E+00
   0.2135E+00
   0.2130E+00
   0.2121E+00
   0.2106E+00
   0.2086E+00
   0.2061E+00
   0.2032E+00
   0.1997E+00
   0.1958E+00
   0.1915E+00
   0.1867E+00
   0.1815E+00
   0.1758E+00
   0.1697E+00
   0.1633E+00
   0.1564E+00
   0.1492E+00
   0.1416E+00
   0.1338E+00
   0.1256E+00
   0.1171E+00
   0.1083E+00
   0.9927E-01
   0.9001E-01
   0.8055E-01
   0.7090E-01
   0.6108E-01
   0.5112E-01
   0.4104E-01
   0.3086E-01
   0.2062E-01
   0.1032E-01
   0.0000E+00
   0.0000E+00
   0.9810E-02
   0.1960E-01
   0.2934E-01
   0.3901E-01
   0.4859E-01
   0.5806E-01
   0.6739E-01
   0.7657E-01
   0.8556E-01
   0.9436E-01
   0.1029E+00
   0.1113E+00
   0.1193E+00
   0.1271E+00
   0.1346E+00
   0.1418E+00
   0.1487E+00
   0.1552E+00
   0.1613E+00
   0.1671E+00
   0.1725E+00
   0.1775E+00
   0.1820E+00
   0.1861E+00
   0.1898E+00
   0.1931E+00
   0.1959E+00
   0.1983E+00
   0.2001E+00
   0.2016E+00
   0.2025E+00
   0.2030E+00
   0.2030E+00
   0.2025E+00
   0.2016E+00
   0.2001E+00
   0.1983E+00
   0.1959E+00
   0.1931E+00
   0.1898E+00
   0.1861E+00
   0.1820E+00
   0.1775E+00
   0.1725E+00
   0.1671E+00
   0.1613E+00
   0.1552E+00
   0.1487E+00
   0.1418E+00
   0.1346E+00
   0.1271E+00
   0.1193E+00
   0.1113E+00
   0.1029E+00
   0.9436E-01
   0.8556E-01
   0.7657E-01
   0.6739E-01
   0.5806E-01
   0.4859E-01
   0.3901E-01
   0.2934E-01
   0.1960E-01
   0.9810E-02
   0.0000E+00
   0.0000E+00
   0.9324E-02
   0.1863E-01
   0.2789E-01
   0.3708E-01
   0.4619E-01
   0.5519E-01
   0.6406E-01
   0.7278E-01
   0.8133E-01
   0.8969E-01
   0.9784E-01
   0.1058E+00
   0.1134E+00
   0.1209E+00
   0.1280E+00
   0.1348E+00
   0.1413E+00
   0.1475E+00
   0.1533E+00
   0.1588E+00
   0.1639E+00
   0.1687E+00
   0.1730E+00
   0.1769E+00
   0.1805E+00
   0.1835E+00
   0.1862E+00
   0.1884E+00
   0.1902E+00
   0.1916E+00
   0.1925E+00
   0.1929E+00
   0.1929E+00
   0.1925E+00
   0.1916E+00
   0.1902E+00
   0.1884E+00
   0.1862E+00
   0.1835E+00
   0.1805E+00
   0.1769E+00
   0.1730E+00
   0.1687E+00
   0.1639E+00
   0.1588E+00
   0.1533E+00
   0.1475E+00
   0.1413E+00
   0.1348E+00
   0.1280E+00
   0.1209E+00
   0.1134E+00
   0.1058E+00
   0.9784E-01
   0.8969E-01
   0.8133E-01
   0.7278E-01
   0.6406E-01
   0.5519E-01
   0.4619E-01
   0.3708E-01
   0.2789E-01
   0.1863E-01
   0.9324E-02
   0.0000E+00
