   0.0000E+00
   0.2074E-01
   0.4130E-01
   0.6148E-01
   0.8110E-01
   0.9999E-01
   0.1180E+00
   0.1349E+00
   0.1506E+00
   0.1649E+00
   0.1778E+00
   0.1890E+00
   0.1985E+00
   0.2062E+00
   0.2121E+00
   0.2160E+00
   0.2180E+00
   0.2180E+00
   0.2160E+00
   0.2121E+00
   0.2062E+00
   0.1985E+00
   0.1890E+00
   0.1778E+00
   0.1649E+00
   0.1506E+00
   0.1349E+00
   0.1180E+00
   0.9999E-01
   0.8110E-01
   0.6148E-01
   0.4130E-01
   0.2074E-01
   0.0000E+00
   0.0000E+00
   0.1886E-01
   0.3755E-01
   0.5590E-01
   0.7374E-01
   0.9092E-01
   0.1073E+00
   0.1227E+00
   0.1369E+00
   0.1500E+00
   0.1616E+00
   0.1718E+00
   0.1805E+00
   0.1875E+00
   0.1928E+00
   0.1964E+00
   0.1982E+00
   0.1982E+00
   0.1964E+00
   0.1928E+00
   0.1875E+00
   0.1805E+00
   0.1718E+00
   0.1616E+00
   0.1500E+00
   0.1369E+00
   0.1227E+00
   0.1073E+00
   0.9092E-01
   0.7374E-01
   0.5590E-01
   0.3755E-01
   0.1886E-01
   0.0000E+00
   0.0000E+00
   0.1715E-01
   0.3414E-01
   0.5083E-01
   0.6705E-01
   0.8266E-01
   0.9753E-01
   0.1115E+00
   0.1245E+00
   0.1363E+00
   0.1470E+00
   0.1562E+00
   0.1641E+00
   0.1705E+00
   0.1753E+00
   0.1786E+00
   0.1802E+00
   0.1802E+00
   0.1786E+00
   0.1753E+00
   0.1705E+00
   0.1641E+00
   0.1562E+00
   0.1470E+00
   0.1363E+00
   0.1245E+00
   0.1115E+00
   0.9753E-01
   0.8266E-01
   0.6705E-01
   0.5083E-01
   0.3414E-01
   0.1715E-01
   0.0000E+00
   0.0000E+00
   0.1559E-01
   0.3104E-01
   0.4621E-01
   0.6096E-01
   0.7516E-01
   0.8868E-01
   0.1014E+00
   0.1132E+00
   0.1240E+00
   0.1336E+00
   0.1420E+00
   0.1492E+00
   0.1550E+00
   0.1594E+00
   0.1624E+00
   0.1638E+00
   0.1638E+00
   0.1624E+00
   0.1594E+00
   0.1550E+00
   0.1492E+00
   0.1420E+00
   0.1336E+00
   0.1240E+00
   0.1132E+00
   0.1014E+00
   0.8868E-01
   0.7516E-01
   0.6096E-01
   0.4621E-01
   0.3104E-01
   0.1559E-01
   0.0000E+00
   0.0000E+00
   0.1418E-01
   0.2822E-01
   0.4202E-01
   0.5543E-01
   0.6834E-01
   0.8063E-01
   0.9219E-01
   0.1029E+00
   0.1127E+00
   0.1215E+00
   0.1292E+00
   0.1357E+00
   0.1409E+00
   0.1449E+00
   0.1476E+00
   0.1490E+00
   0.1490E+00
   0.1476E+00
   0.1449E+00
   0.1409E+00
   0.1357E+00
   0.1292E+00
   0.1215E+00
   0.1127E+00
   0.1029E+00
   0.9219E-01
   0.8063E-01
   0.6834E-01
   0.5543E-01
   0.4202E-01
   0.2822E-01
   0.1418E-01
   0.0000E+00
   0.0000E+00
   0.1289E-01
   0.2566E-01
   0.3820E-01
   0.5040E-01
   0.6213E-01
   0.7331E-01
   0.8382E-01
   0.9357E-01
   0.1025E+00
   0.1105E+00
   0.1174E+00
   0.1233E+00
   0.1281E+00
   0.1318E+00
   0.1342E+00
   0.1354E+00
   0.1354E+00
   0.1342E+00
   0.1318E+00
   0.1281E+00
   0.1233E+00
   0.1174E+00
   0.1105E+00
   0.1025E+00
   0.9357E-01
   0.8382E-01
   0.7331E-01
   0.6213E-01
   0.5040E-01
   0.3820E-01
   0.2566E-01
   0.1289E-01
   0.0000E+00
   0.0000E+00
   0.1172E-01
   0.2333E-01
   0.3473E-01
   0.4582E-01
   0.5649E-01
   0.6665E-01
   0.7621E-01
   0.8507E-01
   0.9317E-01
   0.1004E+00
   0.1068E+00
   0.1121E+00
   0.1165E+00
   0.1198E+00
   0.1220E+00
   0.1231E+00
   0.1231E+00
   0.1220E+00
   0.1198E+00
   0.1165E+00
   0.1121E+00
   0.1068E+00
   0.1004E+00
   0.9317E-01
   0.8507E-01
   0.7621E-01
   0.6665E-01
   0.5649E-01
   0.4582E-01
   0.3473E-01
   0.2333E-01
   0.1172E-01
   0.0000E+00
   0.0000E+00
   0.1065E-01
   0.2121E-01
   0.3158E-01
   0.4166E-01
   0.5136E-01
   0.6060E-01
   0.6929E-01
   0.7735E-01
   0.8471E-01
   0.9130E-01
   0.9707E-01
   0.1020E+00
   0.1059E+00
   0.1089E+00
   0.1109E+00
   0.1120E+00
   0.1120E+00
   0.1109E+00
   0.1089E+00
   0.1059E+00
   0.1020E+00
   0.9707E-01
   0.9130E-01
   0.8471E-01
   0.7735E-01
   0.6929E-01
   0.6060E-01
   0.5136E-01
   0.4166E-01
   0.3158E-01
   0.2121E-01
   0.1065E-01
   0.0000E+00
   0.0000E+00
   0.9687E-02
   0.1929E-01
   0.2871E-01
   0.3788E-01
   0.4670E-01
   0.5510E-01
   0.6300E-01
   0.7033E-01
   0.7702E-01
   0.8301E-01
   0.8826E-01
   0.9270E-01
   0.9630E-01
   0.9904E-01
   0.1009E+00
   0.1018E+00
   0.1018E+00
   0.1009E+00
   0.9904E-01
   0.9630E-01
   0.9270E-01
   0.8826E-01
   0.8301E-01
   0.7702E-01
   0.7033E-01
   0.6300E-01
   0.5510E-01
   0.4670E-01
   0.3788E-01
   0.2871E-01
   0.1929E-01
   0.9687E-02
   0.0000E+00
   0.0000E+00
   0.8807E-02
   0.1753E-01
   0.2610E-01
   0.3444E-01
   0.4246E-01
   0.5009E-01
   0.5727E-01
   0.6394E-01
   0.7002E-01
   0.7547E-01
   0.8024E-01
   0.8428E-01
   0.8756E-01
   0.9004E-01
   0.9171E-01
   0.9255E-01
   0.9255E-01
   0.9171E-01
   0.9004E-01
   0.8756E-01
   0.8428E-01
   0.8024E-01
   0.7547E-01
   0.7002E-01
   0.6394E-01
   0.5727E-01
   0.5009E-01
   0.4246E-01
   0.3444E-01
   0.2610E-01
   0.1753E-01
   0.8807E-02
   0.0000E+00
   0.0000E+00
   0.8007E-02
   0.1594E-01
   0.2373E-01
   0.3131E-01
   0.3860E-01
   0.4554E-01
   0.5207E-01
   0.5813E-01
   0.6366E-01
   0.6862E-01
   0.7295E-01
   0.7662E-01
   0.7960E-01
   0.8186E-01
   0.8338E-01
   0.8414E-01
   0.8414E-01
   0.8338E-01
   0.8186E-01
   0.7960E-01
   0.7662E-01
   0.7295E-01
   0.6862E-01
   0.6366E-01
   0.5813E-01
   0.5207E-01
   0.4554E-01
   0.3860E-01
   0.3131E-01
   0.2373E-01
   0.1594E-01
   0.8007E-02
   0.0000E+00
   0.0000E+00
   0.7280E-02
   0.1449E-01
   0.2158E-01
   0.2846E-01
   0.3509E-01
   0.4140E-01
   0.4734E-01
   0.5285E-01
   0.5788E-01
   0.6238E-01
   0.6632E-01
   0.6966E-01
   0.7237E-01
   0.7442E-01
   0.7580E-01
   0.7650E-01
   0.7650E-01
   0.7580E-01
   0.7442E-01
   0.7237E-01
   0.6966E-01
   0.6632E-01
   0.6238E-01
   0.5788E-01
   0.5285E-01
   0.4734E-01
   0.4140E-01
   0.3509E-01
   0.2846E-01
   0.2158E-01
   0.1449E-01
   0.7280E-02
   0.0000E+00
   0.0000E+00
   0.6618E-02
   0.1318E-01
   0.1962E-01
   0.2588E-01
   0.3190E-01
   0.3764E-01
   0.4304E-01
   0.4805E-01
   0.5262E-01
   0.5671E-01
   0.6030E-01
   0.6333E-01
   0.6579E-01
   0.6766E-01
   0.6891E-01
   0.6954E-01
   0.6954E-01
   0.6891E-01
   0.6766E-01
   0.6579E-01
   0.6333E-01
   0.6030E-01
   0.5671E-01
   0.5262E-01
   0.4805E-01
   0.4304E-01
   0.3764E-01
   0.3190E-01
   0.2588E-01
   0.1962E-01
   0.1318E-01
   0.6618E-02
   0.0000E+00
   0.0000E+00
   0.6017E-02
   0.1198E-01
   0.1783E-01
   0.2352E-01
   0.2900E-01
   0.3422E-01
   0.3913E-01
   0.4368E-01
   0.4783E-01
   0.5156E-01
   0.5481E-01
   0.5757E-01
   0.5981E-01
   0.6151E-01
   0.6265E-01
   0.6322E-01
   0.6322E-01
   0.6265E-01
   0.6151E-01
   0.5981E-01
   0.5757E-01
   0.5481E-01
   0.5156E-01
   0.4783E-01
   0.4368E-01
   0.3913E-01
   0.3422E-01
   0.2900E-01
   0.2352E-01
   0.1783E-01
   0.1198E-01
   0.6017E-02
   0.0000E+00
   0.0000E+00
   0.5469E-02
   0.1089E-01
   0.1621E-01
   0.2139E-01
   0.2637E-01
   0.3111E-01
   0.3557E-01
   0.3971E-01
   0.4348E-01
   0.4687E-01
   0.4983E-01
   0.5234E-01
   0.5437E-01
   0.5592E-01
   0.5695E-01
   0.5747E-01
   0.5747E-01
   0.5695E-01
   0.5592E-01
   0.5437E-01
   0.5234E-01
   0.4983E-01
   0.4687E-01
   0.4348E-01
   0.3971E-01
   0.3557E-01
   0.3111E-01
   0.2637E-01
   0.2139E-01
   0.1621E-01
   0.1089E-01
   0.5469E-02
   0.0000E+00
   0.0000E+00
   0.4972E-02
   0.9899E-02
   0.1474E-01
   0.1944E-01
   0.2397E-01
   0.2828E-01
   0.3233E-01
   0.3609E-01
   0.3953E-01
   0.4261E-01
   0.4530E-01
   0.4758E-01
   0.4943E-01
   0.5083E-01
   0.5177E-01
   0.5225E-01
   0.5225E-01
   0.5177E-01
   0.5083E-01
   0.4943E-01
   0.4758E-01
   0.4530E-01
   0.4261E-01
   0.3953E-01
   0.3609E-01
   0.3233E-01
   0.2828E-01
   0.2397E-01
   0.1944E-01
   0.1474E-01
   0.9899E-02
   0.4972E-02
   0.0000E+00
   0.0000E+00
   0.4519E-02
   0.8998E-02
   0.1339E-01
   0.1767E-01
   0.2179E-01
   0.2570E-01
   0.2939E-01
   0.3281E-01
   0.3593E-01
   0.3873E-01
   0.4117E-01
   0.4325E-01
   0.4493E-01
   0.4620E-01
   0.4706E-01
   0.4749E-01
   0.4749E-01
   0.4706E-01
   0.4620E-01
   0.4493E-01
   0.4325E-01
   0.4117E-01
   0.3873E-01
   0.3593E-01
   0.3281E-01
   0.2939E-01
   0.2570E-01
   0.2179E-01
   0.1767E-01
   0.1339E-01
   0.8998E-02
   0.4519E-02
   0.0000E+00
   0.0000E+00
   0.4108E-02
   0.8178E-02
   0.1217E-01
   0.1606E-01
   0.1980E-01
   0.2336E-01
   0.2671E-01
   0.2982E-01
   0.3266E-01
   0.3520E-01
   0.3742E-01
   0.3931E-01
   0.4084E-01
   0.4200E-01
   0.4277E-01
   0.4316E-01
   0.4316E-01
   0.4277E-01
   0.4200E-01
   0.4084E-01
   0.3931E-01
   0.3742E-01
   0.3520E-01
   0.3266E-01
   0.2982E-01
   0.2671E-01
   0.2336E-01
   0.1980E-01
   0.1606E-01
   0.1217E-01
   0.8178E-02
   0.4108E-02
  -0.1408E-07
