   0.3496E-01
   0.2907E-01
   0.2417E-01
   0.2009E-01
   0.1670E-01
   0.1388E-01
   0.1153E-01
   0.9572E-02
   0.6874E-01
   0.5715E-01
   0.4752E-01
   0.3950E-01
   0.3283E-01
   0.2728E-01
   0.2266E-01
   0.1882E-01
   0.1002E+00
   0.8329E-01
   0.6925E-01
   0.5757E-01
   0.4785E-01
   0.3976E-01
   0.3303E-01
   0.2742E-01
   0.1282E+00
   0.1066E+00
   0.8862E-01
   0.7367E-01
   0.6123E-01
   0.5088E-01
   0.4227E-01
   0.3509E-01
   0.1518E+00
   0.1263E+00
   0.1050E+00
   0.8727E-01
   0.7253E-01
   0.6027E-01
   0.5007E-01
   0.4157E-01
   0.1703E+00
   0.1416E+00
   0.1178E+00
   0.9789E-01
   0.8136E-01
   0.6761E-01
   0.5616E-01
   0.4663E-01
   0.1830E+00
   0.1522E+00
   0.1265E+00
   0.1052E+00
   0.8742E-01
   0.7265E-01
   0.6035E-01
   0.5010E-01
   0.1895E+00
   0.1575E+00
   0.1310E+00
   0.1089E+00
   0.9051E-01
   0.7521E-01
   0.6247E-01
   0.5187E-01
   0.1895E+00
   0.1575E+00
   0.1310E+00
   0.1089E+00
   0.9051E-01
   0.7521E-01
   0.6247E-01
   0.5187E-01
   0.1830E+00
   0.1522E+00
   0.1265E+00
   0.1052E+00
   0.8742E-01
   0.7265E-01
   0.6035E-01
   0.5010E-01
   0.1703E+00
   0.1416E+00
   0.1178E+00
   0.9789E-01
   0.8136E-01
   0.6761E-01
   0.5616E-01
   0.4663E-01
   0.1518E+00
   0.1263E+00
   0.1050E+00
   0.8727E-01
   0.7253E-01
   0.6027E-01
   0.5007E-01
   0.4157E-01
   0.1282E+00
   0.1066E+00
   0.8862E-01
   0.7367E-01
   0.6123E-01
   0.5088E-01
   0.4227E-01
   0.3509E-01
   0.1002E+00
   0.8329E-01
   0.6925E-01
   0.5757E-01
   0.4785E-01
   0.3976E-01
   0.3303E-01
   0.2742E-01
   0.6874E-01
   0.5715E-01
   0.4752E-01
   0.3950E-01
   0.3283E-01
   0.2728E-01
   0.2266E-01
   0.1882E-01
   0.3496E-01
   0.2907E-01
   0.2417E-01
   0.2009E-01
   0.1670E-01
   0.1388E-01
   0.1153E-01
   0.9572E-02
