   0.0000E+00
   0.4831E-01
   0.9651E-01
   0.1445E+00
   0.1921E+00
   0.2393E+00
   0.2859E+00
   0.3319E+00
   0.3771E+00
   0.4214E+00
   0.4647E+00
   0.5070E+00
   0.5480E+00
   0.5878E+00
   0.6262E+00
   0.6631E+00
   0.6985E+00
   0.7323E+00
   0.7643E+00
   0.7946E+00
   0.8230E+00
   0.8495E+00
   0.8740E+00
   0.8964E+00
   0.9168E+00
   0.9350E+00
   0.9511E+00
   0.9649E+00
   0.9764E+00
   0.9857E+00
   0.9927E+00
   0.9974E+00
   0.9997E+00
   0.9997E+00
   0.9974E+00
   0.9927E+00
   0.9857E+00
   0.9764E+00
   0.9649E+00
   0.9511E+00
   0.9350E+00
   0.9168E+00
   0.8964E+00
   0.8740E+00
   0.8495E+00
   0.8230E+00
   0.7946E+00
   0.7643E+00
   0.7323E+00
   0.6985E+00
   0.6631E+00
   0.6262E+00
   0.5878E+00
   0.5480E+00
   0.5070E+00
   0.4647E+00
   0.4214E+00
   0.3771E+00
   0.3319E+00
   0.2859E+00
   0.2393E+00
   0.1921E+00
   0.1445E+00
   0.9651E-01
   0.4831E-01
  -0.8742E-07
   0.0000E+00
   0.4601E-01
   0.9191E-01
   0.1376E+00
   0.1830E+00
   0.2279E+00
   0.2723E+00
   0.3161E+00
   0.3591E+00
   0.4013E+00
   0.4426E+00
   0.4828E+00
   0.5219E+00
   0.5598E+00
   0.5963E+00
   0.6315E+00
   0.6652E+00
   0.6974E+00
   0.7279E+00
   0.7567E+00
   0.7838E+00
   0.8090E+00
   0.8323E+00
   0.8537E+00
   0.8731E+00
   0.8905E+00
   0.9057E+00
   0.9189E+00
   0.9299E+00
   0.9387E+00
   0.9454E+00
   0.9498E+00
   0.9521E+00
   0.9521E+00
   0.9498E+00
   0.9454E+00
   0.9387E+00
   0.9299E+00
   0.9189E+00
   0.9057E+00
   0.8905E+00
   0.8731E+00
   0.8537E+00
   0.8323E+00
   0.8090E+00
   0.7838E+00
   0.7567E+00
   0.7279E+00
   0.6974E+00
   0.6652E+00
   0.6315E+00
   0.5963E+00
   0.5598E+00
   0.5219E+00
   0.4828E+00
   0.4426E+00
   0.4013E+00
   0.3591E+00
   0.3161E+00
   0.2723E+00
   0.2279E+00
   0.1830E+00
   0.1376E+00
   0.9191E-01
   0.4601E-01
   0.0000E+00
   0.0000E+00
   0.4382E-01
   0.8753E-01
   0.1310E+00
   0.1742E+00
   0.2170E+00
   0.2593E+00
   0.3010E+00
   0.3420E+00
   0.3822E+00
   0.4215E+00
   0.4598E+00
   0.4970E+00
   0.5331E+00
   0.5679E+00
   0.6014E+00
   0.6335E+00
   0.6641E+00
   0.6932E+00
   0.7206E+00
   0.7464E+00
   0.7704E+00
   0.7926E+00
   0.8130E+00
   0.8314E+00
   0.8480E+00
   0.8625E+00
   0.8751E+00
   0.8855E+00
   0.8940E+00
   0.9003E+00
   0.9045E+00
   0.9066E+00
   0.9066E+00
   0.9045E+00
   0.9003E+00
   0.8940E+00
   0.8855E+00
   0.8751E+00
   0.8625E+00
   0.8480E+00
   0.8314E+00
   0.8130E+00
   0.7926E+00
   0.7704E+00
   0.7464E+00
   0.7206E+00
   0.6932E+00
   0.6641E+00
   0.6335E+00
   0.6014E+00
   0.5679E+00
   0.5331E+00
   0.4970E+00
   0.4598E+00
   0.4215E+00
   0.3822E+00
   0.3420E+00
   0.3010E+00
   0.2593E+00
   0.2170E+00
   0.1742E+00
   0.1310E+00
   0.8753E-01
   0.4382E-01
   0.0000E+00
   0.0000E+00
   0.4172E-01
   0.8335E-01
   0.1248E+00
   0.1659E+00
   0.2067E+00
   0.2469E+00
   0.2866E+00
   0.3257E+00
   0.3639E+00
   0.4013E+00
   0.4378E+00
   0.4733E+00
   0.5076E+00
   0.5408E+00
   0.5727E+00
   0.6032E+00
   0.6324E+00
   0.6601E+00
   0.6862E+00
   0.7107E+00
   0.7336E+00
   0.7548E+00
   0.7742E+00
   0.7917E+00
   0.8075E+00
   0.8213E+00
   0.8333E+00
   0.8433E+00
   0.8513E+00
   0.8573E+00
   0.8613E+00
   0.8633E+00
   0.8633E+00
   0.8613E+00
   0.8573E+00
   0.8513E+00
   0.8433E+00
   0.8333E+00
   0.8213E+00
   0.8075E+00
   0.7917E+00
   0.7742E+00
   0.7548E+00
   0.7336E+00
   0.7107E+00
   0.6862E+00
   0.6601E+00
   0.6324E+00
   0.6032E+00
   0.5727E+00
   0.5408E+00
   0.5076E+00
   0.4733E+00
   0.4378E+00
   0.4013E+00
   0.3639E+00
   0.3257E+00
   0.2866E+00
   0.2469E+00
   0.2067E+00
   0.1659E+00
   0.1248E+00
   0.8335E-01
   0.4172E-01
   0.0000E+00
   0.0000E+00
   0.3973E-01
   0.7936E-01
   0.1188E+00
   0.1580E+00
   0.1968E+00
   0.2351E+00
   0.2729E+00
   0.3101E+00
   0.3465E+00
   0.3821E+00
   0.4169E+00
   0.4506E+00
   0.4833E+00
   0.5149E+00
   0.5453E+00
   0.5744E+00
   0.6022E+00
   0.6285E+00
   0.6534E+00
   0.6767E+00
   0.6985E+00
   0.7187E+00
   0.7371E+00
   0.7539E+00
   0.7689E+00
   0.7821E+00
   0.7934E+00
   0.8029E+00
   0.8106E+00
   0.8163E+00
   0.8201E+00
   0.8221E+00
   0.8221E+00
   0.8201E+00
   0.8163E+00
   0.8106E+00
   0.8029E+00
   0.7934E+00
   0.7821E+00
   0.7689E+00
   0.7539E+00
   0.7371E+00
   0.7187E+00
   0.6985E+00
   0.6767E+00
   0.6534E+00
   0.6285E+00
   0.6022E+00
   0.5744E+00
   0.5453E+00
   0.5149E+00
   0.4833E+00
   0.4506E+00
   0.4169E+00
   0.3821E+00
   0.3465E+00
   0.3101E+00
   0.2729E+00
   0.2351E+00
   0.1968E+00
   0.1580E+00
   0.1188E+00
   0.7936E-01
   0.3973E-01
   0.0000E+00
   0.0000E+00
   0.3783E-01
   0.7557E-01
   0.1131E+00
   0.1504E+00
   0.1874E+00
   0.2239E+00
   0.2599E+00
   0.2952E+00
   0.3299E+00
   0.3639E+00
   0.3969E+00
   0.4291E+00
   0.4602E+00
   0.4903E+00
   0.5192E+00
   0.5469E+00
   0.5733E+00
   0.5984E+00
   0.6221E+00
   0.6444E+00
   0.6651E+00
   0.6843E+00
   0.7019E+00
   0.7178E+00
   0.7321E+00
   0.7446E+00
   0.7555E+00
   0.7645E+00
   0.7718E+00
   0.7772E+00
   0.7809E+00
   0.7827E+00
   0.7827E+00
   0.7809E+00
   0.7772E+00
   0.7718E+00
   0.7645E+00
   0.7555E+00
   0.7446E+00
   0.7321E+00
   0.7178E+00
   0.7019E+00
   0.6843E+00
   0.6651E+00
   0.6444E+00
   0.6221E+00
   0.5984E+00
   0.5733E+00
   0.5469E+00
   0.5192E+00
   0.4903E+00
   0.4602E+00
   0.4291E+00
   0.3969E+00
   0.3639E+00
   0.3299E+00
   0.2952E+00
   0.2599E+00
   0.2239E+00
   0.1874E+00
   0.1504E+00
   0.1131E+00
   0.7557E-01
   0.3783E-01
   0.0000E+00
   0.0000E+00
   0.3601E-01
   0.7194E-01
   0.1077E+00
   0.1432E+00
   0.1784E+00
   0.2132E+00
   0.2474E+00
   0.2811E+00
   0.3141E+00
   0.3464E+00
   0.3779E+00
   0.4085E+00
   0.4382E+00
   0.4668E+00
   0.4943E+00
   0.5207E+00
   0.5459E+00
   0.5697E+00
   0.5923E+00
   0.6135E+00
   0.6332E+00
   0.6515E+00
   0.6682E+00
   0.6834E+00
   0.6970E+00
   0.7090E+00
   0.7193E+00
   0.7279E+00
   0.7348E+00
   0.7400E+00
   0.7435E+00
   0.7452E+00
   0.7452E+00
   0.7435E+00
   0.7400E+00
   0.7348E+00
   0.7279E+00
   0.7193E+00
   0.7090E+00
   0.6970E+00
   0.6834E+00
   0.6682E+00
   0.6515E+00
   0.6332E+00
   0.6135E+00
   0.5923E+00
   0.5697E+00
   0.5459E+00
   0.5207E+00
   0.4943E+00
   0.4668E+00
   0.4382E+00
   0.4085E+00
   0.3779E+00
   0.3464E+00
   0.3141E+00
   0.2811E+00
   0.2474E+00
   0.2132E+00
   0.1784E+00
   0.1432E+00
   0.1077E+00
   0.7194E-01
   0.3601E-01
   0.0000E+00
   0.0000E+00
   0.3429E-01
   0.6849E-01
   0.1025E+00
   0.1363E+00
   0.1698E+00
   0.2029E+00
   0.2355E+00
   0.2676E+00
   0.2991E+00
   0.3298E+00
   0.3598E+00
   0.3889E+00
   0.4171E+00
   0.4444E+00
   0.4706E+00
   0.4957E+00
   0.5197E+00
   0.5424E+00
   0.5639E+00
   0.5840E+00
   0.6028E+00
   0.6202E+00
   0.6362E+00
   0.6506E+00
   0.6636E+00
   0.6749E+00
   0.6847E+00
   0.6930E+00
   0.6995E+00
   0.7045E+00
   0.7078E+00
   0.7095E+00
   0.7095E+00
   0.7078E+00
   0.7045E+00
   0.6995E+00
   0.6930E+00
   0.6847E+00
   0.6749E+00
   0.6636E+00
   0.6506E+00
   0.6362E+00
   0.6202E+00
   0.6028E+00
   0.5840E+00
   0.5639E+00
   0.5424E+00
   0.5197E+00
   0.4957E+00
   0.4706E+00
   0.4444E+00
   0.4171E+00
   0.3889E+00
   0.3598E+00
   0.3298E+00
   0.2991E+00
   0.2676E+00
   0.2355E+00
   0.2029E+00
   0.1698E+00
   0.1363E+00
   0.1025E+00
   0.6849E-01
   0.3429E-01
   0.0000E+00
   0.0000E+00
   0.3264E-01
   0.6520E-01
   0.9761E-01
   0.1298E+00
   0.1617E+00
   0.1932E+00
   0.2242E+00
   0.2548E+00
   0.2847E+00
   0.3140E+00
   0.3425E+00
   0.3702E+00
   0.3971E+00
   0.4230E+00
   0.4480E+00
   0.4719E+00
   0.4947E+00
   0.5164E+00
   0.5368E+00
   0.5560E+00
   0.5739E+00
   0.5904E+00
   0.6056E+00
   0.6194E+00
   0.6317E+00
   0.6425E+00
   0.6519E+00
   0.6597E+00
   0.6659E+00
   0.6707E+00
   0.6738E+00
   0.6754E+00
   0.6754E+00
   0.6738E+00
   0.6707E+00
   0.6659E+00
   0.6597E+00
   0.6519E+00
   0.6425E+00
   0.6317E+00
   0.6194E+00
   0.6056E+00
   0.5904E+00
   0.5739E+00
   0.5560E+00
   0.5368E+00
   0.5164E+00
   0.4947E+00
   0.4719E+00
   0.4480E+00
   0.4230E+00
   0.3971E+00
   0.3702E+00
   0.3425E+00
   0.3140E+00
   0.2847E+00
   0.2548E+00
   0.2242E+00
   0.1932E+00
   0.1617E+00
   0.1298E+00
   0.9761E-01
   0.6520E-01
   0.3264E-01
   0.0000E+00
   0.0000E+00
   0.3107E-01
   0.6207E-01
   0.9292E-01
   0.1236E+00
   0.1539E+00
   0.1839E+00
   0.2134E+00
   0.2425E+00
   0.2710E+00
   0.2989E+00
   0.3260E+00
   0.3524E+00
   0.3780E+00
   0.4027E+00
   0.4264E+00
   0.4492E+00
   0.4709E+00
   0.4915E+00
   0.5110E+00
   0.5293E+00
   0.5463E+00
   0.5620E+00
   0.5765E+00
   0.5896E+00
   0.6013E+00
   0.6116E+00
   0.6205E+00
   0.6279E+00
   0.6339E+00
   0.6384E+00
   0.6414E+00
   0.6429E+00
   0.6429E+00
   0.6414E+00
   0.6384E+00
   0.6339E+00
   0.6279E+00
   0.6205E+00
   0.6116E+00
   0.6013E+00
   0.5896E+00
   0.5765E+00
   0.5620E+00
   0.5463E+00
   0.5293E+00
   0.5110E+00
   0.4915E+00
   0.4709E+00
   0.4492E+00
   0.4264E+00
   0.4027E+00
   0.3780E+00
   0.3524E+00
   0.3260E+00
   0.2989E+00
   0.2710E+00
   0.2425E+00
   0.2134E+00
   0.1839E+00
   0.1539E+00
   0.1236E+00
   0.9292E-01
   0.6207E-01
   0.3107E-01
   0.0000E+00
   0.0000E+00
   0.2957E-01
   0.5908E-01
   0.8844E-01
   0.1176E+00
   0.1465E+00
   0.1750E+00
   0.2032E+00
   0.2308E+00
   0.2579E+00
   0.2845E+00
   0.3103E+00
   0.3354E+00
   0.3598E+00
   0.3833E+00
   0.4059E+00
   0.4276E+00
   0.4482E+00
   0.4679E+00
   0.4864E+00
   0.5038E+00
   0.5200E+00
   0.5350E+00
   0.5487E+00
   0.5612E+00
   0.5723E+00
   0.5822E+00
   0.5906E+00
   0.5977E+00
   0.6034E+00
   0.6077E+00
   0.6105E+00
   0.6119E+00
   0.6119E+00
   0.6105E+00
   0.6077E+00
   0.6034E+00
   0.5977E+00
   0.5906E+00
   0.5822E+00
   0.5723E+00
   0.5612E+00
   0.5487E+00
   0.5350E+00
   0.5200E+00
   0.5038E+00
   0.4864E+00
   0.4679E+00
   0.4482E+00
   0.4276E+00
   0.4059E+00
   0.3833E+00
   0.3598E+00
   0.3354E+00
   0.3103E+00
   0.2845E+00
   0.2579E+00
   0.2308E+00
   0.2032E+00
   0.1750E+00
   0.1465E+00
   0.1176E+00
   0.8844E-01
   0.5908E-01
   0.2957E-01
   0.0000E+00
   0.0000E+00
   0.2815E-01
   0.5623E-01
   0.8418E-01
   0.1119E+00
   0.1394E+00
   0.1666E+00
   0.1934E+00
   0.2197E+00
   0.2455E+00
   0.2707E+00
   0.2954E+00
   0.3193E+00
   0.3424E+00
   0.3648E+00
   0.3863E+00
   0.4070E+00
   0.4266E+00
   0.4453E+00
   0.4629E+00
   0.4795E+00
   0.4949E+00
   0.5092E+00
   0.5223E+00
   0.5341E+00
   0.5447E+00
   0.5541E+00
   0.5621E+00
   0.5689E+00
   0.5743E+00
   0.5783E+00
   0.5811E+00
   0.5824E+00
   0.5824E+00
   0.5811E+00
   0.5783E+00
   0.5743E+00
   0.5689E+00
   0.5621E+00
   0.5541E+00
   0.5447E+00
   0.5341E+00
   0.5223E+00
   0.5092E+00
   0.4949E+00
   0.4795E+00
   0.4629E+00
   0.4453E+00
   0.4266E+00
   0.4070E+00
   0.3863E+00
   0.3648E+00
   0.3424E+00
   0.3193E+00
   0.2954E+00
   0.2707E+00
   0.2455E+00
   0.2197E+00
   0.1934E+00
   0.1666E+00
   0.1394E+00
   0.1119E+00
   0.8418E-01
   0.5623E-01
   0.2815E-01
   0.0000E+00
   0.0000E+00
   0.2679E-01
   0.5351E-01
   0.8011E-01
   0.1065E+00
   0.1327E+00
   0.1585E+00
   0.1840E+00
   0.2091E+00
   0.2337E+00
   0.2577E+00
   0.2811E+00
   0.3039E+00
   0.3259E+00
   0.3472E+00
   0.3677E+00
   0.3873E+00
   0.4060E+00
   0.4238E+00
   0.4406E+00
   0.4563E+00
   0.4710E+00
   0.4846E+00
   0.4970E+00
   0.5083E+00
   0.5184E+00
   0.5273E+00
   0.5350E+00
   0.5414E+00
   0.5465E+00
   0.5504E+00
   0.5530E+00
   0.5543E+00
   0.5543E+00
   0.5530E+00
   0.5504E+00
   0.5465E+00
   0.5414E+00
   0.5350E+00
   0.5273E+00
   0.5184E+00
   0.5083E+00
   0.4970E+00
   0.4846E+00
   0.4710E+00
   0.4563E+00
   0.4406E+00
   0.4238E+00
   0.4060E+00
   0.3873E+00
   0.3677E+00
   0.3472E+00
   0.3259E+00
   0.3039E+00
   0.2811E+00
   0.2577E+00
   0.2337E+00
   0.2091E+00
   0.1840E+00
   0.1585E+00
   0.1327E+00
   0.1065E+00
   0.8011E-01
   0.5351E-01
   0.2679E-01
   0.0000E+00
   0.0000E+00
   0.2549E-01
   0.5093E-01
   0.7624E-01
   0.1014E+00
   0.1263E+00
   0.1509E+00
   0.1751E+00
   0.1990E+00
   0.2224E+00
   0.2452E+00
   0.2675E+00
   0.2892E+00
   0.3101E+00
   0.3304E+00
   0.3499E+00
   0.3686E+00
   0.3864E+00
   0.4033E+00
   0.4193E+00
   0.4342E+00
   0.4482E+00
   0.4611E+00
   0.4730E+00
   0.4837E+00
   0.4934E+00
   0.5018E+00
   0.5091E+00
   0.5152E+00
   0.5201E+00
   0.5238E+00
   0.5263E+00
   0.5275E+00
   0.5275E+00
   0.5263E+00
   0.5238E+00
   0.5201E+00
   0.5152E+00
   0.5091E+00
   0.5018E+00
   0.4934E+00
   0.4837E+00
   0.4730E+00
   0.4611E+00
   0.4482E+00
   0.4342E+00
   0.4193E+00
   0.4033E+00
   0.3864E+00
   0.3686E+00
   0.3499E+00
   0.3304E+00
   0.3101E+00
   0.2892E+00
   0.2675E+00
   0.2452E+00
   0.2224E+00
   0.1990E+00
   0.1751E+00
   0.1509E+00
   0.1263E+00
   0.1014E+00
   0.7624E-01
   0.5093E-01
   0.2549E-01
   0.0000E+00
   0.0000E+00
   0.2426E-01
   0.4846E-01
   0.7255E-01
   0.9647E-01
   0.1202E+00
   0.1436E+00
   0.1666E+00
   0.1893E+00
   0.2116E+00
   0.2333E+00
   0.2545E+00
   0.2752E+00
   0.2951E+00
   0.3144E+00
   0.3329E+00
   0.3507E+00
   0.3677E+00
   0.3838E+00
   0.3990E+00
   0.4132E+00
   0.4265E+00
   0.4388E+00
   0.4501E+00
   0.4603E+00
   0.4695E+00
   0.4775E+00
   0.4845E+00
   0.4903E+00
   0.4949E+00
   0.4984E+00
   0.5008E+00
   0.5019E+00
   0.5019E+00
   0.5008E+00
   0.4984E+00
   0.4949E+00
   0.4903E+00
   0.4845E+00
   0.4775E+00
   0.4695E+00
   0.4603E+00
   0.4501E+00
   0.4388E+00
   0.4265E+00
   0.4132E+00
   0.3990E+00
   0.3838E+00
   0.3677E+00
   0.3507E+00
   0.3329E+00
   0.3144E+00
   0.2951E+00
   0.2752E+00
   0.2545E+00
   0.2333E+00
   0.2116E+00
   0.1893E+00
   0.1666E+00
   0.1436E+00
   0.1202E+00
   0.9647E-01
   0.7255E-01
   0.4846E-01
   0.2426E-01
   0.0000E+00
   0.0000E+00
   0.2308E-01
   0.4611E-01
   0.6903E-01
   0.9179E-01
   0.1143E+00
   0.1366E+00
   0.1586E+00
   0.1802E+00
   0.2013E+00
   0.2220E+00
   0.2422E+00
   0.2618E+00
   0.2808E+00
   0.2992E+00
   0.3168E+00
   0.3337E+00
   0.3498E+00
   0.3651E+00
   0.3796E+00
   0.3932E+00
   0.4058E+00
   0.4175E+00
   0.4283E+00
   0.4380E+00
   0.4467E+00
   0.4544E+00
   0.4610E+00
   0.4665E+00
   0.4709E+00
   0.4743E+00
   0.4765E+00
   0.4776E+00
   0.4776E+00
   0.4765E+00
   0.4743E+00
   0.4709E+00
   0.4665E+00
   0.4610E+00
   0.4544E+00
   0.4467E+00
   0.4380E+00
   0.4283E+00
   0.4175E+00
   0.4058E+00
   0.3932E+00
   0.3796E+00
   0.3651E+00
   0.3498E+00
   0.3337E+00
   0.3168E+00
   0.2992E+00
   0.2808E+00
   0.2618E+00
   0.2422E+00
   0.2220E+00
   0.2013E+00
   0.1802E+00
   0.1586E+00
   0.1366E+00
   0.1143E+00
   0.9179E-01
   0.6903E-01
   0.4611E-01
   0.2308E-01
   0.0000E+00
   0.0000E+00
   0.2196E-01
   0.4387E-01
   0.6568E-01
   0.8733E-01
   0.1088E+00
   0.1300E+00
   0.1509E+00
   0.1714E+00
   0.1915E+00
   0.2112E+00
   0.2304E+00
   0.2491E+00
   0.2672E+00
   0.2846E+00
   0.3014E+00
   0.3175E+00
   0.3328E+00
   0.3474E+00
   0.3612E+00
   0.3741E+00
   0.3861E+00
   0.3973E+00
   0.4075E+00
   0.4167E+00
   0.4250E+00
   0.4323E+00
   0.4386E+00
   0.4438E+00
   0.4480E+00
   0.4512E+00
   0.4533E+00
   0.4544E+00
   0.4544E+00
   0.4533E+00
   0.4512E+00
   0.4480E+00
   0.4438E+00
   0.4386E+00
   0.4323E+00
   0.4250E+00
   0.4167E+00
   0.4075E+00
   0.3973E+00
   0.3861E+00
   0.3741E+00
   0.3612E+00
   0.3474E+00
   0.3328E+00
   0.3175E+00
   0.3014E+00
   0.2846E+00
   0.2672E+00
   0.2491E+00
   0.2304E+00
   0.2112E+00
   0.1915E+00
   0.1714E+00
   0.1509E+00
   0.1300E+00
   0.1088E+00
   0.8733E-01
   0.6568E-01
   0.4387E-01
   0.2196E-01
   0.0000E+00
   0.0000E+00
   0.2089E-01
   0.4174E-01
   0.6248E-01
   0.8308E-01
   0.1035E+00
   0.1237E+00
   0.1435E+00
   0.1631E+00
   0.1822E+00
   0.2010E+00
   0.2192E+00
   0.2370E+00
   0.2542E+00
   0.2708E+00
   0.2868E+00
   0.3021E+00
   0.3167E+00
   0.3305E+00
   0.3436E+00
   0.3559E+00
   0.3673E+00
   0.3779E+00
   0.3876E+00
   0.3964E+00
   0.4043E+00
   0.4113E+00
   0.4172E+00
   0.4222E+00
   0.4263E+00
   0.4293E+00
   0.4313E+00
   0.4323E+00
   0.4323E+00
   0.4313E+00
   0.4293E+00
   0.4263E+00
   0.4222E+00
   0.4172E+00
   0.4113E+00
   0.4043E+00
   0.3964E+00
   0.3876E+00
   0.3779E+00
   0.3673E+00
   0.3559E+00
   0.3436E+00
   0.3305E+00
   0.3167E+00
   0.3021E+00
   0.2868E+00
   0.2708E+00
   0.2542E+00
   0.2370E+00
   0.2192E+00
   0.2010E+00
   0.1822E+00
   0.1631E+00
   0.1435E+00
   0.1237E+00
   0.1035E+00
   0.8308E-01
   0.6248E-01
   0.4174E-01
   0.2089E-01
   0.0000E+00
   0.0000E+00
   0.1987E-01
   0.3970E-01
   0.5944E-01
   0.7903E-01
   0.9845E-01
   0.1176E+00
   0.1365E+00
   0.1551E+00
   0.1733E+00
   0.1912E+00
   0.2085E+00
   0.2254E+00
   0.2418E+00
   0.2576E+00
   0.2728E+00
   0.2873E+00
   0.3012E+00
   0.3144E+00
   0.3269E+00
   0.3385E+00
   0.3494E+00
   0.3595E+00
   0.3688E+00
   0.3771E+00
   0.3846E+00
   0.3912E+00
   0.3969E+00
   0.4017E+00
   0.4055E+00
   0.4084E+00
   0.4103E+00
   0.4112E+00
   0.4112E+00
   0.4103E+00
   0.4084E+00
   0.4055E+00
   0.4017E+00
   0.3969E+00
   0.3912E+00
   0.3846E+00
   0.3771E+00
   0.3688E+00
   0.3595E+00
   0.3494E+00
   0.3385E+00
   0.3269E+00
   0.3144E+00
   0.3012E+00
   0.2873E+00
   0.2728E+00
   0.2576E+00
   0.2418E+00
   0.2254E+00
   0.2085E+00
   0.1912E+00
   0.1733E+00
   0.1551E+00
   0.1365E+00
   0.1176E+00
   0.9845E-01
   0.7903E-01
   0.5944E-01
   0.3970E-01
   0.1987E-01
   0.0000E+00
   0.0000E+00
   0.1890E-01
   0.3777E-01
   0.5654E-01
   0.7518E-01
   0.9364E-01
   0.1119E+00
   0.1299E+00
   0.1476E+00
   0.1649E+00
   0.1818E+00
   0.1984E+00
   0.2144E+00
   0.2300E+00
   0.2450E+00
   0.2595E+00
   0.2733E+00
   0.2865E+00
   0.2991E+00
   0.3109E+00
   0.3220E+00
   0.3324E+00
   0.3420E+00
   0.3508E+00
   0.3587E+00
   0.3659E+00
   0.3721E+00
   0.3775E+00
   0.3821E+00
   0.3857E+00
   0.3884E+00
   0.3903E+00
   0.3912E+00
   0.3912E+00
   0.3903E+00
   0.3884E+00
   0.3857E+00
   0.3821E+00
   0.3775E+00
   0.3721E+00
   0.3659E+00
   0.3587E+00
   0.3508E+00
   0.3420E+00
   0.3324E+00
   0.3220E+00
   0.3109E+00
   0.2991E+00
   0.2865E+00
   0.2733E+00
   0.2595E+00
   0.2450E+00
   0.2300E+00
   0.2144E+00
   0.1984E+00
   0.1818E+00
   0.1649E+00
   0.1476E+00
   0.1299E+00
   0.1119E+00
   0.9364E-01
   0.7518E-01
   0.5654E-01
   0.3777E-01
   0.1890E-01
   0.0000E+00
   0.0000E+00
   0.1798E-01
   0.3592E-01
   0.5378E-01
   0.7150E-01
   0.8907E-01
   0.1064E+00
   0.1235E+00
   0.1403E+00
   0.1568E+00
   0.1730E+00
   0.1887E+00
   0.2040E+00
   0.2188E+00
   0.2331E+00
   0.2468E+00
   0.2600E+00
   0.2725E+00
   0.2845E+00
   0.2957E+00
   0.3063E+00
   0.3162E+00
   0.3253E+00
   0.3336E+00
   0.3412E+00
   0.3480E+00
   0.3540E+00
   0.3591E+00
   0.3634E+00
   0.3669E+00
   0.3695E+00
   0.3712E+00
   0.3721E+00
   0.3721E+00
   0.3712E+00
   0.3695E+00
   0.3669E+00
   0.3634E+00
   0.3591E+00
   0.3540E+00
   0.3480E+00
   0.3412E+00
   0.3336E+00
   0.3253E+00
   0.3162E+00
   0.3063E+00
   0.2957E+00
   0.2845E+00
   0.2725E+00
   0.2600E+00
   0.2468E+00
   0.2331E+00
   0.2188E+00
   0.2040E+00
   0.1887E+00
   0.1730E+00
   0.1568E+00
   0.1403E+00
   0.1235E+00
   0.1064E+00
   0.8907E-01
   0.7150E-01
   0.5378E-01
   0.3592E-01
   0.1798E-01
   0.0000E+00
   0.0000E+00
   0.1710E-01
   0.3416E-01
   0.5114E-01
   0.6801E-01
   0.8471E-01
   0.1012E+00
   0.1175E+00
   0.1335E+00
   0.1492E+00
   0.1645E+00
   0.1794E+00
   0.1940E+00
   0.2081E+00
   0.2216E+00
   0.2347E+00
   0.2472E+00
   0.2592E+00
   0.2705E+00
   0.2813E+00
   0.2913E+00
   0.3007E+00
   0.3094E+00
   0.3173E+00
   0.3245E+00
   0.3310E+00
   0.3366E+00
   0.3415E+00
   0.3456E+00
   0.3489E+00
   0.3514E+00
   0.3530E+00
   0.3539E+00
   0.3539E+00
   0.3530E+00
   0.3514E+00
   0.3489E+00
   0.3456E+00
   0.3415E+00
   0.3366E+00
   0.3310E+00
   0.3245E+00
   0.3173E+00
   0.3094E+00
   0.3007E+00
   0.2913E+00
   0.2813E+00
   0.2705E+00
   0.2592E+00
   0.2472E+00
   0.2347E+00
   0.2216E+00
   0.2081E+00
   0.1940E+00
   0.1794E+00
   0.1645E+00
   0.1492E+00
   0.1335E+00
   0.1175E+00
   0.1012E+00
   0.8471E-01
   0.6801E-01
   0.5114E-01
   0.3416E-01
   0.1710E-01
   0.0000E+00
   0.0000E+00
   0.1626E-01
   0.3249E-01
   0.4864E-01
   0.6467E-01
   0.8056E-01
   0.9626E-01
   0.1117E+00
   0.1269E+00
   0.1419E+00
   0.1564E+00
   0.1707E+00
   0.1845E+00
   0.1979E+00
   0.2108E+00
   0.2232E+00
   0.2351E+00
   0.2465E+00
   0.2573E+00
   0.2675E+00
   0.2770E+00
   0.2859E+00
   0.2942E+00
   0.3018E+00
   0.3086E+00
   0.3147E+00
   0.3201E+00
   0.3248E+00
   0.3287E+00
   0.3318E+00
   0.3342E+00
   0.3357E+00
   0.3365E+00
   0.3365E+00
   0.3357E+00
   0.3342E+00
   0.3318E+00
   0.3287E+00
   0.3248E+00
   0.3201E+00
   0.3147E+00
   0.3086E+00
   0.3018E+00
   0.2942E+00
   0.2859E+00
   0.2770E+00
   0.2675E+00
   0.2573E+00
   0.2465E+00
   0.2351E+00
   0.2232E+00
   0.2108E+00
   0.1979E+00
   0.1845E+00
   0.1707E+00
   0.1564E+00
   0.1419E+00
   0.1269E+00
   0.1117E+00
   0.9626E-01
   0.8056E-01
   0.6467E-01
   0.4864E-01
   0.3249E-01
   0.1626E-01
   0.0000E+00
   0.0000E+00
   0.1547E-01
   0.3089E-01
   0.4625E-01
   0.6150E-01
   0.7661E-01
   0.9153E-01
   0.1062E+00
   0.1207E+00
   0.1349E+00
   0.1488E+00
   0.1623E+00
   0.1754E+00
   0.1882E+00
   0.2004E+00
   0.2123E+00
   0.2236E+00
   0.2344E+00
   0.2447E+00
   0.2543E+00
   0.2634E+00
   0.2719E+00
   0.2798E+00
   0.2870E+00
   0.2935E+00
   0.2993E+00
   0.3044E+00
   0.3089E+00
   0.3126E+00
   0.3155E+00
   0.3178E+00
   0.3193E+00
   0.3200E+00
   0.3200E+00
   0.3193E+00
   0.3178E+00
   0.3155E+00
   0.3126E+00
   0.3089E+00
   0.3044E+00
   0.2993E+00
   0.2935E+00
   0.2870E+00
   0.2798E+00
   0.2719E+00
   0.2634E+00
   0.2543E+00
   0.2447E+00
   0.2344E+00
   0.2236E+00
   0.2123E+00
   0.2004E+00
   0.1882E+00
   0.1754E+00
   0.1623E+00
   0.1488E+00
   0.1349E+00
   0.1207E+00
   0.1062E+00
   0.9153E-01
   0.7661E-01
   0.6150E-01
   0.4625E-01
   0.3089E-01
   0.1547E-01
   0.0000E+00
   0.0000E+00
   0.1471E-01
   0.2938E-01
   0.4398E-01
   0.5848E-01
   0.7284E-01
   0.8704E-01
   0.1010E+00
   0.1148E+00
   0.1283E+00
   0.1415E+00
   0.1543E+00
   0.1668E+00
   0.1789E+00
   0.1906E+00
   0.2018E+00
   0.2126E+00
   0.2229E+00
   0.2326E+00
   0.2419E+00
   0.2505E+00
   0.2586E+00
   0.2660E+00
   0.2729E+00
   0.2791E+00
   0.2846E+00
   0.2895E+00
   0.2937E+00
   0.2972E+00
   0.3000E+00
   0.3022E+00
   0.3036E+00
   0.3043E+00
   0.3043E+00
   0.3036E+00
   0.3022E+00
   0.3000E+00
   0.2972E+00
   0.2937E+00
   0.2895E+00
   0.2846E+00
   0.2791E+00
   0.2729E+00
   0.2660E+00
   0.2586E+00
   0.2505E+00
   0.2419E+00
   0.2326E+00
   0.2229E+00
   0.2126E+00
   0.2018E+00
   0.1906E+00
   0.1789E+00
   0.1668E+00
   0.1543E+00
   0.1415E+00
   0.1283E+00
   0.1148E+00
   0.1010E+00
   0.8704E-01
   0.7284E-01
   0.5848E-01
   0.4398E-01
   0.2938E-01
   0.1471E-01
   0.0000E+00
   0.0000E+00
   0.1398E-01
   0.2793E-01
   0.4182E-01
   0.5560E-01
   0.6926E-01
   0.8276E-01
   0.9606E-01
   0.1091E+00
   0.1220E+00
   0.1345E+00
   0.1467E+00
   0.1586E+00
   0.1701E+00
   0.1812E+00
   0.1919E+00
   0.2022E+00
   0.2119E+00
   0.2212E+00
   0.2300E+00
   0.2382E+00
   0.2458E+00
   0.2529E+00
   0.2594E+00
   0.2653E+00
   0.2706E+00
   0.2752E+00
   0.2792E+00
   0.2826E+00
   0.2853E+00
   0.2873E+00
   0.2886E+00
   0.2893E+00
   0.2893E+00
   0.2886E+00
   0.2873E+00
   0.2853E+00
   0.2826E+00
   0.2792E+00
   0.2752E+00
   0.2706E+00
   0.2653E+00
   0.2594E+00
   0.2529E+00
   0.2458E+00
   0.2382E+00
   0.2300E+00
   0.2212E+00
   0.2119E+00
   0.2022E+00
   0.1919E+00
   0.1812E+00
   0.1701E+00
   0.1586E+00
   0.1467E+00
   0.1345E+00
   0.1220E+00
   0.1091E+00
   0.9606E-01
   0.8276E-01
   0.6926E-01
   0.5560E-01
   0.4182E-01
   0.2793E-01
   0.1398E-01
   0.0000E+00
   0.0000E+00
   0.1329E-01
   0.2656E-01
   0.3976E-01
   0.5287E-01
   0.6585E-01
   0.7868E-01
   0.9133E-01
   0.1038E+00
   0.1160E+00
   0.1279E+00
   0.1395E+00
   0.1508E+00
   0.1617E+00
   0.1723E+00
   0.1825E+00
   0.1922E+00
   0.2015E+00
   0.2103E+00
   0.2186E+00
   0.2265E+00
   0.2337E+00
   0.2405E+00
   0.2467E+00
   0.2523E+00
   0.2573E+00
   0.2617E+00
   0.2655E+00
   0.2687E+00
   0.2712E+00
   0.2732E+00
   0.2744E+00
   0.2751E+00
   0.2751E+00
   0.2744E+00
   0.2732E+00
   0.2712E+00
   0.2687E+00
   0.2655E+00
   0.2617E+00
   0.2573E+00
   0.2523E+00
   0.2467E+00
   0.2405E+00
   0.2337E+00
   0.2265E+00
   0.2186E+00
   0.2103E+00
   0.2015E+00
   0.1922E+00
   0.1825E+00
   0.1723E+00
   0.1617E+00
   0.1508E+00
   0.1395E+00
   0.1279E+00
   0.1160E+00
   0.1038E+00
   0.9133E-01
   0.7868E-01
   0.6585E-01
   0.5287E-01
   0.3976E-01
   0.2656E-01
   0.1329E-01
   0.0000E+00
   0.0000E+00
   0.1264E-01
   0.2525E-01
   0.3780E-01
   0.5026E-01
   0.6260E-01
   0.7480E-01
   0.8682E-01
   0.9865E-01
   0.1102E+00
   0.1216E+00
   0.1326E+00
   0.1434E+00
   0.1538E+00
   0.1638E+00
   0.1735E+00
   0.1827E+00
   0.1916E+00
   0.1999E+00
   0.2079E+00
   0.2153E+00
   0.2222E+00
   0.2286E+00
   0.2345E+00
   0.2398E+00
   0.2446E+00
   0.2488E+00
   0.2524E+00
   0.2554E+00
   0.2579E+00
   0.2597E+00
   0.2609E+00
   0.2615E+00
   0.2615E+00
   0.2609E+00
   0.2597E+00
   0.2579E+00
   0.2554E+00
   0.2524E+00
   0.2488E+00
   0.2446E+00
   0.2398E+00
   0.2345E+00
   0.2286E+00
   0.2222E+00
   0.2153E+00
   0.2079E+00
   0.1999E+00
   0.1916E+00
   0.1827E+00
   0.1735E+00
   0.1638E+00
   0.1538E+00
   0.1434E+00
   0.1326E+00
   0.1216E+00
   0.1102E+00
   0.9865E-01
   0.8682E-01
   0.7480E-01
   0.6260E-01
   0.5026E-01
   0.3780E-01
   0.2525E-01
   0.1264E-01
   0.0000E+00
   0.0000E+00
   0.1201E-01
   0.2400E-01
   0.3593E-01
   0.4778E-01
   0.5951E-01
   0.7111E-01
   0.8254E-01
   0.9378E-01
   0.1048E+00
   0.1156E+00
   0.1261E+00
   0.1363E+00
   0.1462E+00
   0.1557E+00
   0.1649E+00
   0.1737E+00
   0.1821E+00
   0.1901E+00
   0.1976E+00
   0.2047E+00
   0.2113E+00
   0.2173E+00
   0.2229E+00
   0.2280E+00
   0.2325E+00
   0.2365E+00
   0.2400E+00
   0.2428E+00
   0.2451E+00
   0.2469E+00
   0.2480E+00
   0.2486E+00
   0.2486E+00
   0.2480E+00
   0.2469E+00
   0.2451E+00
   0.2428E+00
   0.2400E+00
   0.2365E+00
   0.2325E+00
   0.2280E+00
   0.2229E+00
   0.2173E+00
   0.2113E+00
   0.2047E+00
   0.1976E+00
   0.1901E+00
   0.1821E+00
   0.1737E+00
   0.1649E+00
   0.1557E+00
   0.1462E+00
   0.1363E+00
   0.1261E+00
   0.1156E+00
   0.1048E+00
   0.9378E-01
   0.8254E-01
   0.7111E-01
   0.5951E-01
   0.4778E-01
   0.3593E-01
   0.2400E-01
   0.1201E-01
   0.0000E+00
   0.0000E+00
   0.1142E-01
   0.2282E-01
   0.3416E-01
   0.4542E-01
   0.5658E-01
   0.6760E-01
   0.7846E-01
   0.8915E-01
   0.9962E-01
   0.1099E+00
   0.1198E+00
   0.1296E+00
   0.1390E+00
   0.1480E+00
   0.1568E+00
   0.1651E+00
   0.1731E+00
   0.1807E+00
   0.1878E+00
   0.1946E+00
   0.2008E+00
   0.2066E+00
   0.2119E+00
   0.2167E+00
   0.2210E+00
   0.2248E+00
   0.2281E+00
   0.2308E+00
   0.2330E+00
   0.2347E+00
   0.2358E+00
   0.2363E+00
   0.2363E+00
   0.2358E+00
   0.2347E+00
   0.2330E+00
   0.2308E+00
   0.2281E+00
   0.2248E+00
   0.2210E+00
   0.2167E+00
   0.2119E+00
   0.2066E+00
   0.2008E+00
   0.1946E+00
   0.1878E+00
   0.1807E+00
   0.1731E+00
   0.1651E+00
   0.1568E+00
   0.1480E+00
   0.1390E+00
   0.1296E+00
   0.1198E+00
   0.1099E+00
   0.9962E-01
   0.8915E-01
   0.7846E-01
   0.6760E-01
   0.5658E-01
   0.4542E-01
   0.3416E-01
   0.2282E-01
   0.1142E-01
   0.0000E+00
   0.0000E+00
   0.1086E-01
   0.2169E-01
   0.3247E-01
   0.4317E-01
   0.5378E-01
   0.6426E-01
   0.7459E-01
   0.8474E-01
   0.9470E-01
   0.1044E+00
   0.1139E+00
   0.1231E+00
   0.1321E+00
   0.1407E+00
   0.1490E+00
   0.1570E+00
   0.1646E+00
   0.1718E+00
   0.1786E+00
   0.1849E+00
   0.1909E+00
   0.1964E+00
   0.2014E+00
   0.2060E+00
   0.2101E+00
   0.2137E+00
   0.2168E+00
   0.2194E+00
   0.2215E+00
   0.2231E+00
   0.2241E+00
   0.2247E+00
   0.2247E+00
   0.2241E+00
   0.2231E+00
   0.2215E+00
   0.2194E+00
   0.2168E+00
   0.2137E+00
   0.2101E+00
   0.2060E+00
   0.2014E+00
   0.1964E+00
   0.1909E+00
   0.1849E+00
   0.1786E+00
   0.1718E+00
   0.1646E+00
   0.1570E+00
   0.1490E+00
   0.1407E+00
   0.1321E+00
   0.1231E+00
   0.1139E+00
   0.1044E+00
   0.9470E-01
   0.8474E-01
   0.7459E-01
   0.6426E-01
   0.5378E-01
   0.4317E-01
   0.3247E-01
   0.2169E-01
   0.1086E-01
   0.0000E+00
   0.0000E+00
   0.1032E-01
   0.2062E-01
   0.3086E-01
   0.4104E-01
   0.5112E-01
   0.6108E-01
   0.7090E-01
   0.8055E-01
   0.9001E-01
   0.9927E-01
   0.1083E+00
   0.1171E+00
   0.1256E+00
   0.1338E+00
   0.1416E+00
   0.1492E+00
   0.1564E+00
   0.1633E+00
   0.1697E+00
   0.1758E+00
   0.1815E+00
   0.1867E+00
   0.1915E+00
   0.1958E+00
   0.1997E+00
   0.2032E+00
   0.2061E+00
   0.2086E+00
   0.2106E+00
   0.2121E+00
   0.2130E+00
   0.2135E+00
   0.2135E+00
   0.2130E+00
   0.2121E+00
   0.2106E+00
   0.2086E+00
   0.2061E+00
   0.2032E+00
   0.1997E+00
   0.1958E+00
   0.1915E+00
   0.1867E+00
   0.1815E+00
   0.1758E+00
   0.1697E+00
   0.1633E+00
   0.1564E+00
   0.1492E+00
   0.1416E+00
   0.1338E+00
   0.1256E+00
   0.1171E+00
   0.1083E+00
   0.9927E-01
   0.9001E-01
   0.8055E-01
   0.7090E-01
   0.6108E-01
   0.5112E-01
   0.4104E-01
   0.3086E-01
   0.2062E-01
   0.1032E-01
   0.0000E+00
   0.0000E+00
   0.9810E-02
   0.1960E-01
   0.2934E-01
   0.3901E-01
   0.4859E-01
   0.5806E-01
   0.6739E-01
   0.7657E-01
   0.8556E-01
   0.9436E-01
   0.1029E+00
   0.1113E+00
   0.1193E+00
   0.1271E+00
   0.1346E+00
   0.1418E+00
   0.1487E+00
   0.1552E+00
   0.1613E+00
   0.1671E+00
   0.1725E+00
   0.1775E+00
   0.1820E+00
   0.1861E+00
   0.1898E+00
   0.1931E+00
   0.1959E+00
   0.1983E+00
   0.2001E+00
   0.2016E+00
   0.2025E+00
   0.2030E+00
   0.2030E+00
   0.2025E+00
   0.2016E+00
   0.2001E+00
   0.1983E+00
   0.1959E+00
   0.1931E+00
   0.1898E+00
   0.1861E+00
   0.1820E+00
   0.1775E+00
   0.1725E+00
   0.1671E+00
   0.1613E+00
   0.1552E+00
   0.1487E+00
   0.1418E+00
   0.1346E+00
   0.1271E+00
   0.1193E+00
   0.1113E+00
   0.1029E+00
   0.9436E-01
   0.8556E-01
   0.7657E-01
   0.6739E-01
   0.5806E-01
   0.4859E-01
   0.3901E-01
   0.2934E-01
   0.1960E-01
   0.9810E-02
   0.0000E+00
   0.0000E+00
   0.9324E-02
   0.1863E-01
   0.2789E-01
   0.3708E-01
   0.4619E-01
   0.5519E-01
   0.6406E-01
   0.7278E-01
   0.8133E-01
   0.8969E-01
   0.9784E-01
   0.1058E+00
   0.1134E+00
   0.1209E+00
   0.1280E+00
   0.1348E+00
   0.1413E+00
   0.1475E+00
   0.1533E+00
   0.1588E+00
   0.1639E+00
   0.1687E+00
   0.1730E+00
   0.1769E+00
   0.1805E+00
   0.1835E+00
   0.1862E+00
   0.1884E+00
   0.1902E+00
   0.1916E+00
   0.1925E+00
   0.1929E+00
   0.1929E+00
   0.1925E+00
   0.1916E+00
   0.1902E+00
   0.1884E+00
   0.1862E+00
   0.1835E+00
   0.1805E+00
   0.1769E+00
   0.1730E+00
   0.1687E+00
   0.1639E+00
   0.1588E+00
   0.1533E+00
   0.1475E+00
   0.1413E+00
   0.1348E+00
   0.1280E+00
   0.1209E+00
   0.1134E+00
   0.1058E+00
   0.9784E-01
   0.8969E-01
   0.8133E-01
   0.7278E-01
   0.6406E-01
   0.5519E-01
   0.4619E-01
   0.3708E-01
   0.2789E-01
   0.1863E-01
   0.9324E-02
   0.0000E+00
   0.0000E+00
   0.8863E-02
   0.1771E-01
   0.2651E-01
   0.3524E-01
   0.4390E-01
   0.5246E-01
   0.6089E-01
   0.6918E-01
   0.7730E-01
   0.8525E-01
   0.9300E-01
   0.1005E+00
   0.1078E+00
   0.1149E+00
   0.1216E+00
   0.1281E+00
   0.1343E+00
   0.1402E+00
   0.1458E+00
   0.1510E+00
   0.1558E+00
   0.1603E+00
   0.1644E+00
   0.1682E+00
   0.1715E+00
   0.1745E+00
   0.1770E+00
   0.1791E+00
   0.1808E+00
   0.1821E+00
   0.1830E+00
   0.1834E+00
   0.1834E+00
   0.1830E+00
   0.1821E+00
   0.1808E+00
   0.1791E+00
   0.1770E+00
   0.1745E+00
   0.1715E+00
   0.1682E+00
   0.1644E+00
   0.1603E+00
   0.1558E+00
   0.1510E+00
   0.1458E+00
   0.1402E+00
   0.1343E+00
   0.1281E+00
   0.1216E+00
   0.1149E+00
   0.1078E+00
   0.1005E+00
   0.9300E-01
   0.8525E-01
   0.7730E-01
   0.6918E-01
   0.6089E-01
   0.5246E-01
   0.4390E-01
   0.3524E-01
   0.2651E-01
   0.1771E-01
   0.8863E-02
   0.0000E+00
   0.0000E+00
   0.8425E-02
   0.1683E-01
   0.2519E-01
   0.3350E-01
   0.4173E-01
   0.4986E-01
   0.5788E-01
   0.6576E-01
   0.7348E-01
   0.8103E-01
   0.8840E-01
   0.9556E-01
   0.1025E+00
   0.1092E+00
   0.1156E+00
   0.1218E+00
   0.1277E+00
   0.1333E+00
   0.1386E+00
   0.1435E+00
   0.1481E+00
   0.1524E+00
   0.1563E+00
   0.1599E+00
   0.1630E+00
   0.1658E+00
   0.1682E+00
   0.1703E+00
   0.1719E+00
   0.1731E+00
   0.1739E+00
   0.1743E+00
   0.1743E+00
   0.1739E+00
   0.1731E+00
   0.1719E+00
   0.1703E+00
   0.1682E+00
   0.1658E+00
   0.1630E+00
   0.1599E+00
   0.1563E+00
   0.1524E+00
   0.1481E+00
   0.1435E+00
   0.1386E+00
   0.1333E+00
   0.1277E+00
   0.1218E+00
   0.1156E+00
   0.1092E+00
   0.1025E+00
   0.9556E-01
   0.8840E-01
   0.8103E-01
   0.7348E-01
   0.6576E-01
   0.5788E-01
   0.4986E-01
   0.4173E-01
   0.3350E-01
   0.2519E-01
   0.1683E-01
   0.8425E-02
   0.0000E+00
   0.0000E+00
   0.8008E-02
   0.1600E-01
   0.2395E-01
   0.3185E-01
   0.3967E-01
   0.4740E-01
   0.5501E-01
   0.6250E-01
   0.6985E-01
   0.7703E-01
   0.8403E-01
   0.9083E-01
   0.9743E-01
   0.1038E+00
   0.1099E+00
   0.1158E+00
   0.1214E+00
   0.1267E+00
   0.1317E+00
   0.1364E+00
   0.1408E+00
   0.1449E+00
   0.1486E+00
   0.1520E+00
   0.1550E+00
   0.1576E+00
   0.1599E+00
   0.1618E+00
   0.1634E+00
   0.1645E+00
   0.1653E+00
   0.1657E+00
   0.1657E+00
   0.1653E+00
   0.1645E+00
   0.1634E+00
   0.1618E+00
   0.1599E+00
   0.1576E+00
   0.1550E+00
   0.1520E+00
   0.1486E+00
   0.1449E+00
   0.1408E+00
   0.1364E+00
   0.1317E+00
   0.1267E+00
   0.1214E+00
   0.1158E+00
   0.1099E+00
   0.1038E+00
   0.9743E-01
   0.9083E-01
   0.8403E-01
   0.7703E-01
   0.6985E-01
   0.6250E-01
   0.5501E-01
   0.4740E-01
   0.3967E-01
   0.3185E-01
   0.2395E-01
   0.1600E-01
   0.8008E-02
   0.0000E+00
   0.0000E+00
   0.7612E-02
   0.1521E-01
   0.2277E-01
   0.3027E-01
   0.3771E-01
   0.4506E-01
   0.5230E-01
   0.5942E-01
   0.6640E-01
   0.7322E-01
   0.7988E-01
   0.8635E-01
   0.9261E-01
   0.9866E-01
   0.1045E+00
   0.1101E+00
   0.1154E+00
   0.1204E+00
   0.1252E+00
   0.1297E+00
   0.1338E+00
   0.1377E+00
   0.1412E+00
   0.1445E+00
   0.1473E+00
   0.1499E+00
   0.1520E+00
   0.1539E+00
   0.1553E+00
   0.1564E+00
   0.1572E+00
   0.1575E+00
   0.1575E+00
   0.1572E+00
   0.1564E+00
   0.1553E+00
   0.1539E+00
   0.1520E+00
   0.1499E+00
   0.1473E+00
   0.1445E+00
   0.1412E+00
   0.1377E+00
   0.1338E+00
   0.1297E+00
   0.1252E+00
   0.1204E+00
   0.1154E+00
   0.1101E+00
   0.1045E+00
   0.9866E-01
   0.9261E-01
   0.8635E-01
   0.7988E-01
   0.7322E-01
   0.6640E-01
   0.5942E-01
   0.5230E-01
   0.4506E-01
   0.3771E-01
   0.3027E-01
   0.2277E-01
   0.1521E-01
   0.7612E-02
   0.0000E+00
   0.0000E+00
   0.7237E-02
   0.1446E-01
   0.2164E-01
   0.2878E-01
   0.3585E-01
   0.4283E-01
   0.4972E-01
   0.5649E-01
   0.6312E-01
   0.6961E-01
   0.7594E-01
   0.8209E-01
   0.8804E-01
   0.9380E-01
   0.9933E-01
   0.1046E+00
   0.1097E+00
   0.1145E+00
   0.1190E+00
   0.1233E+00
   0.1272E+00
   0.1309E+00
   0.1343E+00
   0.1373E+00
   0.1401E+00
   0.1425E+00
   0.1445E+00
   0.1463E+00
   0.1477E+00
   0.1487E+00
   0.1494E+00
   0.1497E+00
   0.1497E+00
   0.1494E+00
   0.1487E+00
   0.1477E+00
   0.1463E+00
   0.1445E+00
   0.1425E+00
   0.1401E+00
   0.1373E+00
   0.1343E+00
   0.1309E+00
   0.1272E+00
   0.1233E+00
   0.1190E+00
   0.1145E+00
   0.1097E+00
   0.1046E+00
   0.9933E-01
   0.9380E-01
   0.8804E-01
   0.8209E-01
   0.7594E-01
   0.6961E-01
   0.6312E-01
   0.5649E-01
   0.4972E-01
   0.4283E-01
   0.3585E-01
   0.2878E-01
   0.2164E-01
   0.1446E-01
   0.7237E-02
   0.0000E+00
   0.0000E+00
   0.6880E-02
   0.1374E-01
   0.2058E-01
   0.2736E-01
   0.3408E-01
   0.4072E-01
   0.4727E-01
   0.5370E-01
   0.6001E-01
   0.6618E-01
   0.7220E-01
   0.7804E-01
   0.8371E-01
   0.8918E-01
   0.9444E-01
   0.9948E-01
   0.1043E+00
   0.1088E+00
   0.1132E+00
   0.1172E+00
   0.1210E+00
   0.1245E+00
   0.1277E+00
   0.1306E+00
   0.1332E+00
   0.1354E+00
   0.1374E+00
   0.1391E+00
   0.1404E+00
   0.1414E+00
   0.1420E+00
   0.1424E+00
   0.1424E+00
   0.1420E+00
   0.1414E+00
   0.1404E+00
   0.1391E+00
   0.1374E+00
   0.1354E+00
   0.1332E+00
   0.1306E+00
   0.1277E+00
   0.1245E+00
   0.1210E+00
   0.1172E+00
   0.1132E+00
   0.1088E+00
   0.1043E+00
   0.9948E-01
   0.9444E-01
   0.8918E-01
   0.8371E-01
   0.7804E-01
   0.7220E-01
   0.6618E-01
   0.6001E-01
   0.5370E-01
   0.4727E-01
   0.4072E-01
   0.3408E-01
   0.2736E-01
   0.2058E-01
   0.1374E-01
   0.6880E-02
   0.0000E+00
   0.0000E+00
   0.6542E-02
   0.1307E-01
   0.1957E-01
   0.2602E-01
   0.3241E-01
   0.3872E-01
   0.4494E-01
   0.5106E-01
   0.5706E-01
   0.6293E-01
   0.6865E-01
   0.7421E-01
   0.7959E-01
   0.8479E-01
   0.8979E-01
   0.9458E-01
   0.9916E-01
   0.1035E+00
   0.1076E+00
   0.1114E+00
   0.1150E+00
   0.1183E+00
   0.1214E+00
   0.1241E+00
   0.1266E+00
   0.1288E+00
   0.1307E+00
   0.1322E+00
   0.1335E+00
   0.1344E+00
   0.1351E+00
   0.1354E+00
   0.1354E+00
   0.1351E+00
   0.1344E+00
   0.1335E+00
   0.1322E+00
   0.1307E+00
   0.1288E+00
   0.1266E+00
   0.1241E+00
   0.1214E+00
   0.1183E+00
   0.1150E+00
   0.1114E+00
   0.1076E+00
   0.1035E+00
   0.9916E-01
   0.9458E-01
   0.8979E-01
   0.8479E-01
   0.7959E-01
   0.7421E-01
   0.6865E-01
   0.6293E-01
   0.5706E-01
   0.5106E-01
   0.4494E-01
   0.3872E-01
   0.3241E-01
   0.2602E-01
   0.1957E-01
   0.1307E-01
   0.6542E-02
   0.0000E+00
   0.0000E+00
   0.6221E-02
   0.1243E-01
   0.1861E-01
   0.2474E-01
   0.3082E-01
   0.3682E-01
   0.4274E-01
   0.4856E-01
   0.5426E-01
   0.5984E-01
   0.6528E-01
   0.7057E-01
   0.7569E-01
   0.8063E-01
   0.8539E-01
   0.8994E-01
   0.9429E-01
   0.9842E-01
   0.1023E+00
   0.1060E+00
   0.1094E+00
   0.1125E+00
   0.1154E+00
   0.1181E+00
   0.1204E+00
   0.1225E+00
   0.1242E+00
   0.1257E+00
   0.1269E+00
   0.1278E+00
   0.1284E+00
   0.1287E+00
   0.1287E+00
   0.1284E+00
   0.1278E+00
   0.1269E+00
   0.1257E+00
   0.1242E+00
   0.1225E+00
   0.1204E+00
   0.1181E+00
   0.1154E+00
   0.1125E+00
   0.1094E+00
   0.1060E+00
   0.1023E+00
   0.9842E-01
   0.9429E-01
   0.8994E-01
   0.8539E-01
   0.8063E-01
   0.7569E-01
   0.7057E-01
   0.6528E-01
   0.5984E-01
   0.5426E-01
   0.4856E-01
   0.4274E-01
   0.3682E-01
   0.3082E-01
   0.2474E-01
   0.1861E-01
   0.1243E-01
   0.6221E-02
   0.0000E+00
   0.0000E+00
   0.5917E-02
   0.1182E-01
   0.1769E-01
   0.2353E-01
   0.2931E-01
   0.3502E-01
   0.4065E-01
   0.4618E-01
   0.5161E-01
   0.5691E-01
   0.6209E-01
   0.6711E-01
   0.7198E-01
   0.7669E-01
   0.8121E-01
   0.8554E-01
   0.8968E-01
   0.9360E-01
   0.9731E-01
   0.1008E+00
   0.1040E+00
   0.1070E+00
   0.1098E+00
   0.1123E+00
   0.1145E+00
   0.1165E+00
   0.1182E+00
   0.1196E+00
   0.1207E+00
   0.1216E+00
   0.1221E+00
   0.1224E+00
   0.1224E+00
   0.1221E+00
   0.1216E+00
   0.1207E+00
   0.1196E+00
   0.1182E+00
   0.1165E+00
   0.1145E+00
   0.1123E+00
   0.1098E+00
   0.1070E+00
   0.1040E+00
   0.1008E+00
   0.9731E-01
   0.9360E-01
   0.8968E-01
   0.8554E-01
   0.8121E-01
   0.7669E-01
   0.7198E-01
   0.6711E-01
   0.6209E-01
   0.5691E-01
   0.5161E-01
   0.4618E-01
   0.4065E-01
   0.3502E-01
   0.2931E-01
   0.2353E-01
   0.1769E-01
   0.1182E-01
   0.5917E-02
   0.0000E+00
   0.0000E+00
   0.5628E-02
   0.1124E-01
   0.1683E-01
   0.2238E-01
   0.2788E-01
   0.3331E-01
   0.3867E-01
   0.4393E-01
   0.4909E-01
   0.5414E-01
   0.5906E-01
   0.6384E-01
   0.6847E-01
   0.7295E-01
   0.7725E-01
   0.8137E-01
   0.8530E-01
   0.8904E-01
   0.9256E-01
   0.9587E-01
   0.9896E-01
   0.1018E+00
   0.1044E+00
   0.1068E+00
   0.1089E+00
   0.1108E+00
   0.1124E+00
   0.1137E+00
   0.1148E+00
   0.1156E+00
   0.1162E+00
   0.1165E+00
   0.1165E+00
   0.1162E+00
   0.1156E+00
   0.1148E+00
   0.1137E+00
   0.1124E+00
   0.1108E+00
   0.1089E+00
   0.1068E+00
   0.1044E+00
   0.1018E+00
   0.9896E-01
   0.9587E-01
   0.9256E-01
   0.8904E-01
   0.8530E-01
   0.8137E-01
   0.7725E-01
   0.7295E-01
   0.6847E-01
   0.6384E-01
   0.5906E-01
   0.5414E-01
   0.4909E-01
   0.4393E-01
   0.3867E-01
   0.3331E-01
   0.2788E-01
   0.2238E-01
   0.1683E-01
   0.1124E-01
   0.5628E-02
   0.0000E+00
   0.0000E+00
   0.5355E-02
   0.1070E-01
   0.1601E-01
   0.2129E-01
   0.2652E-01
   0.3169E-01
   0.3679E-01
   0.4179E-01
   0.4671E-01
   0.5151E-01
   0.5619E-01
   0.6074E-01
   0.6515E-01
   0.6940E-01
   0.7350E-01
   0.7742E-01
   0.8116E-01
   0.8471E-01
   0.8807E-01
   0.9121E-01
   0.9415E-01
   0.9686E-01
   0.9935E-01
   0.1016E+00
   0.1036E+00
   0.1054E+00
   0.1069E+00
   0.1082E+00
   0.1093E+00
   0.1100E+00
   0.1105E+00
   0.1108E+00
   0.1108E+00
   0.1105E+00
   0.1100E+00
   0.1093E+00
   0.1082E+00
   0.1069E+00
   0.1054E+00
   0.1036E+00
   0.1016E+00
   0.9935E-01
   0.9686E-01
   0.9415E-01
   0.9121E-01
   0.8807E-01
   0.8471E-01
   0.8116E-01
   0.7742E-01
   0.7350E-01
   0.6940E-01
   0.6515E-01
   0.6074E-01
   0.5619E-01
   0.5151E-01
   0.4671E-01
   0.4179E-01
   0.3679E-01
   0.3169E-01
   0.2652E-01
   0.2129E-01
   0.1601E-01
   0.1070E-01
   0.5355E-02
   0.0000E+00
   0.0000E+00
   0.5096E-02
   0.1018E-01
   0.1524E-01
   0.2026E-01
   0.2524E-01
   0.3016E-01
   0.3501E-01
   0.3977E-01
   0.4445E-01
   0.4901E-01
   0.5347E-01
   0.5780E-01
   0.6199E-01
   0.6604E-01
   0.6994E-01
   0.7367E-01
   0.7723E-01
   0.8061E-01
   0.8381E-01
   0.8680E-01
   0.8959E-01
   0.9218E-01
   0.9455E-01
   0.9670E-01
   0.9862E-01
   0.1003E+00
   0.1018E+00
   0.1030E+00
   0.1040E+00
   0.1047E+00
   0.1052E+00
   0.1054E+00
   0.1054E+00
   0.1052E+00
   0.1047E+00
   0.1040E+00
   0.1030E+00
   0.1018E+00
   0.1003E+00
   0.9862E-01
   0.9670E-01
   0.9455E-01
   0.9218E-01
   0.8959E-01
   0.8680E-01
   0.8381E-01
   0.8061E-01
   0.7723E-01
   0.7367E-01
   0.6994E-01
   0.6604E-01
   0.6199E-01
   0.5780E-01
   0.5347E-01
   0.4901E-01
   0.4445E-01
   0.3977E-01
   0.3501E-01
   0.3016E-01
   0.2524E-01
   0.2026E-01
   0.1524E-01
   0.1018E-01
   0.5096E-02
   0.0000E+00
   0.0000E+00
   0.4850E-02
   0.9689E-02
   0.1451E-01
   0.1929E-01
   0.2403E-01
   0.2871E-01
   0.3332E-01
   0.3786E-01
   0.4231E-01
   0.4666E-01
   0.5090E-01
   0.5502E-01
   0.5901E-01
   0.6287E-01
   0.6657E-01
   0.7013E-01
   0.7352E-01
   0.7673E-01
   0.7977E-01
   0.8262E-01
   0.8528E-01
   0.8774E-01
   0.9000E-01
   0.9204E-01
   0.9387E-01
   0.9548E-01
   0.9687E-01
   0.9803E-01
   0.9896E-01
   0.9966E-01
   0.1001E+00
   0.1004E+00
   0.1004E+00
   0.1001E+00
   0.9966E-01
   0.9896E-01
   0.9803E-01
   0.9687E-01
   0.9548E-01
   0.9387E-01
   0.9204E-01
   0.9000E-01
   0.8774E-01
   0.8528E-01
   0.8262E-01
   0.7977E-01
   0.7673E-01
   0.7352E-01
   0.7013E-01
   0.6657E-01
   0.6287E-01
   0.5901E-01
   0.5502E-01
   0.5090E-01
   0.4666E-01
   0.4231E-01
   0.3786E-01
   0.3332E-01
   0.2871E-01
   0.2403E-01
   0.1929E-01
   0.1451E-01
   0.9689E-02
   0.4850E-02
   0.0000E+00
   0.0000E+00
   0.4618E-02
   0.9225E-02
   0.1381E-01
   0.1836E-01
   0.2288E-01
   0.2733E-01
   0.3173E-01
   0.3605E-01
   0.4028E-01
   0.4442E-01
   0.4846E-01
   0.5238E-01
   0.5618E-01
   0.5986E-01
   0.6339E-01
   0.6677E-01
   0.7000E-01
   0.7306E-01
   0.7595E-01
   0.7867E-01
   0.8120E-01
   0.8354E-01
   0.8569E-01
   0.8763E-01
   0.8938E-01
   0.9091E-01
   0.9223E-01
   0.9334E-01
   0.9422E-01
   0.9489E-01
   0.9534E-01
   0.9556E-01
   0.9556E-01
   0.9534E-01
   0.9489E-01
   0.9422E-01
   0.9334E-01
   0.9223E-01
   0.9091E-01
   0.8938E-01
   0.8763E-01
   0.8569E-01
   0.8354E-01
   0.8120E-01
   0.7867E-01
   0.7595E-01
   0.7306E-01
   0.7000E-01
   0.6677E-01
   0.6339E-01
   0.5986E-01
   0.5618E-01
   0.5238E-01
   0.4846E-01
   0.4442E-01
   0.4028E-01
   0.3605E-01
   0.3173E-01
   0.2733E-01
   0.2288E-01
   0.1836E-01
   0.1381E-01
   0.9225E-02
   0.4618E-02
   0.0000E+00
   0.0000E+00
   0.4398E-02
   0.8787E-02
   0.1315E-01
   0.1749E-01
   0.2179E-01
   0.2603E-01
   0.3022E-01
   0.3433E-01
   0.3836E-01
   0.4231E-01
   0.4615E-01
   0.4989E-01
   0.5351E-01
   0.5701E-01
   0.6037E-01
   0.6359E-01
   0.6667E-01
   0.6958E-01
   0.7234E-01
   0.7492E-01
   0.7733E-01
   0.7957E-01
   0.8161E-01
   0.8346E-01
   0.8512E-01
   0.8658E-01
   0.8784E-01
   0.8889E-01
   0.8974E-01
   0.9038E-01
   0.9080E-01
   0.9101E-01
   0.9101E-01
   0.9080E-01
   0.9038E-01
   0.8974E-01
   0.8889E-01
   0.8784E-01
   0.8658E-01
   0.8512E-01
   0.8346E-01
   0.8161E-01
   0.7957E-01
   0.7733E-01
   0.7492E-01
   0.7234E-01
   0.6958E-01
   0.6667E-01
   0.6359E-01
   0.6037E-01
   0.5701E-01
   0.5351E-01
   0.4989E-01
   0.4615E-01
   0.4231E-01
   0.3836E-01
   0.3433E-01
   0.3022E-01
   0.2603E-01
   0.2179E-01
   0.1749E-01
   0.1315E-01
   0.8787E-02
   0.4398E-02
   0.0000E+00
   0.0000E+00
   0.4191E-02
   0.8371E-02
   0.1253E-01
   0.1666E-01
   0.2076E-01
   0.2480E-01
   0.2879E-01
   0.3271E-01
   0.3655E-01
   0.4031E-01
   0.4397E-01
   0.4753E-01
   0.5098E-01
   0.5431E-01
   0.5752E-01
   0.6059E-01
   0.6352E-01
   0.6629E-01
   0.6892E-01
   0.7138E-01
   0.7368E-01
   0.7581E-01
   0.7775E-01
   0.7952E-01
   0.8110E-01
   0.8249E-01
   0.8369E-01
   0.8469E-01
   0.8550E-01
   0.8610E-01
   0.8651E-01
   0.8671E-01
   0.8671E-01
   0.8651E-01
   0.8610E-01
   0.8550E-01
   0.8469E-01
   0.8369E-01
   0.8249E-01
   0.8110E-01
   0.7952E-01
   0.7775E-01
   0.7581E-01
   0.7368E-01
   0.7138E-01
   0.6892E-01
   0.6629E-01
   0.6352E-01
   0.6059E-01
   0.5752E-01
   0.5431E-01
   0.5098E-01
   0.4753E-01
   0.4397E-01
   0.4031E-01
   0.3655E-01
   0.3271E-01
   0.2879E-01
   0.2480E-01
   0.2076E-01
   0.1666E-01
   0.1253E-01
   0.8371E-02
   0.4191E-02
   0.0000E+00
   0.0000E+00
   0.3994E-02
   0.7979E-02
   0.1194E-01
   0.1588E-01
   0.1978E-01
   0.2364E-01
   0.2744E-01
   0.3117E-01
   0.3484E-01
   0.3842E-01
   0.4191E-01
   0.4530E-01
   0.4859E-01
   0.5177E-01
   0.5482E-01
   0.5775E-01
   0.6054E-01
   0.6319E-01
   0.6569E-01
   0.6804E-01
   0.7023E-01
   0.7225E-01
   0.7411E-01
   0.7579E-01
   0.7730E-01
   0.7862E-01
   0.7977E-01
   0.8072E-01
   0.8149E-01
   0.8207E-01
   0.8245E-01
   0.8265E-01
   0.8265E-01
   0.8245E-01
   0.8207E-01
   0.8149E-01
   0.8072E-01
   0.7977E-01
   0.7862E-01
   0.7730E-01
   0.7579E-01
   0.7411E-01
   0.7225E-01
   0.7023E-01
   0.6804E-01
   0.6569E-01
   0.6319E-01
   0.6054E-01
   0.5775E-01
   0.5482E-01
   0.5177E-01
   0.4859E-01
   0.4530E-01
   0.4191E-01
   0.3842E-01
   0.3484E-01
   0.3117E-01
   0.2744E-01
   0.2364E-01
   0.1978E-01
   0.1588E-01
   0.1194E-01
   0.7979E-02
   0.3994E-02
   0.0000E+00
   0.0000E+00
   0.3808E-02
   0.7608E-02
   0.1139E-01
   0.1514E-01
   0.1886E-01
   0.2254E-01
   0.2616E-01
   0.2973E-01
   0.3322E-01
   0.3663E-01
   0.3996E-01
   0.4320E-01
   0.4633E-01
   0.4936E-01
   0.5227E-01
   0.5506E-01
   0.5772E-01
   0.6025E-01
   0.6263E-01
   0.6487E-01
   0.6696E-01
   0.6889E-01
   0.7066E-01
   0.7227E-01
   0.7370E-01
   0.7497E-01
   0.7606E-01
   0.7697E-01
   0.7770E-01
   0.7825E-01
   0.7862E-01
   0.7880E-01
   0.7880E-01
   0.7862E-01
   0.7825E-01
   0.7770E-01
   0.7697E-01
   0.7606E-01
   0.7497E-01
   0.7370E-01
   0.7227E-01
   0.7066E-01
   0.6889E-01
   0.6696E-01
   0.6487E-01
   0.6263E-01
   0.6025E-01
   0.5772E-01
   0.5506E-01
   0.5227E-01
   0.4936E-01
   0.4633E-01
   0.4320E-01
   0.3996E-01
   0.3663E-01
   0.3322E-01
   0.2973E-01
   0.2616E-01
   0.2254E-01
   0.1886E-01
   0.1514E-01
   0.1139E-01
   0.7608E-02
   0.3808E-02
   0.0000E+00
   0.0000E+00
   0.3633E-02
   0.7257E-02
   0.1087E-01
   0.1445E-01
   0.1800E-01
   0.2150E-01
   0.2496E-01
   0.2836E-01
   0.3169E-01
   0.3495E-01
   0.3812E-01
   0.4121E-01
   0.4420E-01
   0.4709E-01
   0.4986E-01
   0.5253E-01
   0.5506E-01
   0.5747E-01
   0.5975E-01
   0.6189E-01
   0.6388E-01
   0.6572E-01
   0.6741E-01
   0.6894E-01
   0.7031E-01
   0.7152E-01
   0.7255E-01
   0.7342E-01
   0.7412E-01
   0.7465E-01
   0.7500E-01
   0.7517E-01
   0.7517E-01
   0.7500E-01
   0.7465E-01
   0.7412E-01
   0.7342E-01
   0.7255E-01
   0.7152E-01
   0.7031E-01
   0.6894E-01
   0.6741E-01
   0.6572E-01
   0.6388E-01
   0.6189E-01
   0.5975E-01
   0.5747E-01
   0.5506E-01
   0.5253E-01
   0.4986E-01
   0.4709E-01
   0.4420E-01
   0.4121E-01
   0.3812E-01
   0.3495E-01
   0.3169E-01
   0.2836E-01
   0.2496E-01
   0.2150E-01
   0.1800E-01
   0.1445E-01
   0.1087E-01
   0.7257E-02
   0.3633E-02
   0.0000E+00
   0.0000E+00
   0.3467E-02
   0.6927E-02
   0.1037E-01
   0.1379E-01
   0.1718E-01
   0.2052E-01
   0.2382E-01
   0.2706E-01
   0.3024E-01
   0.3335E-01
   0.3638E-01
   0.3933E-01
   0.4218E-01
   0.4494E-01
   0.4759E-01
   0.5013E-01
   0.5255E-01
   0.5485E-01
   0.5703E-01
   0.5906E-01
   0.6096E-01
   0.6272E-01
   0.6433E-01
   0.6580E-01
   0.6710E-01
   0.6826E-01
   0.6925E-01
   0.7008E-01
   0.7074E-01
   0.7124E-01
   0.7158E-01
   0.7175E-01
   0.7175E-01
   0.7158E-01
   0.7124E-01
   0.7074E-01
   0.7008E-01
   0.6925E-01
   0.6826E-01
   0.6710E-01
   0.6580E-01
   0.6433E-01
   0.6272E-01
   0.6096E-01
   0.5906E-01
   0.5703E-01
   0.5485E-01
   0.5255E-01
   0.5013E-01
   0.4759E-01
   0.4494E-01
   0.4218E-01
   0.3933E-01
   0.3638E-01
   0.3335E-01
   0.3024E-01
   0.2706E-01
   0.2382E-01
   0.2052E-01
   0.1718E-01
   0.1379E-01
   0.1037E-01
   0.6927E-02
   0.3467E-02
   0.0000E+00
   0.0000E+00
   0.3311E-02
   0.6614E-02
   0.9902E-02
   0.1317E-01
   0.1640E-01
   0.1960E-01
   0.2275E-01
   0.2584E-01
   0.2888E-01
   0.3185E-01
   0.3474E-01
   0.3756E-01
   0.4028E-01
   0.4291E-01
   0.4545E-01
   0.4787E-01
   0.5018E-01
   0.5238E-01
   0.5445E-01
   0.5640E-01
   0.5822E-01
   0.5990E-01
   0.6143E-01
   0.6283E-01
   0.6408E-01
   0.6518E-01
   0.6613E-01
   0.6692E-01
   0.6755E-01
   0.6803E-01
   0.6835E-01
   0.6851E-01
   0.6851E-01
   0.6835E-01
   0.6803E-01
   0.6755E-01
   0.6692E-01
   0.6613E-01
   0.6518E-01
   0.6408E-01
   0.6283E-01
   0.6143E-01
   0.5990E-01
   0.5822E-01
   0.5640E-01
   0.5445E-01
   0.5238E-01
   0.5018E-01
   0.4787E-01
   0.4545E-01
   0.4291E-01
   0.4028E-01
   0.3756E-01
   0.3474E-01
   0.3185E-01
   0.2888E-01
   0.2584E-01
   0.2275E-01
   0.1960E-01
   0.1640E-01
   0.1317E-01
   0.9902E-02
   0.6614E-02
   0.3311E-02
   0.0000E+00
   0.0000E+00
   0.3164E-02
   0.6320E-02
   0.9461E-02
   0.1258E-01
   0.1567E-01
   0.1872E-01
   0.2173E-01
   0.2469E-01
   0.2759E-01
   0.3043E-01
   0.3320E-01
   0.3588E-01
   0.3849E-01
   0.4100E-01
   0.4342E-01
   0.4574E-01
   0.4795E-01
   0.5005E-01
   0.5203E-01
   0.5389E-01
   0.5562E-01
   0.5723E-01
   0.5870E-01
   0.6003E-01
   0.6123E-01
   0.6228E-01
   0.6318E-01
   0.6394E-01
   0.6455E-01
   0.6500E-01
   0.6531E-01
   0.6546E-01
   0.6546E-01
   0.6531E-01
   0.6500E-01
   0.6455E-01
   0.6394E-01
   0.6318E-01
   0.6228E-01
   0.6123E-01
   0.6003E-01
   0.5870E-01
   0.5723E-01
   0.5562E-01
   0.5389E-01
   0.5203E-01
   0.5005E-01
   0.4795E-01
   0.4574E-01
   0.4342E-01
   0.4100E-01
   0.3849E-01
   0.3588E-01
   0.3320E-01
   0.3043E-01
   0.2759E-01
   0.2469E-01
   0.2173E-01
   0.1872E-01
   0.1567E-01
   0.1258E-01
   0.9461E-02
   0.6320E-02
   0.3164E-02
   0.0000E+00
   0.0000E+00
   0.3025E-02
   0.6042E-02
   0.9045E-02
   0.1203E-01
   0.1498E-01
   0.1790E-01
   0.2078E-01
   0.2361E-01
   0.2638E-01
   0.2909E-01
   0.3174E-01
   0.3431E-01
   0.3680E-01
   0.3920E-01
   0.4151E-01
   0.4373E-01
   0.4584E-01
   0.4785E-01
   0.4974E-01
   0.5152E-01
   0.5318E-01
   0.5471E-01
   0.5612E-01
   0.5739E-01
   0.5854E-01
   0.5954E-01
   0.6040E-01
   0.6113E-01
   0.6171E-01
   0.6215E-01
   0.6244E-01
   0.6259E-01
   0.6259E-01
   0.6244E-01
   0.6215E-01
   0.6171E-01
   0.6113E-01
   0.6040E-01
   0.5954E-01
   0.5854E-01
   0.5739E-01
   0.5612E-01
   0.5471E-01
   0.5318E-01
   0.5152E-01
   0.4974E-01
   0.4785E-01
   0.4584E-01
   0.4373E-01
   0.4151E-01
   0.3920E-01
   0.3680E-01
   0.3431E-01
   0.3174E-01
   0.2909E-01
   0.2638E-01
   0.2361E-01
   0.2078E-01
   0.1790E-01
   0.1498E-01
   0.1203E-01
   0.9045E-02
   0.6042E-02
   0.3025E-02
   0.0000E+00
   0.0000E+00
   0.2894E-02
   0.5780E-02
   0.8654E-02
   0.1151E-01
   0.1433E-01
   0.1713E-01
   0.1988E-01
   0.2258E-01
   0.2524E-01
   0.2783E-01
   0.3036E-01
   0.3282E-01
   0.3520E-01
   0.3750E-01
   0.3972E-01
   0.4183E-01
   0.4386E-01
   0.4578E-01
   0.4759E-01
   0.4929E-01
   0.5088E-01
   0.5234E-01
   0.5369E-01
   0.5491E-01
   0.5600E-01
   0.5696E-01
   0.5779E-01
   0.5848E-01
   0.5904E-01
   0.5945E-01
   0.5973E-01
   0.5987E-01
   0.5987E-01
   0.5973E-01
   0.5945E-01
   0.5904E-01
   0.5848E-01
   0.5779E-01
   0.5696E-01
   0.5600E-01
   0.5491E-01
   0.5369E-01
   0.5234E-01
   0.5088E-01
   0.4929E-01
   0.4759E-01
   0.4578E-01
   0.4386E-01
   0.4183E-01
   0.3972E-01
   0.3750E-01
   0.3520E-01
   0.3282E-01
   0.3036E-01
   0.2783E-01
   0.2524E-01
   0.2258E-01
   0.1988E-01
   0.1713E-01
   0.1433E-01
   0.1151E-01
   0.8654E-02
   0.5780E-02
   0.2894E-02
   0.0000E+00
   0.0000E+00
   0.2770E-02
   0.5534E-02
   0.8284E-02
   0.1102E-01
   0.1372E-01
   0.1640E-01
   0.1903E-01
   0.2162E-01
   0.2416E-01
   0.2665E-01
   0.2907E-01
   0.3142E-01
   0.3370E-01
   0.3590E-01
   0.3802E-01
   0.4005E-01
   0.4199E-01
   0.4382E-01
   0.4556E-01
   0.4719E-01
   0.4871E-01
   0.5011E-01
   0.5140E-01
   0.5257E-01
   0.5361E-01
   0.5453E-01
   0.5532E-01
   0.5599E-01
   0.5652E-01
   0.5692E-01
   0.5719E-01
   0.5732E-01
   0.5732E-01
   0.5719E-01
   0.5692E-01
   0.5652E-01
   0.5599E-01
   0.5532E-01
   0.5453E-01
   0.5361E-01
   0.5257E-01
   0.5140E-01
   0.5011E-01
   0.4871E-01
   0.4719E-01
   0.4556E-01
   0.4382E-01
   0.4199E-01
   0.4005E-01
   0.3802E-01
   0.3590E-01
   0.3370E-01
   0.3142E-01
   0.2907E-01
   0.2665E-01
   0.2416E-01
   0.2162E-01
   0.1903E-01
   0.1640E-01
   0.1372E-01
   0.1102E-01
   0.8284E-02
   0.5534E-02
   0.2770E-02
   0.0000E+00
   0.0000E+00
   0.2654E-02
   0.5302E-02
   0.7937E-02
   0.1055E-01
   0.1315E-01
   0.1571E-01
   0.1823E-01
   0.2071E-01
   0.2315E-01
   0.2553E-01
   0.2785E-01
   0.3010E-01
   0.3229E-01
   0.3440E-01
   0.3643E-01
   0.3837E-01
   0.4022E-01
   0.4198E-01
   0.4365E-01
   0.4521E-01
   0.4666E-01
   0.4801E-01
   0.4924E-01
   0.5036E-01
   0.5136E-01
   0.5224E-01
   0.5300E-01
   0.5364E-01
   0.5415E-01
   0.5453E-01
   0.5479E-01
   0.5491E-01
   0.5491E-01
   0.5479E-01
   0.5453E-01
   0.5415E-01
   0.5364E-01
   0.5300E-01
   0.5224E-01
   0.5136E-01
   0.5036E-01
   0.4924E-01
   0.4801E-01
   0.4666E-01
   0.4521E-01
   0.4365E-01
   0.4198E-01
   0.4022E-01
   0.3837E-01
   0.3643E-01
   0.3440E-01
   0.3229E-01
   0.3010E-01
   0.2785E-01
   0.2553E-01
   0.2315E-01
   0.2071E-01
   0.1823E-01
   0.1571E-01
   0.1315E-01
   0.1055E-01
   0.7937E-02
   0.5302E-02
   0.2654E-02
   0.0000E+00
   0.0000E+00
   0.2544E-02
   0.5083E-02
   0.7610E-02
   0.1012E-01
   0.1260E-01
   0.1506E-01
   0.1748E-01
   0.1986E-01
   0.2219E-01
   0.2447E-01
   0.2670E-01
   0.2886E-01
   0.3096E-01
   0.3298E-01
   0.3492E-01
   0.3679E-01
   0.3857E-01
   0.4025E-01
   0.4185E-01
   0.4334E-01
   0.4474E-01
   0.4603E-01
   0.4721E-01
   0.4828E-01
   0.4924E-01
   0.5009E-01
   0.5082E-01
   0.5143E-01
   0.5191E-01
   0.5228E-01
   0.5253E-01
   0.5265E-01
   0.5265E-01
   0.5253E-01
   0.5228E-01
   0.5191E-01
   0.5143E-01
   0.5082E-01
   0.5009E-01
   0.4924E-01
   0.4828E-01
   0.4721E-01
   0.4603E-01
   0.4474E-01
   0.4334E-01
   0.4185E-01
   0.4025E-01
   0.3857E-01
   0.3679E-01
   0.3492E-01
   0.3298E-01
   0.3096E-01
   0.2886E-01
   0.2670E-01
   0.2447E-01
   0.2219E-01
   0.1986E-01
   0.1748E-01
   0.1506E-01
   0.1260E-01
   0.1012E-01
   0.7610E-02
   0.5083E-02
   0.2544E-02
   0.0000E+00
   0.0000E+00
   0.2442E-02
   0.4877E-02
   0.7302E-02
   0.9709E-02
   0.1209E-01
   0.1445E-01
   0.1677E-01
   0.1906E-01
   0.2130E-01
   0.2348E-01
   0.2562E-01
   0.2769E-01
   0.2970E-01
   0.3164E-01
   0.3351E-01
   0.3530E-01
   0.3701E-01
   0.3862E-01
   0.4015E-01
   0.4159E-01
   0.4293E-01
   0.4417E-01
   0.4530E-01
   0.4633E-01
   0.4725E-01
   0.4806E-01
   0.4876E-01
   0.4934E-01
   0.4981E-01
   0.5017E-01
   0.5040E-01
   0.5052E-01
   0.5052E-01
   0.5040E-01
   0.5017E-01
   0.4981E-01
   0.4934E-01
   0.4876E-01
   0.4806E-01
   0.4725E-01
   0.4633E-01
   0.4530E-01
   0.4417E-01
   0.4293E-01
   0.4159E-01
   0.4015E-01
   0.3862E-01
   0.3701E-01
   0.3530E-01
   0.3351E-01
   0.3164E-01
   0.2970E-01
   0.2769E-01
   0.2562E-01
   0.2348E-01
   0.2130E-01
   0.1906E-01
   0.1677E-01
   0.1445E-01
   0.1209E-01
   0.9709E-02
   0.7302E-02
   0.4877E-02
   0.2442E-02
   0.0000E+00
   0.0000E+00
   0.2345E-02
   0.4684E-02
   0.7012E-02
   0.9324E-02
   0.1161E-01
   0.1388E-01
   0.1611E-01
   0.1830E-01
   0.2045E-01
   0.2255E-01
   0.2460E-01
   0.2660E-01
   0.2853E-01
   0.3039E-01
   0.3218E-01
   0.3390E-01
   0.3554E-01
   0.3709E-01
   0.3856E-01
   0.3994E-01
   0.4123E-01
   0.4241E-01
   0.4350E-01
   0.4449E-01
   0.4538E-01
   0.4616E-01
   0.4683E-01
   0.4739E-01
   0.4784E-01
   0.4818E-01
   0.4840E-01
   0.4852E-01
   0.4852E-01
   0.4840E-01
   0.4818E-01
   0.4784E-01
   0.4739E-01
   0.4683E-01
   0.4616E-01
   0.4538E-01
   0.4449E-01
   0.4350E-01
   0.4241E-01
   0.4123E-01
   0.3994E-01
   0.3856E-01
   0.3709E-01
   0.3554E-01
   0.3390E-01
   0.3218E-01
   0.3039E-01
   0.2853E-01
   0.2660E-01
   0.2460E-01
   0.2255E-01
   0.2045E-01
   0.1830E-01
   0.1611E-01
   0.1388E-01
   0.1161E-01
   0.9324E-02
   0.7012E-02
   0.4684E-02
   0.2345E-02
   0.0000E+00
   0.0000E+00
   0.2254E-02
   0.4502E-02
   0.6740E-02
   0.8962E-02
   0.1116E-01
   0.1334E-01
   0.1548E-01
   0.1759E-01
   0.1966E-01
   0.2168E-01
   0.2365E-01
   0.2556E-01
   0.2742E-01
   0.2921E-01
   0.3093E-01
   0.3258E-01
   0.3416E-01
   0.3565E-01
   0.3707E-01
   0.3839E-01
   0.3963E-01
   0.4077E-01
   0.4182E-01
   0.4277E-01
   0.4362E-01
   0.4436E-01
   0.4501E-01
   0.4555E-01
   0.4598E-01
   0.4631E-01
   0.4653E-01
   0.4663E-01
   0.4663E-01
   0.4653E-01
   0.4631E-01
   0.4598E-01
   0.4555E-01
   0.4501E-01
   0.4436E-01
   0.4362E-01
   0.4277E-01
   0.4182E-01
   0.4077E-01
   0.3963E-01
   0.3839E-01
   0.3707E-01
   0.3565E-01
   0.3416E-01
   0.3258E-01
   0.3093E-01
   0.2921E-01
   0.2742E-01
   0.2556E-01
   0.2365E-01
   0.2168E-01
   0.1966E-01
   0.1759E-01
   0.1548E-01
   0.1334E-01
   0.1116E-01
   0.8962E-02
   0.6740E-02
   0.4502E-02
   0.2254E-02
   0.0000E+00
   0.0000E+00
   0.2168E-02
   0.4331E-02
   0.6484E-02
   0.8622E-02
   0.1074E-01
   0.1283E-01
   0.1490E-01
   0.1692E-01
   0.1891E-01
   0.2086E-01
   0.2275E-01
   0.2459E-01
   0.2638E-01
   0.2810E-01
   0.2976E-01
   0.3135E-01
   0.3286E-01
   0.3430E-01
   0.3566E-01
   0.3693E-01
   0.3812E-01
   0.3922E-01
   0.4023E-01
   0.4114E-01
   0.4196E-01
   0.4268E-01
   0.4330E-01
   0.4382E-01
   0.4424E-01
   0.4455E-01
   0.4476E-01
   0.4486E-01
   0.4486E-01
   0.4476E-01
   0.4455E-01
   0.4424E-01
   0.4382E-01
   0.4330E-01
   0.4268E-01
   0.4196E-01
   0.4114E-01
   0.4023E-01
   0.3922E-01
   0.3812E-01
   0.3693E-01
   0.3566E-01
   0.3430E-01
   0.3286E-01
   0.3135E-01
   0.2976E-01
   0.2810E-01
   0.2638E-01
   0.2459E-01
   0.2275E-01
   0.2086E-01
   0.1891E-01
   0.1692E-01
   0.1490E-01
   0.1283E-01
   0.1074E-01
   0.8622E-02
   0.6484E-02
   0.4331E-02
   0.2168E-02
   0.0000E+00
   0.0000E+00
   0.2088E-02
   0.4171E-02
   0.6244E-02
   0.8303E-02
   0.1034E-01
   0.1236E-01
   0.1434E-01
   0.1630E-01
   0.1821E-01
   0.2008E-01
   0.2191E-01
   0.2368E-01
   0.2540E-01
   0.2706E-01
   0.2866E-01
   0.3019E-01
   0.3164E-01
   0.3303E-01
   0.3434E-01
   0.3556E-01
   0.3671E-01
   0.3777E-01
   0.3874E-01
   0.3962E-01
   0.4041E-01
   0.4110E-01
   0.4170E-01
   0.4220E-01
   0.4260E-01
   0.4290E-01
   0.4310E-01
   0.4320E-01
   0.4320E-01
   0.4310E-01
   0.4290E-01
   0.4260E-01
   0.4220E-01
   0.4170E-01
   0.4110E-01
   0.4041E-01
   0.3962E-01
   0.3874E-01
   0.3777E-01
   0.3671E-01
   0.3556E-01
   0.3434E-01
   0.3303E-01
   0.3164E-01
   0.3019E-01
   0.2866E-01
   0.2706E-01
   0.2540E-01
   0.2368E-01
   0.2191E-01
   0.2008E-01
   0.1821E-01
   0.1630E-01
   0.1434E-01
   0.1236E-01
   0.1034E-01
   0.8303E-02
   0.6244E-02
   0.4171E-02
   0.2088E-02
  -0.3778E-08
