   0.8257E-02
   0.7801E-02
   0.7371E-02
   0.6965E-02
   0.6582E-02
   0.6222E-02
   0.5882E-02
   0.5564E-02
   0.5264E-02
   0.4984E-02
   0.4721E-02
   0.4475E-02
   0.4246E-02
   0.4032E-02
   0.3833E-02
   0.3648E-02
   0.3476E-02
   0.3317E-02
   0.3170E-02
   0.3035E-02
   0.2911E-02
   0.2797E-02
   0.2693E-02
   0.2599E-02
   0.2513E-02
   0.2435E-02
   0.2366E-02
   0.2304E-02
   0.2248E-02
   0.2199E-02
   0.2157E-02
   0.2120E-02
   0.1649E-01
   0.1558E-01
   0.1472E-01
   0.1391E-01
   0.1315E-01
   0.1243E-01
   0.1175E-01
   0.1111E-01
   0.1052E-01
   0.9956E-02
   0.9431E-02
   0.8940E-02
   0.8482E-02
   0.8054E-02
   0.7656E-02
   0.7287E-02
   0.6944E-02
   0.6626E-02
   0.6333E-02
   0.6063E-02
   0.5815E-02
   0.5588E-02
   0.5380E-02
   0.5191E-02
   0.5020E-02
   0.4865E-02
   0.4726E-02
   0.4602E-02
   0.4491E-02
   0.4394E-02
   0.4308E-02
   0.4234E-02
   0.2469E-01
   0.2333E-01
   0.2204E-01
   0.2083E-01
   0.1968E-01
   0.1861E-01
   0.1759E-01
   0.1664E-01
   0.1574E-01
   0.1490E-01
   0.1412E-01
   0.1338E-01
   0.1270E-01
   0.1206E-01
   0.1146E-01
   0.1091E-01
   0.1040E-01
   0.9920E-02
   0.9481E-02
   0.9077E-02
   0.8705E-02
   0.8365E-02
   0.8054E-02
   0.7771E-02
   0.7515E-02
   0.7283E-02
   0.7075E-02
   0.6889E-02
   0.6724E-02
   0.6578E-02
   0.6450E-02
   0.6339E-02
   0.3283E-01
   0.3102E-01
   0.2931E-01
   0.2770E-01
   0.2617E-01
   0.2474E-01
   0.2339E-01
   0.2212E-01
   0.2093E-01
   0.1982E-01
   0.1877E-01
   0.1780E-01
   0.1688E-01
   0.1603E-01
   0.1524E-01
   0.1451E-01
   0.1382E-01
   0.1319E-01
   0.1261E-01
   0.1207E-01
   0.1158E-01
   0.1112E-01
   0.1071E-01
   0.1033E-01
   0.9993E-02
   0.9685E-02
   0.9408E-02
   0.9160E-02
   0.8940E-02
   0.8746E-02
   0.8576E-02
   0.8429E-02
   0.4090E-01
   0.3864E-01
   0.3651E-01
   0.3450E-01
   0.3260E-01
   0.3082E-01
   0.2914E-01
   0.2756E-01
   0.2608E-01
   0.2469E-01
   0.2339E-01
   0.2217E-01
   0.2103E-01
   0.1997E-01
   0.1898E-01
   0.1807E-01
   0.1722E-01
   0.1643E-01
   0.1570E-01
   0.1503E-01
   0.1442E-01
   0.1386E-01
   0.1334E-01
   0.1287E-01
   0.1245E-01
   0.1206E-01
   0.1172E-01
   0.1141E-01
   0.1114E-01
   0.1089E-01
   0.1068E-01
   0.1050E-01
   0.4887E-01
   0.4617E-01
   0.4362E-01
   0.4122E-01
   0.3896E-01
   0.3682E-01
   0.3482E-01
   0.3293E-01
   0.3116E-01
   0.2950E-01
   0.2794E-01
   0.2649E-01
   0.2513E-01
   0.2386E-01
   0.2268E-01
   0.2159E-01
   0.2057E-01
   0.1963E-01
   0.1876E-01
   0.1796E-01
   0.1723E-01
   0.1655E-01
   0.1594E-01
   0.1538E-01
   0.1487E-01
   0.1441E-01
   0.1400E-01
   0.1363E-01
   0.1331E-01
   0.1302E-01
   0.1276E-01
   0.1255E-01
   0.5672E-01
   0.5359E-01
   0.5064E-01
   0.4785E-01
   0.4522E-01
   0.4274E-01
   0.4041E-01
   0.3822E-01
   0.3617E-01
   0.3424E-01
   0.3243E-01
   0.3074E-01
   0.2917E-01
   0.2770E-01
   0.2633E-01
   0.2506E-01
   0.2388E-01
   0.2279E-01
   0.2178E-01
   0.2085E-01
   0.2000E-01
   0.1922E-01
   0.1850E-01
   0.1785E-01
   0.1726E-01
   0.1673E-01
   0.1625E-01
   0.1582E-01
   0.1545E-01
   0.1511E-01
   0.1482E-01
   0.1456E-01
   0.6445E-01
   0.6089E-01
   0.5753E-01
   0.5436E-01
   0.5137E-01
   0.4856E-01
   0.4591E-01
   0.4343E-01
   0.4109E-01
   0.3890E-01
   0.3685E-01
   0.3493E-01
   0.3314E-01
   0.3147E-01
   0.2991E-01
   0.2847E-01
   0.2713E-01
   0.2589E-01
   0.2474E-01
   0.2369E-01
   0.2272E-01
   0.2183E-01
   0.2102E-01
   0.2028E-01
   0.1961E-01
   0.1901E-01
   0.1847E-01
   0.1798E-01
   0.1755E-01
   0.1717E-01
   0.1683E-01
   0.1654E-01
   0.7202E-01
   0.6804E-01
   0.6429E-01
   0.6075E-01
   0.5741E-01
   0.5427E-01
   0.5131E-01
   0.4853E-01
   0.4592E-01
   0.4347E-01
   0.4118E-01
   0.3903E-01
   0.3703E-01
   0.3517E-01
   0.3343E-01
   0.3181E-01
   0.3032E-01
   0.2893E-01
   0.2765E-01
   0.2647E-01
   0.2539E-01
   0.2440E-01
   0.2349E-01
   0.2267E-01
   0.2192E-01
   0.2124E-01
   0.2063E-01
   0.2009E-01
   0.1961E-01
   0.1918E-01
   0.1881E-01
   0.1849E-01
   0.7942E-01
   0.7504E-01
   0.7090E-01
   0.6699E-01
   0.6331E-01
   0.5984E-01
   0.5658E-01
   0.5352E-01
   0.5064E-01
   0.4794E-01
   0.4541E-01
   0.4305E-01
   0.4084E-01
   0.3878E-01
   0.3687E-01
   0.3509E-01
   0.3343E-01
   0.3191E-01
   0.3049E-01
   0.2919E-01
   0.2800E-01
   0.2691E-01
   0.2591E-01
   0.2500E-01
   0.2417E-01
   0.2343E-01
   0.2276E-01
   0.2216E-01
   0.2163E-01
   0.2116E-01
   0.2075E-01
   0.2039E-01
   0.8664E-01
   0.8186E-01
   0.7734E-01
   0.7308E-01
   0.6907E-01
   0.6528E-01
   0.6173E-01
   0.5838E-01
   0.5524E-01
   0.5230E-01
   0.4954E-01
   0.4696E-01
   0.4455E-01
   0.4231E-01
   0.4022E-01
   0.3827E-01
   0.3647E-01
   0.3481E-01
   0.3327E-01
   0.3185E-01
   0.3054E-01
   0.2935E-01
   0.2826E-01
   0.2727E-01
   0.2637E-01
   0.2555E-01
   0.2482E-01
   0.2417E-01
   0.2359E-01
   0.2308E-01
   0.2263E-01
   0.2224E-01
   0.9366E-01
   0.8849E-01
   0.8361E-01
   0.7900E-01
   0.7466E-01
   0.7057E-01
   0.6672E-01
   0.6311E-01
   0.5971E-01
   0.5653E-01
   0.5355E-01
   0.5076E-01
   0.4816E-01
   0.4573E-01
   0.4347E-01
   0.4137E-01
   0.3943E-01
   0.3762E-01
   0.3596E-01
   0.3443E-01
   0.3302E-01
   0.3173E-01
   0.3055E-01
   0.2948E-01
   0.2850E-01
   0.2762E-01
   0.2683E-01
   0.2613E-01
   0.2550E-01
   0.2495E-01
   0.2446E-01
   0.2404E-01
   0.1005E+00
   0.9491E-01
   0.8967E-01
   0.8473E-01
   0.8008E-01
   0.7569E-01
   0.7157E-01
   0.6769E-01
   0.6405E-01
   0.6063E-01
   0.5744E-01
   0.5445E-01
   0.5165E-01
   0.4905E-01
   0.4663E-01
   0.4438E-01
   0.4229E-01
   0.4035E-01
   0.3857E-01
   0.3693E-01
   0.3541E-01
   0.3403E-01
   0.3277E-01
   0.3161E-01
   0.3057E-01
   0.2963E-01
   0.2878E-01
   0.2802E-01
   0.2735E-01
   0.2676E-01
   0.2624E-01
   0.2579E-01
   0.1070E+00
   0.1011E+00
   0.9553E-01
   0.9027E-01
   0.8531E-01
   0.8064E-01
   0.7624E-01
   0.7211E-01
   0.6823E-01
   0.6459E-01
   0.6119E-01
   0.5800E-01
   0.5503E-01
   0.5226E-01
   0.4967E-01
   0.4728E-01
   0.4505E-01
   0.4299E-01
   0.4109E-01
   0.3934E-01
   0.3773E-01
   0.3625E-01
   0.3491E-01
   0.3368E-01
   0.3257E-01
   0.3156E-01
   0.3066E-01
   0.2986E-01
   0.2914E-01
   0.2851E-01
   0.2795E-01
   0.2747E-01
   0.1133E+00
   0.1071E+00
   0.1012E+00
   0.9559E-01
   0.9034E-01
   0.8539E-01
   0.8074E-01
   0.7636E-01
   0.7226E-01
   0.6841E-01
   0.6480E-01
   0.6143E-01
   0.5828E-01
   0.5534E-01
   0.5260E-01
   0.5006E-01
   0.4771E-01
   0.4553E-01
   0.4351E-01
   0.4166E-01
   0.3995E-01
   0.3839E-01
   0.3696E-01
   0.3567E-01
   0.3449E-01
   0.3343E-01
   0.3247E-01
   0.3162E-01
   0.3086E-01
   0.3019E-01
   0.2960E-01
   0.2909E-01
   0.1194E+00
   0.1128E+00
   0.1066E+00
   0.1007E+00
   0.9516E-01
   0.8995E-01
   0.8505E-01
   0.8044E-01
   0.7611E-01
   0.7206E-01
   0.6826E-01
   0.6470E-01
   0.6139E-01
   0.5829E-01
   0.5541E-01
   0.5274E-01
   0.5025E-01
   0.4796E-01
   0.4584E-01
   0.4388E-01
   0.4209E-01
   0.4044E-01
   0.3894E-01
   0.3757E-01
   0.3633E-01
   0.3521E-01
   0.3420E-01
   0.3330E-01
   0.3250E-01
   0.3180E-01
   0.3118E-01
   0.3065E-01
   0.1251E+00
   0.1182E+00
   0.1117E+00
   0.1056E+00
   0.9976E-01
   0.9430E-01
   0.8916E-01
   0.8433E-01
   0.7979E-01
   0.7554E-01
   0.7156E-01
   0.6783E-01
   0.6435E-01
   0.6111E-01
   0.5809E-01
   0.5528E-01
   0.5268E-01
   0.5027E-01
   0.4805E-01
   0.4600E-01
   0.4412E-01
   0.4239E-01
   0.4082E-01
   0.3939E-01
   0.3809E-01
   0.3691E-01
   0.3586E-01
   0.3491E-01
   0.3408E-01
   0.3334E-01
   0.3269E-01
   0.3213E-01
   0.1306E+00
   0.1234E+00
   0.1166E+00
   0.1102E+00
   0.1041E+00
   0.9842E-01
   0.9306E-01
   0.8802E-01
   0.8328E-01
   0.7884E-01
   0.7469E-01
   0.7080E-01
   0.6717E-01
   0.6378E-01
   0.6063E-01
   0.5770E-01
   0.5499E-01
   0.5247E-01
   0.5015E-01
   0.4801E-01
   0.4605E-01
   0.4425E-01
   0.4261E-01
   0.4111E-01
   0.3975E-01
   0.3853E-01
   0.3743E-01
   0.3644E-01
   0.3557E-01
   0.3479E-01
   0.3412E-01
   0.3353E-01
   0.1358E+00
   0.1283E+00
   0.1212E+00
   0.1145E+00
   0.1082E+00
   0.1023E+00
   0.9674E-01
   0.9150E-01
   0.8658E-01
   0.8197E-01
   0.7764E-01
   0.7360E-01
   0.6983E-01
   0.6631E-01
   0.6303E-01
   0.5999E-01
   0.5717E-01
   0.5455E-01
   0.5214E-01
   0.4992E-01
   0.4787E-01
   0.4600E-01
   0.4429E-01
   0.4274E-01
   0.4133E-01
   0.4005E-01
   0.3891E-01
   0.3788E-01
   0.3697E-01
   0.3617E-01
   0.3547E-01
   0.3486E-01
   0.1406E+00
   0.1329E+00
   0.1256E+00
   0.1186E+00
   0.1121E+00
   0.1060E+00
   0.1002E+00
   0.9477E-01
   0.8968E-01
   0.8490E-01
   0.8042E-01
   0.7623E-01
   0.7232E-01
   0.6868E-01
   0.6529E-01
   0.6213E-01
   0.5921E-01
   0.5650E-01
   0.5400E-01
   0.5170E-01
   0.4958E-01
   0.4765E-01
   0.4588E-01
   0.4426E-01
   0.4280E-01
   0.4148E-01
   0.4030E-01
   0.3924E-01
   0.3830E-01
   0.3747E-01
   0.3674E-01
   0.3611E-01
   0.1452E+00
   0.1372E+00
   0.1296E+00
   0.1225E+00
   0.1157E+00
   0.1094E+00
   0.1034E+00
   0.9782E-01
   0.9256E-01
   0.8763E-01
   0.8301E-01
   0.7869E-01
   0.7465E-01
   0.7089E-01
   0.6739E-01
   0.6413E-01
   0.6111E-01
   0.5832E-01
   0.5574E-01
   0.5336E-01
   0.5118E-01
   0.4918E-01
   0.4735E-01
   0.4569E-01
   0.4418E-01
   0.4282E-01
   0.4160E-01
   0.4050E-01
   0.3953E-01
   0.3867E-01
   0.3792E-01
   0.3727E-01
   0.1494E+00
   0.1411E+00
   0.1333E+00
   0.1260E+00
   0.1191E+00
   0.1125E+00
   0.1064E+00
   0.1006E+00
   0.9523E-01
   0.9016E-01
   0.8540E-01
   0.8096E-01
   0.7680E-01
   0.7293E-01
   0.6933E-01
   0.6598E-01
   0.6288E-01
   0.6000E-01
   0.5735E-01
   0.5490E-01
   0.5266E-01
   0.5060E-01
   0.4872E-01
   0.4701E-01
   0.4546E-01
   0.4405E-01
   0.4280E-01
   0.4167E-01
   0.4067E-01
   0.3979E-01
   0.3901E-01
   0.3834E-01
   0.1532E+00
   0.1447E+00
   0.1368E+00
   0.1292E+00
   0.1221E+00
   0.1154E+00
   0.1091E+00
   0.1032E+00
   0.9768E-01
   0.9247E-01
   0.8760E-01
   0.8304E-01
   0.7878E-01
   0.7481E-01
   0.7111E-01
   0.6768E-01
   0.6449E-01
   0.6154E-01
   0.5882E-01
   0.5631E-01
   0.5401E-01
   0.5190E-01
   0.4997E-01
   0.4821E-01
   0.4662E-01
   0.4519E-01
   0.4389E-01
   0.4274E-01
   0.4171E-01
   0.4081E-01
   0.4002E-01
   0.3933E-01
   0.1567E+00
   0.1480E+00
   0.1399E+00
   0.1322E+00
   0.1249E+00
   0.1181E+00
   0.1116E+00
   0.1056E+00
   0.9990E-01
   0.9457E-01
   0.8959E-01
   0.8492E-01
   0.8057E-01
   0.7651E-01
   0.7273E-01
   0.6922E-01
   0.6596E-01
   0.6294E-01
   0.6016E-01
   0.5759E-01
   0.5524E-01
   0.5308E-01
   0.5111E-01
   0.4931E-01
   0.4768E-01
   0.4621E-01
   0.4489E-01
   0.4371E-01
   0.4266E-01
   0.4174E-01
   0.4093E-01
   0.4022E-01
   0.1598E+00
   0.1510E+00
   0.1426E+00
   0.1348E+00
   0.1274E+00
   0.1204E+00
   0.1138E+00
   0.1077E+00
   0.1019E+00
   0.9645E-01
   0.9137E-01
   0.8661E-01
   0.8217E-01
   0.7803E-01
   0.7417E-01
   0.7059E-01
   0.6727E-01
   0.6419E-01
   0.6135E-01
   0.5874E-01
   0.5633E-01
   0.5413E-01
   0.5212E-01
   0.5029E-01
   0.4863E-01
   0.4713E-01
   0.4578E-01
   0.4458E-01
   0.4351E-01
   0.4257E-01
   0.4174E-01
   0.4102E-01
   0.1625E+00
   0.1536E+00
   0.1451E+00
   0.1371E+00
   0.1296E+00
   0.1225E+00
   0.1158E+00
   0.1095E+00
   0.1036E+00
   0.9811E-01
   0.9293E-01
   0.8810E-01
   0.8358E-01
   0.7937E-01
   0.7545E-01
   0.7180E-01
   0.6842E-01
   0.6530E-01
   0.6241E-01
   0.5975E-01
   0.5730E-01
   0.5506E-01
   0.5302E-01
   0.5115E-01
   0.4946E-01
   0.4794E-01
   0.4657E-01
   0.4534E-01
   0.4426E-01
   0.4330E-01
   0.4245E-01
   0.4172E-01
   0.1649E+00
   0.1558E+00
   0.1472E+00
   0.1391E+00
   0.1315E+00
   0.1243E+00
   0.1175E+00
   0.1111E+00
   0.1051E+00
   0.9953E-01
   0.9429E-01
   0.8938E-01
   0.8479E-01
   0.8052E-01
   0.7654E-01
   0.7285E-01
   0.6942E-01
   0.6624E-01
   0.6331E-01
   0.6061E-01
   0.5813E-01
   0.5586E-01
   0.5379E-01
   0.5190E-01
   0.5018E-01
   0.4864E-01
   0.4725E-01
   0.4600E-01
   0.4490E-01
   0.4392E-01
   0.4307E-01
   0.4233E-01
   0.1669E+00
   0.1577E+00
   0.1490E+00
   0.1408E+00
   0.1330E+00
   0.1257E+00
   0.1189E+00
   0.1124E+00
   0.1064E+00
   0.1007E+00
   0.9542E-01
   0.9045E-01
   0.8581E-01
   0.8149E-01
   0.7746E-01
   0.7372E-01
   0.7025E-01
   0.6704E-01
   0.6407E-01
   0.6134E-01
   0.5883E-01
   0.5653E-01
   0.5443E-01
   0.5252E-01
   0.5078E-01
   0.4922E-01
   0.4781E-01
   0.4656E-01
   0.4544E-01
   0.4445E-01
   0.4359E-01
   0.4284E-01
   0.1685E+00
   0.1592E+00
   0.1504E+00
   0.1421E+00
   0.1343E+00
   0.1269E+00
   0.1200E+00
   0.1135E+00
   0.1074E+00
   0.1017E+00
   0.9632E-01
   0.9131E-01
   0.8663E-01
   0.8226E-01
   0.7820E-01
   0.7442E-01
   0.7092E-01
   0.6768E-01
   0.6468E-01
   0.6192E-01
   0.5939E-01
   0.5707E-01
   0.5495E-01
   0.5302E-01
   0.5127E-01
   0.4969E-01
   0.4827E-01
   0.4700E-01
   0.4587E-01
   0.4487E-01
   0.4400E-01
   0.4325E-01
   0.1697E+00
   0.1603E+00
   0.1514E+00
   0.1431E+00
   0.1352E+00
   0.1278E+00
   0.1209E+00
   0.1143E+00
   0.1082E+00
   0.1024E+00
   0.9700E-01
   0.9196E-01
   0.8724E-01
   0.8284E-01
   0.7875E-01
   0.7495E-01
   0.7142E-01
   0.6815E-01
   0.6514E-01
   0.6236E-01
   0.5981E-01
   0.5747E-01
   0.5534E-01
   0.5339E-01
   0.5163E-01
   0.5004E-01
   0.4861E-01
   0.4733E-01
   0.4619E-01
   0.4519E-01
   0.4431E-01
   0.4355E-01
   0.1705E+00
   0.1610E+00
   0.1522E+00
   0.1438E+00
   0.1359E+00
   0.1284E+00
   0.1214E+00
   0.1149E+00
   0.1087E+00
   0.1029E+00
   0.9746E-01
   0.9239E-01
   0.8765E-01
   0.8323E-01
   0.7912E-01
   0.7530E-01
   0.7176E-01
   0.6848E-01
   0.6545E-01
   0.6266E-01
   0.6009E-01
   0.5774E-01
   0.5560E-01
   0.5364E-01
   0.5187E-01
   0.5027E-01
   0.4884E-01
   0.4755E-01
   0.4641E-01
   0.4540E-01
   0.4452E-01
   0.4376E-01
   0.1709E+00
   0.1614E+00
   0.1525E+00
   0.1441E+00
   0.1362E+00
   0.1287E+00
   0.1217E+00
   0.1151E+00
   0.1089E+00
   0.1031E+00
   0.9769E-01
   0.9260E-01
   0.8785E-01
   0.8343E-01
   0.7931E-01
   0.7548E-01
   0.7192E-01
   0.6864E-01
   0.6560E-01
   0.6280E-01
   0.6023E-01
   0.5788E-01
   0.5573E-01
   0.5377E-01
   0.5200E-01
   0.5039E-01
   0.4895E-01
   0.4766E-01
   0.4652E-01
   0.4551E-01
   0.4463E-01
   0.4386E-01
   0.1709E+00
   0.1614E+00
   0.1525E+00
   0.1441E+00
   0.1362E+00
   0.1287E+00
   0.1217E+00
   0.1151E+00
   0.1089E+00
   0.1031E+00
   0.9769E-01
   0.9260E-01
   0.8785E-01
   0.8343E-01
   0.7931E-01
   0.7548E-01
   0.7192E-01
   0.6864E-01
   0.6560E-01
   0.6280E-01
   0.6023E-01
   0.5788E-01
   0.5573E-01
   0.5377E-01
   0.5200E-01
   0.5039E-01
   0.4895E-01
   0.4766E-01
   0.4652E-01
   0.4551E-01
   0.4463E-01
   0.4386E-01
   0.1705E+00
   0.1610E+00
   0.1522E+00
   0.1438E+00
   0.1359E+00
   0.1284E+00
   0.1214E+00
   0.1149E+00
   0.1087E+00
   0.1029E+00
   0.9746E-01
   0.9239E-01
   0.8765E-01
   0.8323E-01
   0.7912E-01
   0.7530E-01
   0.7176E-01
   0.6848E-01
   0.6545E-01
   0.6266E-01
   0.6009E-01
   0.5774E-01
   0.5560E-01
   0.5364E-01
   0.5187E-01
   0.5027E-01
   0.4884E-01
   0.4755E-01
   0.4641E-01
   0.4540E-01
   0.4452E-01
   0.4376E-01
   0.1697E+00
   0.1603E+00
   0.1514E+00
   0.1431E+00
   0.1352E+00
   0.1278E+00
   0.1209E+00
   0.1143E+00
   0.1082E+00
   0.1024E+00
   0.9700E-01
   0.9196E-01
   0.8724E-01
   0.8284E-01
   0.7875E-01
   0.7495E-01
   0.7142E-01
   0.6815E-01
   0.6514E-01
   0.6236E-01
   0.5981E-01
   0.5747E-01
   0.5534E-01
   0.5339E-01
   0.5163E-01
   0.5004E-01
   0.4861E-01
   0.4733E-01
   0.4619E-01
   0.4519E-01
   0.4431E-01
   0.4355E-01
   0.1685E+00
   0.1592E+00
   0.1504E+00
   0.1421E+00
   0.1343E+00
   0.1269E+00
   0.1200E+00
   0.1135E+00
   0.1074E+00
   0.1017E+00
   0.9632E-01
   0.9131E-01
   0.8663E-01
   0.8226E-01
   0.7820E-01
   0.7442E-01
   0.7092E-01
   0.6768E-01
   0.6468E-01
   0.6192E-01
   0.5939E-01
   0.5707E-01
   0.5495E-01
   0.5302E-01
   0.5127E-01
   0.4969E-01
   0.4827E-01
   0.4700E-01
   0.4587E-01
   0.4487E-01
   0.4400E-01
   0.4325E-01
   0.1669E+00
   0.1577E+00
   0.1490E+00
   0.1408E+00
   0.1330E+00
   0.1257E+00
   0.1189E+00
   0.1124E+00
   0.1064E+00
   0.1007E+00
   0.9542E-01
   0.9045E-01
   0.8581E-01
   0.8149E-01
   0.7746E-01
   0.7372E-01
   0.7025E-01
   0.6704E-01
   0.6407E-01
   0.6134E-01
   0.5883E-01
   0.5653E-01
   0.5443E-01
   0.5252E-01
   0.5078E-01
   0.4922E-01
   0.4781E-01
   0.4656E-01
   0.4544E-01
   0.4445E-01
   0.4359E-01
   0.4284E-01
   0.1649E+00
   0.1558E+00
   0.1472E+00
   0.1391E+00
   0.1315E+00
   0.1243E+00
   0.1175E+00
   0.1111E+00
   0.1051E+00
   0.9953E-01
   0.9429E-01
   0.8938E-01
   0.8479E-01
   0.8052E-01
   0.7654E-01
   0.7285E-01
   0.6942E-01
   0.6624E-01
   0.6331E-01
   0.6061E-01
   0.5813E-01
   0.5586E-01
   0.5379E-01
   0.5190E-01
   0.5018E-01
   0.4864E-01
   0.4725E-01
   0.4600E-01
   0.4490E-01
   0.4392E-01
   0.4307E-01
   0.4233E-01
   0.1625E+00
   0.1536E+00
   0.1451E+00
   0.1371E+00
   0.1296E+00
   0.1225E+00
   0.1158E+00
   0.1095E+00
   0.1036E+00
   0.9811E-01
   0.9293E-01
   0.8810E-01
   0.8358E-01
   0.7937E-01
   0.7545E-01
   0.7180E-01
   0.6842E-01
   0.6530E-01
   0.6241E-01
   0.5975E-01
   0.5730E-01
   0.5506E-01
   0.5302E-01
   0.5115E-01
   0.4946E-01
   0.4794E-01
   0.4657E-01
   0.4534E-01
   0.4426E-01
   0.4330E-01
   0.4245E-01
   0.4172E-01
   0.1598E+00
   0.1510E+00
   0.1426E+00
   0.1348E+00
   0.1274E+00
   0.1204E+00
   0.1138E+00
   0.1077E+00
   0.1019E+00
   0.9645E-01
   0.9137E-01
   0.8661E-01
   0.8217E-01
   0.7803E-01
   0.7417E-01
   0.7059E-01
   0.6727E-01
   0.6419E-01
   0.6135E-01
   0.5874E-01
   0.5633E-01
   0.5413E-01
   0.5212E-01
   0.5029E-01
   0.4863E-01
   0.4713E-01
   0.4578E-01
   0.4458E-01
   0.4351E-01
   0.4257E-01
   0.4174E-01
   0.4102E-01
   0.1567E+00
   0.1480E+00
   0.1399E+00
   0.1322E+00
   0.1249E+00
   0.1181E+00
   0.1116E+00
   0.1056E+00
   0.9990E-01
   0.9457E-01
   0.8959E-01
   0.8492E-01
   0.8057E-01
   0.7651E-01
   0.7273E-01
   0.6922E-01
   0.6596E-01
   0.6294E-01
   0.6016E-01
   0.5759E-01
   0.5524E-01
   0.5308E-01
   0.5111E-01
   0.4931E-01
   0.4768E-01
   0.4621E-01
   0.4489E-01
   0.4371E-01
   0.4266E-01
   0.4174E-01
   0.4093E-01
   0.4022E-01
   0.1532E+00
   0.1447E+00
   0.1368E+00
   0.1292E+00
   0.1221E+00
   0.1154E+00
   0.1091E+00
   0.1032E+00
   0.9768E-01
   0.9247E-01
   0.8760E-01
   0.8304E-01
   0.7878E-01
   0.7481E-01
   0.7111E-01
   0.6768E-01
   0.6449E-01
   0.6154E-01
   0.5882E-01
   0.5631E-01
   0.5401E-01
   0.5190E-01
   0.4997E-01
   0.4821E-01
   0.4662E-01
   0.4519E-01
   0.4389E-01
   0.4274E-01
   0.4171E-01
   0.4081E-01
   0.4002E-01
   0.3933E-01
   0.1494E+00
   0.1411E+00
   0.1333E+00
   0.1260E+00
   0.1191E+00
   0.1125E+00
   0.1064E+00
   0.1006E+00
   0.9523E-01
   0.9016E-01
   0.8540E-01
   0.8096E-01
   0.7680E-01
   0.7293E-01
   0.6933E-01
   0.6598E-01
   0.6288E-01
   0.6000E-01
   0.5735E-01
   0.5490E-01
   0.5266E-01
   0.5060E-01
   0.4872E-01
   0.4701E-01
   0.4546E-01
   0.4405E-01
   0.4280E-01
   0.4167E-01
   0.4067E-01
   0.3979E-01
   0.3901E-01
   0.3834E-01
   0.1452E+00
   0.1372E+00
   0.1296E+00
   0.1225E+00
   0.1157E+00
   0.1094E+00
   0.1034E+00
   0.9782E-01
   0.9256E-01
   0.8763E-01
   0.8301E-01
   0.7869E-01
   0.7465E-01
   0.7089E-01
   0.6739E-01
   0.6413E-01
   0.6111E-01
   0.5832E-01
   0.5574E-01
   0.5336E-01
   0.5118E-01
   0.4918E-01
   0.4735E-01
   0.4569E-01
   0.4418E-01
   0.4282E-01
   0.4160E-01
   0.4050E-01
   0.3953E-01
   0.3867E-01
   0.3792E-01
   0.3727E-01
   0.1406E+00
   0.1329E+00
   0.1256E+00
   0.1186E+00
   0.1121E+00
   0.1060E+00
   0.1002E+00
   0.9477E-01
   0.8968E-01
   0.8490E-01
   0.8042E-01
   0.7623E-01
   0.7232E-01
   0.6868E-01
   0.6529E-01
   0.6213E-01
   0.5921E-01
   0.5650E-01
   0.5400E-01
   0.5170E-01
   0.4958E-01
   0.4765E-01
   0.4588E-01
   0.4426E-01
   0.4280E-01
   0.4148E-01
   0.4030E-01
   0.3924E-01
   0.3830E-01
   0.3747E-01
   0.3674E-01
   0.3611E-01
   0.1358E+00
   0.1283E+00
   0.1212E+00
   0.1145E+00
   0.1082E+00
   0.1023E+00
   0.9674E-01
   0.9150E-01
   0.8658E-01
   0.8197E-01
   0.7764E-01
   0.7360E-01
   0.6983E-01
   0.6631E-01
   0.6303E-01
   0.5999E-01
   0.5717E-01
   0.5455E-01
   0.5214E-01
   0.4992E-01
   0.4787E-01
   0.4600E-01
   0.4429E-01
   0.4274E-01
   0.4133E-01
   0.4005E-01
   0.3891E-01
   0.3788E-01
   0.3697E-01
   0.3617E-01
   0.3547E-01
   0.3486E-01
   0.1306E+00
   0.1234E+00
   0.1166E+00
   0.1102E+00
   0.1041E+00
   0.9842E-01
   0.9306E-01
   0.8802E-01
   0.8328E-01
   0.7884E-01
   0.7469E-01
   0.7080E-01
   0.6717E-01
   0.6378E-01
   0.6063E-01
   0.5770E-01
   0.5499E-01
   0.5247E-01
   0.5015E-01
   0.4801E-01
   0.4605E-01
   0.4425E-01
   0.4261E-01
   0.4111E-01
   0.3975E-01
   0.3853E-01
   0.3743E-01
   0.3644E-01
   0.3557E-01
   0.3479E-01
   0.3412E-01
   0.3353E-01
   0.1251E+00
   0.1182E+00
   0.1117E+00
   0.1056E+00
   0.9976E-01
   0.9430E-01
   0.8916E-01
   0.8433E-01
   0.7979E-01
   0.7554E-01
   0.7156E-01
   0.6783E-01
   0.6435E-01
   0.6111E-01
   0.5809E-01
   0.5528E-01
   0.5268E-01
   0.5027E-01
   0.4805E-01
   0.4600E-01
   0.4412E-01
   0.4239E-01
   0.4082E-01
   0.3939E-01
   0.3809E-01
   0.3691E-01
   0.3586E-01
   0.3491E-01
   0.3408E-01
   0.3334E-01
   0.3269E-01
   0.3213E-01
   0.1194E+00
   0.1128E+00
   0.1066E+00
   0.1007E+00
   0.9516E-01
   0.8995E-01
   0.8505E-01
   0.8044E-01
   0.7611E-01
   0.7206E-01
   0.6826E-01
   0.6470E-01
   0.6139E-01
   0.5829E-01
   0.5541E-01
   0.5274E-01
   0.5025E-01
   0.4796E-01
   0.4584E-01
   0.4388E-01
   0.4209E-01
   0.4044E-01
   0.3894E-01
   0.3757E-01
   0.3633E-01
   0.3521E-01
   0.3420E-01
   0.3330E-01
   0.3250E-01
   0.3180E-01
   0.3118E-01
   0.3065E-01
   0.1133E+00
   0.1071E+00
   0.1012E+00
   0.9559E-01
   0.9034E-01
   0.8539E-01
   0.8074E-01
   0.7636E-01
   0.7226E-01
   0.6841E-01
   0.6480E-01
   0.6143E-01
   0.5828E-01
   0.5534E-01
   0.5260E-01
   0.5006E-01
   0.4771E-01
   0.4553E-01
   0.4351E-01
   0.4166E-01
   0.3995E-01
   0.3839E-01
   0.3696E-01
   0.3567E-01
   0.3449E-01
   0.3343E-01
   0.3247E-01
   0.3162E-01
   0.3086E-01
   0.3019E-01
   0.2960E-01
   0.2909E-01
   0.1070E+00
   0.1011E+00
   0.9553E-01
   0.9027E-01
   0.8531E-01
   0.8064E-01
   0.7624E-01
   0.7211E-01
   0.6823E-01
   0.6459E-01
   0.6119E-01
   0.5800E-01
   0.5503E-01
   0.5226E-01
   0.4967E-01
   0.4728E-01
   0.4505E-01
   0.4299E-01
   0.4109E-01
   0.3934E-01
   0.3773E-01
   0.3625E-01
   0.3491E-01
   0.3368E-01
   0.3257E-01
   0.3156E-01
   0.3066E-01
   0.2986E-01
   0.2914E-01
   0.2851E-01
   0.2795E-01
   0.2747E-01
   0.1005E+00
   0.9491E-01
   0.8967E-01
   0.8473E-01
   0.8008E-01
   0.7569E-01
   0.7157E-01
   0.6769E-01
   0.6405E-01
   0.6063E-01
   0.5744E-01
   0.5445E-01
   0.5165E-01
   0.4905E-01
   0.4663E-01
   0.4438E-01
   0.4229E-01
   0.4035E-01
   0.3857E-01
   0.3693E-01
   0.3541E-01
   0.3403E-01
   0.3277E-01
   0.3161E-01
   0.3057E-01
   0.2963E-01
   0.2878E-01
   0.2802E-01
   0.2735E-01
   0.2676E-01
   0.2624E-01
   0.2579E-01
   0.9366E-01
   0.8849E-01
   0.8361E-01
   0.7900E-01
   0.7466E-01
   0.7057E-01
   0.6672E-01
   0.6311E-01
   0.5971E-01
   0.5653E-01
   0.5355E-01
   0.5076E-01
   0.4816E-01
   0.4573E-01
   0.4347E-01
   0.4137E-01
   0.3943E-01
   0.3762E-01
   0.3596E-01
   0.3443E-01
   0.3302E-01
   0.3173E-01
   0.3055E-01
   0.2948E-01
   0.2850E-01
   0.2762E-01
   0.2683E-01
   0.2613E-01
   0.2550E-01
   0.2495E-01
   0.2446E-01
   0.2404E-01
   0.8664E-01
   0.8186E-01
   0.7734E-01
   0.7308E-01
   0.6907E-01
   0.6528E-01
   0.6173E-01
   0.5838E-01
   0.5524E-01
   0.5230E-01
   0.4954E-01
   0.4696E-01
   0.4455E-01
   0.4231E-01
   0.4022E-01
   0.3827E-01
   0.3647E-01
   0.3481E-01
   0.3327E-01
   0.3185E-01
   0.3054E-01
   0.2935E-01
   0.2826E-01
   0.2727E-01
   0.2637E-01
   0.2555E-01
   0.2482E-01
   0.2417E-01
   0.2359E-01
   0.2308E-01
   0.2263E-01
   0.2224E-01
   0.7942E-01
   0.7504E-01
   0.7090E-01
   0.6699E-01
   0.6331E-01
   0.5984E-01
   0.5658E-01
   0.5352E-01
   0.5064E-01
   0.4794E-01
   0.4541E-01
   0.4305E-01
   0.4084E-01
   0.3878E-01
   0.3687E-01
   0.3509E-01
   0.3343E-01
   0.3191E-01
   0.3049E-01
   0.2919E-01
   0.2800E-01
   0.2691E-01
   0.2591E-01
   0.2500E-01
   0.2417E-01
   0.2343E-01
   0.2276E-01
   0.2216E-01
   0.2163E-01
   0.2116E-01
   0.2075E-01
   0.2039E-01
   0.7202E-01
   0.6804E-01
   0.6429E-01
   0.6075E-01
   0.5741E-01
   0.5427E-01
   0.5131E-01
   0.4853E-01
   0.4592E-01
   0.4347E-01
   0.4118E-01
   0.3903E-01
   0.3703E-01
   0.3517E-01
   0.3343E-01
   0.3181E-01
   0.3032E-01
   0.2893E-01
   0.2765E-01
   0.2647E-01
   0.2539E-01
   0.2440E-01
   0.2349E-01
   0.2267E-01
   0.2192E-01
   0.2124E-01
   0.2063E-01
   0.2009E-01
   0.1961E-01
   0.1918E-01
   0.1881E-01
   0.1849E-01
   0.6445E-01
   0.6089E-01
   0.5753E-01
   0.5436E-01
   0.5137E-01
   0.4856E-01
   0.4591E-01
   0.4343E-01
   0.4109E-01
   0.3890E-01
   0.3685E-01
   0.3493E-01
   0.3314E-01
   0.3147E-01
   0.2991E-01
   0.2847E-01
   0.2713E-01
   0.2589E-01
   0.2474E-01
   0.2369E-01
   0.2272E-01
   0.2183E-01
   0.2102E-01
   0.2028E-01
   0.1961E-01
   0.1901E-01
   0.1846E-01
   0.1798E-01
   0.1755E-01
   0.1717E-01
   0.1683E-01
   0.1654E-01
   0.5672E-01
   0.5359E-01
   0.5064E-01
   0.4785E-01
   0.4522E-01
   0.4274E-01
   0.4041E-01
   0.3822E-01
   0.3617E-01
   0.3424E-01
   0.3243E-01
   0.3074E-01
   0.2917E-01
   0.2770E-01
   0.2633E-01
   0.2506E-01
   0.2388E-01
   0.2279E-01
   0.2178E-01
   0.2085E-01
   0.2000E-01
   0.1922E-01
   0.1850E-01
   0.1785E-01
   0.1726E-01
   0.1673E-01
   0.1625E-01
   0.1582E-01
   0.1545E-01
   0.1511E-01
   0.1482E-01
   0.1456E-01
   0.4887E-01
   0.4617E-01
   0.4362E-01
   0.4122E-01
   0.3896E-01
   0.3682E-01
   0.3482E-01
   0.3293E-01
   0.3116E-01
   0.2950E-01
   0.2794E-01
   0.2649E-01
   0.2513E-01
   0.2386E-01
   0.2268E-01
   0.2159E-01
   0.2057E-01
   0.1963E-01
   0.1876E-01
   0.1796E-01
   0.1723E-01
   0.1655E-01
   0.1594E-01
   0.1538E-01
   0.1487E-01
   0.1441E-01
   0.1400E-01
   0.1363E-01
   0.1331E-01
   0.1302E-01
   0.1276E-01
   0.1255E-01
   0.4090E-01
   0.3864E-01
   0.3651E-01
   0.3450E-01
   0.3260E-01
   0.3082E-01
   0.2914E-01
   0.2756E-01
   0.2608E-01
   0.2469E-01
   0.2339E-01
   0.2217E-01
   0.2103E-01
   0.1997E-01
   0.1898E-01
   0.1807E-01
   0.1722E-01
   0.1643E-01
   0.1570E-01
   0.1503E-01
   0.1442E-01
   0.1386E-01
   0.1334E-01
   0.1287E-01
   0.1245E-01
   0.1206E-01
   0.1172E-01
   0.1141E-01
   0.1114E-01
   0.1089E-01
   0.1068E-01
   0.1050E-01
   0.3283E-01
   0.3102E-01
   0.2931E-01
   0.2770E-01
   0.2617E-01
   0.2474E-01
   0.2339E-01
   0.2212E-01
   0.2093E-01
   0.1982E-01
   0.1877E-01
   0.1780E-01
   0.1688E-01
   0.1603E-01
   0.1524E-01
   0.1451E-01
   0.1382E-01
   0.1319E-01
   0.1261E-01
   0.1207E-01
   0.1158E-01
   0.1112E-01
   0.1071E-01
   0.1033E-01
   0.9993E-02
   0.9685E-02
   0.9408E-02
   0.9160E-02
   0.8940E-02
   0.8746E-02
   0.8576E-02
   0.8429E-02
   0.2469E-01
   0.2333E-01
   0.2204E-01
   0.2083E-01
   0.1968E-01
   0.1861E-01
   0.1759E-01
   0.1664E-01
   0.1574E-01
   0.1490E-01
   0.1412E-01
   0.1338E-01
   0.1270E-01
   0.1206E-01
   0.1146E-01
   0.1091E-01
   0.1040E-01
   0.9920E-02
   0.9481E-02
   0.9077E-02
   0.8705E-02
   0.8365E-02
   0.8054E-02
   0.7771E-02
   0.7515E-02
   0.7283E-02
   0.7075E-02
   0.6889E-02
   0.6724E-02
   0.6578E-02
   0.6450E-02
   0.6339E-02
   0.1649E-01
   0.1558E-01
   0.1472E-01
   0.1391E-01
   0.1315E-01
   0.1243E-01
   0.1175E-01
   0.1111E-01
   0.1052E-01
   0.9956E-02
   0.9431E-02
   0.8940E-02
   0.8482E-02
   0.8054E-02
   0.7656E-02
   0.7287E-02
   0.6944E-02
   0.6626E-02
   0.6333E-02
   0.6063E-02
   0.5815E-02
   0.5588E-02
   0.5380E-02
   0.5191E-02
   0.5020E-02
   0.4865E-02
   0.4726E-02
   0.4602E-02
   0.4491E-02
   0.4394E-02
   0.4308E-02
   0.4234E-02
   0.8257E-02
   0.7801E-02
   0.7371E-02
   0.6965E-02
   0.6582E-02
   0.6222E-02
   0.5882E-02
   0.5564E-02
   0.5264E-02
   0.4984E-02
   0.4721E-02
   0.4475E-02
   0.4246E-02
   0.4032E-02
   0.3833E-02
   0.3648E-02
   0.3476E-02
   0.3317E-02
   0.3170E-02
   0.3035E-02
   0.2911E-02
   0.2797E-02
   0.2693E-02
   0.2599E-02
   0.2513E-02
   0.2435E-02
   0.2366E-02
   0.2304E-02
   0.2248E-02
   0.2199E-02
   0.2157E-02
   0.2120E-02
