   0.0000E+00
   0.9506E-01
   0.1893E+00
   0.2817E+00
   0.3717E+00
   0.4582E+00
   0.5406E+00
   0.6182E+00
   0.6901E+00
   0.7557E+00
   0.8146E+00
   0.8660E+00
   0.9096E+00
   0.9450E+00
   0.9718E+00
   0.9898E+00
   0.9989E+00
   0.9989E+00
   0.9898E+00
   0.9718E+00
   0.9450E+00
   0.9096E+00
   0.8660E+00
   0.8146E+00
   0.7557E+00
   0.6901E+00
   0.6182E+00
   0.5406E+00
   0.4582E+00
   0.3717E+00
   0.2817E+00
   0.1893E+00
   0.9506E-01
  -0.3258E-06
   0.0000E+00
   0.8643E-01
   0.1721E+00
   0.2562E+00
   0.3379E+00
   0.4166E+00
   0.4916E+00
   0.5621E+00
   0.6275E+00
   0.6872E+00
   0.7407E+00
   0.7874E+00
   0.8271E+00
   0.8592E+00
   0.8836E+00
   0.9000E+00
   0.9082E+00
   0.9082E+00
   0.9000E+00
   0.8836E+00
   0.8592E+00
   0.8271E+00
   0.7874E+00
   0.7407E+00
   0.6872E+00
   0.6275E+00
   0.5621E+00
   0.4916E+00
   0.4166E+00
   0.3379E+00
   0.2562E+00
   0.1721E+00
   0.8643E-01
   0.0000E+00
   0.0000E+00
   0.7859E-01
   0.1565E+00
   0.2329E+00
   0.3073E+00
   0.3788E+00
   0.4470E+00
   0.5111E+00
   0.5705E+00
   0.6248E+00
   0.6734E+00
   0.7160E+00
   0.7520E+00
   0.7813E+00
   0.8034E+00
   0.8183E+00
   0.8258E+00
   0.8258E+00
   0.8183E+00
   0.8034E+00
   0.7813E+00
   0.7520E+00
   0.7160E+00
   0.6734E+00
   0.6248E+00
   0.5705E+00
   0.5111E+00
   0.4470E+00
   0.3788E+00
   0.3073E+00
   0.2329E+00
   0.1565E+00
   0.7859E-01
   0.0000E+00
   0.0000E+00
   0.7146E-01
   0.1423E+00
   0.2118E+00
   0.2794E+00
   0.3445E+00
   0.4064E+00
   0.4647E+00
   0.5187E+00
   0.5681E+00
   0.6123E+00
   0.6510E+00
   0.6838E+00
   0.7104E+00
   0.7305E+00
   0.7441E+00
   0.7509E+00
   0.7509E+00
   0.7441E+00
   0.7305E+00
   0.7104E+00
   0.6838E+00
   0.6510E+00
   0.6123E+00
   0.5681E+00
   0.5187E+00
   0.4647E+00
   0.4064E+00
   0.3445E+00
   0.2794E+00
   0.2118E+00
   0.1423E+00
   0.7146E-01
   0.0000E+00
   0.0000E+00
   0.6497E-01
   0.1294E+00
   0.1926E+00
   0.2540E+00
   0.3132E+00
   0.3695E+00
   0.4225E+00
   0.4717E+00
   0.5166E+00
   0.5568E+00
   0.5919E+00
   0.6217E+00
   0.6459E+00
   0.6642E+00
   0.6765E+00
   0.6827E+00
   0.6827E+00
   0.6765E+00
   0.6642E+00
   0.6459E+00
   0.6217E+00
   0.5919E+00
   0.5568E+00
   0.5166E+00
   0.4717E+00
   0.4225E+00
   0.3695E+00
   0.3132E+00
   0.2540E+00
   0.1926E+00
   0.1294E+00
   0.6497E-01
   0.0000E+00
   0.0000E+00
   0.5908E-01
   0.1176E+00
   0.1751E+00
   0.2310E+00
   0.2848E+00
   0.3360E+00
   0.3842E+00
   0.4289E+00
   0.4697E+00
   0.5062E+00
   0.5382E+00
   0.5653E+00
   0.5873E+00
   0.6040E+00
   0.6152E+00
   0.6208E+00
   0.6208E+00
   0.6152E+00
   0.6040E+00
   0.5873E+00
   0.5653E+00
   0.5382E+00
   0.5062E+00
   0.4697E+00
   0.4289E+00
   0.3842E+00
   0.3360E+00
   0.2848E+00
   0.2310E+00
   0.1751E+00
   0.1176E+00
   0.5908E-01
   0.0000E+00
   0.0000E+00
   0.5371E-01
   0.1069E+00
   0.1592E+00
   0.2100E+00
   0.2589E+00
   0.3055E+00
   0.3493E+00
   0.3900E+00
   0.4271E+00
   0.4603E+00
   0.4894E+00
   0.5140E+00
   0.5340E+00
   0.5492E+00
   0.5593E+00
   0.5644E+00
   0.5644E+00
   0.5593E+00
   0.5492E+00
   0.5340E+00
   0.5140E+00
   0.4894E+00
   0.4603E+00
   0.4271E+00
   0.3900E+00
   0.3493E+00
   0.3055E+00
   0.2589E+00
   0.2100E+00
   0.1592E+00
   0.1069E+00
   0.5371E-01
   0.0000E+00
   0.0000E+00
   0.4884E-01
   0.9724E-01
   0.1448E+00
   0.1910E+00
   0.2354E+00
   0.2778E+00
   0.3176E+00
   0.3546E+00
   0.3883E+00
   0.4185E+00
   0.4450E+00
   0.4674E+00
   0.4855E+00
   0.4993E+00
   0.5086E+00
   0.5132E+00
   0.5132E+00
   0.5086E+00
   0.4993E+00
   0.4855E+00
   0.4674E+00
   0.4450E+00
   0.4185E+00
   0.3883E+00
   0.3546E+00
   0.3176E+00
   0.2778E+00
   0.2354E+00
   0.1910E+00
   0.1448E+00
   0.9724E-01
   0.4884E-01
   0.0000E+00
   0.0000E+00
   0.4441E-01
   0.8841E-01
   0.1316E+00
   0.1736E+00
   0.2141E+00
   0.2526E+00
   0.2888E+00
   0.3224E+00
   0.3531E+00
   0.3806E+00
   0.4046E+00
   0.4250E+00
   0.4415E+00
   0.4540E+00
   0.4624E+00
   0.4666E+00
   0.4666E+00
   0.4624E+00
   0.4540E+00
   0.4415E+00
   0.4250E+00
   0.4046E+00
   0.3806E+00
   0.3531E+00
   0.3224E+00
   0.2888E+00
   0.2526E+00
   0.2141E+00
   0.1736E+00
   0.1316E+00
   0.8841E-01
   0.4441E-01
   0.0000E+00
   0.0000E+00
   0.4038E-01
   0.8039E-01
   0.1197E+00
   0.1579E+00
   0.1946E+00
   0.2297E+00
   0.2626E+00
   0.2931E+00
   0.3210E+00
   0.3460E+00
   0.3679E+00
   0.3864E+00
   0.4014E+00
   0.4128E+00
   0.4205E+00
   0.4243E+00
   0.4243E+00
   0.4205E+00
   0.4128E+00
   0.4014E+00
   0.3864E+00
   0.3679E+00
   0.3460E+00
   0.3210E+00
   0.2931E+00
   0.2626E+00
   0.2297E+00
   0.1946E+00
   0.1579E+00
   0.1197E+00
   0.8039E-01
   0.4038E-01
   0.0000E+00
   0.0000E+00
   0.3671E-01
   0.7309E-01
   0.1088E+00
   0.1435E+00
   0.1770E+00
   0.2088E+00
   0.2388E+00
   0.2665E+00
   0.2919E+00
   0.3146E+00
   0.3345E+00
   0.3513E+00
   0.3650E+00
   0.3753E+00
   0.3823E+00
   0.3858E+00
   0.3858E+00
   0.3823E+00
   0.3753E+00
   0.3650E+00
   0.3513E+00
   0.3345E+00
   0.3146E+00
   0.2919E+00
   0.2665E+00
   0.2388E+00
   0.2088E+00
   0.1770E+00
   0.1435E+00
   0.1088E+00
   0.7309E-01
   0.3671E-01
   0.0000E+00
   0.0000E+00
   0.3338E-01
   0.6646E-01
   0.9894E-01
   0.1305E+00
   0.1609E+00
   0.1899E+00
   0.2171E+00
   0.2423E+00
   0.2654E+00
   0.2861E+00
   0.3041E+00
   0.3194E+00
   0.3319E+00
   0.3413E+00
   0.3476E+00
   0.3508E+00
   0.3508E+00
   0.3476E+00
   0.3413E+00
   0.3319E+00
   0.3194E+00
   0.3041E+00
   0.2861E+00
   0.2654E+00
   0.2423E+00
   0.2171E+00
   0.1899E+00
   0.1609E+00
   0.1305E+00
   0.9894E-01
   0.6646E-01
   0.3338E-01
   0.0000E+00
   0.0000E+00
   0.3035E-01
   0.6043E-01
   0.8996E-01
   0.1187E+00
   0.1463E+00
   0.1726E+00
   0.1974E+00
   0.2203E+00
   0.2413E+00
   0.2601E+00
   0.2765E+00
   0.2905E+00
   0.3017E+00
   0.3103E+00
   0.3161E+00
   0.3189E+00
   0.3189E+00
   0.3161E+00
   0.3103E+00
   0.3017E+00
   0.2905E+00
   0.2765E+00
   0.2601E+00
   0.2413E+00
   0.2203E+00
   0.1974E+00
   0.1726E+00
   0.1463E+00
   0.1187E+00
   0.8996E-01
   0.6043E-01
   0.3035E-01
   0.0000E+00
   0.0000E+00
   0.2760E-01
   0.5495E-01
   0.8180E-01
   0.1079E+00
   0.1330E+00
   0.1570E+00
   0.1795E+00
   0.2004E+00
   0.2194E+00
   0.2365E+00
   0.2514E+00
   0.2641E+00
   0.2744E+00
   0.2821E+00
   0.2874E+00
   0.2900E+00
   0.2900E+00
   0.2874E+00
   0.2821E+00
   0.2744E+00
   0.2641E+00
   0.2514E+00
   0.2365E+00
   0.2194E+00
   0.2004E+00
   0.1795E+00
   0.1570E+00
   0.1330E+00
   0.1079E+00
   0.8180E-01
   0.5495E-01
   0.2760E-01
   0.0000E+00
   0.0000E+00
   0.2509E-01
   0.4996E-01
   0.7437E-01
   0.9811E-01
   0.1210E+00
   0.1427E+00
   0.1632E+00
   0.1822E+00
   0.1995E+00
   0.2150E+00
   0.2286E+00
   0.2401E+00
   0.2495E+00
   0.2565E+00
   0.2613E+00
   0.2637E+00
   0.2637E+00
   0.2613E+00
   0.2565E+00
   0.2495E+00
   0.2401E+00
   0.2286E+00
   0.2150E+00
   0.1995E+00
   0.1822E+00
   0.1632E+00
   0.1427E+00
   0.1210E+00
   0.9811E-01
   0.7437E-01
   0.4996E-01
   0.2509E-01
   0.0000E+00
   0.0000E+00
   0.2282E-01
   0.4542E-01
   0.6762E-01
   0.8921E-01
   0.1100E+00
   0.1298E+00
   0.1484E+00
   0.1656E+00
   0.1814E+00
   0.1955E+00
   0.2079E+00
   0.2183E+00
   0.2268E+00
   0.2333E+00
   0.2376E+00
   0.2398E+00
   0.2398E+00
   0.2376E+00
   0.2333E+00
   0.2268E+00
   0.2183E+00
   0.2079E+00
   0.1955E+00
   0.1814E+00
   0.1656E+00
   0.1484E+00
   0.1298E+00
   0.1100E+00
   0.8921E-01
   0.6762E-01
   0.4542E-01
   0.2282E-01
   0.0000E+00
   0.0000E+00
   0.2074E-01
   0.4130E-01
   0.6149E-01
   0.8111E-01
   0.1000E+00
   0.1180E+00
   0.1349E+00
   0.1506E+00
   0.1649E+00
   0.1778E+00
   0.1890E+00
   0.1985E+00
   0.2062E+00
   0.2121E+00
   0.2160E+00
   0.2180E+00
   0.2180E+00
   0.2160E+00
   0.2121E+00
   0.2062E+00
   0.1985E+00
   0.1890E+00
   0.1778E+00
   0.1649E+00
   0.1506E+00
   0.1349E+00
   0.1180E+00
   0.1000E+00
   0.8111E-01
   0.6149E-01
   0.4130E-01
   0.2074E-01
   0.0000E+00
   0.0000E+00
   0.1886E-01
   0.3755E-01
   0.5590E-01
   0.7375E-01
   0.9093E-01
   0.1073E+00
   0.1227E+00
   0.1369E+00
   0.1500E+00
   0.1616E+00
   0.1718E+00
   0.1805E+00
   0.1875E+00
   0.1928E+00
   0.1964E+00
   0.1982E+00
   0.1982E+00
   0.1964E+00
   0.1928E+00
   0.1875E+00
   0.1805E+00
   0.1718E+00
   0.1616E+00
   0.1500E+00
   0.1369E+00
   0.1227E+00
   0.1073E+00
   0.9093E-01
   0.7375E-01
   0.5590E-01
   0.3755E-01
   0.1886E-01
   0.0000E+00
   0.0000E+00
   0.4056-319
   0.3518+175
   0.1203-152
   0.6963E-76
   0.1264E-75
   0.6013-153
   0.6013-153
   0.6013-153
   0.6013-153
   0.6013-153
   0.6013-153
   0.6013-153
   0.6013-153
   0.6013-153
   0.6013-153
   0.6013-153
   0.6013-153
   0.6817-312
   0.0000E+00
   0.0000E+00
   0.0000E+00
   0.0000E+00
   0.0000E+00
   0.0000E+00
   0.0000E+00
   0.0000E+00
   0.0000E+00
   0.0000E+00
   0.0000E+00
   0.0000E+00
   0.0000E+00
   0.0000E+00
   0.0000E+00
   0.0000E+00
   0.0000E+00
   0.0000E+00
   0.0000E+00
   0.0000E+00
   0.0000E+00
   0.0000E+00
   0.0000E+00
   0.0000E+00
   0.0000E+00
   0.0000E+00
   0.0000E+00
   0.0000E+00
   0.0000E+00
   0.0000E+00
   0.0000E+00
   0.0000E+00
   0.0000E+00
   0.0000E+00
   0.0000E+00
   0.0000E+00
   0.0000E+00
   0.0000E+00
   0.0000E+00
   0.0000E+00
   0.0000E+00
   0.0000E+00
   0.0000E+00
   0.0000E+00
   0.0000E+00
   0.0000E+00
   0.0000E+00
   0.0000E+00
   0.0000E+00
   0.0000E+00
   0.0000E+00
   0.0000E+00
   0.0000E+00
   0.0000E+00
   0.0000E+00
   0.0000E+00
   0.0000E+00
   0.0000E+00
   0.0000E+00
   0.0000E+00
   0.0000E+00
   0.0000E+00
   0.0000E+00
   0.0000E+00
   0.0000E+00
   0.0000E+00
   0.0000E+00
   0.0000E+00
   0.0000E+00
   0.0000E+00
   0.0000E+00
   0.0000E+00
   0.0000E+00
   0.0000E+00
   0.0000E+00
   0.0000E+00
   0.0000E+00
   0.0000E+00
   0.0000E+00
   0.0000E+00
   0.0000E+00
   0.0000E+00
   0.0000E+00
   0.0000E+00
   0.0000E+00
   0.0000E+00
   0.0000E+00
   0.0000E+00
   0.0000E+00
   0.0000E+00
   0.0000E+00
   0.0000E+00
   0.0000E+00
   0.0000E+00
   0.0000E+00
   0.0000E+00
   0.0000E+00
   0.0000E+00
   0.0000E+00
   0.0000E+00
   0.0000E+00
   0.0000E+00
   0.0000E+00
   0.0000E+00
   0.0000E+00
   0.0000E+00
   0.0000E+00
   0.0000E+00
   0.0000E+00
   0.0000E+00
   0.0000E+00
   0.0000E+00
   0.0000E+00
   0.0000E+00
   0.0000E+00
   0.0000E+00
   0.0000E+00
   0.0000E+00
   0.0000E+00
   0.0000E+00
   0.0000E+00
   0.0000E+00
   0.0000E+00
   0.0000E+00
   0.0000E+00
   0.0000E+00
   0.0000E+00
   0.0000E+00
   0.0000E+00
   0.0000E+00
   0.0000E+00
   0.0000E+00
   0.0000E+00
   0.0000E+00
   0.0000E+00
   0.0000E+00
   0.0000E+00
   0.0000E+00
   0.0000E+00
   0.0000E+00
   0.0000E+00
   0.0000E+00
   0.0000E+00
   0.0000E+00
   0.0000E+00
   0.0000E+00
   0.0000E+00
   0.0000E+00
   0.0000E+00
   0.0000E+00
   0.0000E+00
   0.0000E+00
   0.0000E+00
   0.0000E+00
   0.0000E+00
   0.0000E+00
   0.0000E+00
   0.0000E+00
   0.0000E+00
   0.0000E+00
   0.0000E+00
   0.0000E+00
   0.0000E+00
   0.0000E+00
   0.0000E+00
   0.0000E+00
   0.0000E+00
   0.0000E+00
   0.0000E+00
   0.0000E+00
   0.0000E+00
   0.0000E+00
   0.0000E+00
   0.0000E+00
   0.0000E+00
   0.0000E+00
   0.0000E+00
   0.0000E+00
   0.0000E+00
   0.0000E+00
   0.0000E+00
   0.0000E+00
   0.0000E+00
   0.0000E+00
   0.0000E+00
   0.0000E+00
   0.0000E+00
   0.0000E+00
   0.0000E+00
   0.0000E+00
   0.0000E+00
   0.0000E+00
   0.0000E+00
   0.0000E+00
   0.0000E+00
   0.0000E+00
   0.0000E+00
   0.0000E+00
   0.0000E+00
   0.0000E+00
   0.0000E+00
   0.0000E+00
   0.0000E+00
   0.0000E+00
   0.0000E+00
   0.0000E+00
   0.0000E+00
   0.0000E+00
   0.0000E+00
   0.0000E+00
   0.0000E+00
   0.0000E+00
   0.0000E+00
   0.0000E+00
   0.0000E+00
   0.0000E+00
   0.0000E+00
   0.0000E+00
   0.0000E+00
   0.0000E+00
   0.0000E+00
   0.0000E+00
   0.0000E+00
   0.0000E+00
   0.0000E+00
   0.0000E+00
   0.0000E+00
   0.0000E+00
   0.0000E+00
   0.0000E+00
   0.0000E+00
   0.0000E+00
   0.0000E+00
   0.0000E+00
   0.0000E+00
   0.0000E+00
   0.0000E+00
   0.0000E+00
   0.0000E+00
   0.0000E+00
   0.0000E+00
   0.0000E+00
   0.0000E+00
   0.0000E+00
   0.0000E+00
   0.0000E+00
   0.0000E+00
   0.0000E+00
   0.0000E+00
   0.0000E+00
   0.0000E+00
   0.0000E+00
   0.0000E+00
   0.0000E+00
   0.0000E+00
   0.0000E+00
   0.0000E+00
   0.0000E+00
   0.0000E+00
   0.0000E+00
   0.0000E+00
   0.0000E+00
   0.0000E+00
   0.0000E+00
   0.0000E+00
   0.0000E+00
   0.0000E+00
   0.0000E+00
   0.0000E+00
   0.0000E+00
   0.0000E+00
   0.0000E+00
   0.0000E+00
   0.0000E+00
   0.0000E+00
   0.0000E+00
   0.0000E+00
   0.0000E+00
   0.0000E+00
   0.0000E+00
   0.0000E+00
   0.0000E+00
   0.0000E+00
   0.0000E+00
   0.0000E+00
   0.0000E+00
   0.0000E+00
   0.0000E+00
   0.0000E+00
   0.0000E+00
   0.0000E+00
   0.0000E+00
   0.0000E+00
   0.0000E+00
   0.0000E+00
   0.0000E+00
   0.0000E+00
   0.0000E+00
   0.0000E+00
   0.0000E+00
   0.0000E+00
   0.0000E+00
   0.0000E+00
   0.0000E+00
   0.0000E+00
   0.0000E+00
   0.0000E+00
   0.0000E+00
   0.0000E+00
   0.0000E+00
   0.0000E+00
   0.0000E+00
   0.0000E+00
   0.0000E+00
   0.0000E+00
   0.0000E+00
   0.0000E+00
   0.0000E+00
   0.0000E+00
   0.0000E+00
   0.0000E+00
   0.0000E+00
   0.0000E+00
   0.0000E+00
   0.0000E+00
   0.0000E+00
   0.0000E+00
   0.0000E+00
   0.0000E+00
   0.0000E+00
   0.0000E+00
   0.0000E+00
   0.0000E+00
   0.0000E+00
   0.0000E+00
   0.0000E+00
   0.0000E+00
   0.0000E+00
   0.0000E+00
   0.0000E+00
   0.0000E+00
   0.0000E+00
   0.0000E+00
   0.0000E+00
   0.0000E+00
   0.0000E+00
   0.0000E+00
   0.0000E+00
   0.0000E+00
   0.0000E+00
   0.0000E+00
   0.0000E+00
   0.0000E+00
   0.0000E+00
   0.0000E+00
   0.0000E+00
   0.0000E+00
   0.0000E+00
   0.0000E+00
   0.0000E+00
   0.0000E+00
   0.0000E+00
   0.0000E+00
   0.0000E+00
   0.0000E+00
   0.0000E+00
   0.0000E+00
   0.0000E+00
   0.0000E+00
   0.0000E+00
   0.0000E+00
   0.0000E+00
   0.0000E+00
   0.0000E+00
   0.0000E+00
   0.0000E+00
   0.0000E+00
   0.0000E+00
   0.0000E+00
   0.0000E+00
   0.0000E+00
   0.0000E+00
   0.0000E+00
   0.0000E+00
   0.0000E+00
   0.0000E+00
   0.0000E+00
   0.0000E+00
   0.0000E+00
   0.0000E+00
   0.0000E+00
   0.0000E+00
   0.0000E+00
   0.0000E+00
   0.0000E+00
   0.0000E+00
   0.0000E+00
   0.0000E+00
   0.0000E+00
   0.0000E+00
   0.0000E+00
   0.0000E+00
   0.0000E+00
   0.0000E+00
   0.0000E+00
   0.0000E+00
   0.0000E+00
   0.0000E+00
   0.0000E+00
   0.0000E+00
   0.0000E+00
   0.0000E+00
   0.0000E+00
   0.0000E+00
   0.0000E+00
   0.0000E+00
   0.0000E+00
   0.0000E+00
   0.0000E+00
   0.0000E+00
   0.0000E+00
   0.0000E+00
   0.0000E+00
   0.0000E+00
   0.0000E+00
   0.0000E+00
   0.0000E+00
   0.0000E+00
   0.0000E+00
   0.0000E+00
   0.0000E+00
   0.0000E+00
   0.0000E+00
   0.0000E+00
   0.0000E+00
   0.0000E+00
   0.0000E+00
   0.0000E+00
   0.0000E+00
   0.0000E+00
   0.0000E+00
   0.0000E+00
   0.0000E+00
   0.0000E+00
   0.0000E+00
   0.0000E+00
   0.0000E+00
   0.0000E+00
   0.0000E+00
   0.0000E+00
   0.0000E+00
   0.0000E+00
   0.0000E+00
   0.0000E+00
   0.0000E+00
   0.0000E+00
   0.0000E+00
   0.0000E+00
   0.0000E+00
   0.0000E+00
   0.0000E+00
   0.0000E+00
   0.0000E+00
   0.0000E+00
   0.0000E+00
   0.0000E+00
   0.0000E+00
   0.0000E+00
   0.0000E+00
   0.0000E+00
   0.0000E+00
   0.0000E+00
   0.0000E+00
   0.0000E+00
   0.0000E+00
   0.0000E+00
   0.0000E+00
   0.0000E+00
   0.0000E+00
   0.0000E+00
   0.0000E+00
   0.0000E+00
   0.0000E+00
   0.0000E+00
   0.0000E+00
   0.0000E+00
   0.0000E+00
   0.0000E+00
   0.0000E+00
   0.0000E+00
   0.0000E+00
   0.0000E+00
   0.0000E+00
   0.0000E+00
   0.0000E+00
   0.0000E+00
   0.0000E+00
   0.0000E+00
   0.0000E+00
   0.0000E+00
   0.0000E+00
   0.0000E+00
   0.0000E+00
   0.0000E+00
   0.0000E+00
   0.0000E+00
   0.0000E+00
   0.0000E+00
   0.0000E+00
   0.0000E+00
   0.0000E+00
   0.0000E+00
   0.0000E+00
   0.0000E+00
   0.0000E+00
   0.0000E+00
   0.0000E+00
   0.0000E+00
   0.0000E+00
   0.0000E+00
   0.0000E+00
   0.0000E+00
   0.0000E+00
   0.0000E+00
   0.0000E+00
