   0.0000E+00
   0.4831E-01
   0.9651E-01
   0.1445E+00
   0.1921E+00
   0.2393E+00
   0.2859E+00
   0.3319E+00
   0.3771E+00
   0.4214E+00
   0.4647E+00
   0.5070E+00
   0.5480E+00
   0.5878E+00
   0.6262E+00
   0.6631E+00
   0.6985E+00
   0.7323E+00
   0.7643E+00
   0.7946E+00
   0.8230E+00
   0.8495E+00
   0.8740E+00
   0.8964E+00
   0.9168E+00
   0.9350E+00
   0.9511E+00
   0.9649E+00
   0.9764E+00
   0.9857E+00
   0.9927E+00
   0.9974E+00
   0.9997E+00
   0.9997E+00
   0.9974E+00
   0.9927E+00
   0.9857E+00
   0.9764E+00
   0.9649E+00
   0.9511E+00
   0.9350E+00
   0.9168E+00
   0.8964E+00
   0.8740E+00
   0.8495E+00
   0.8230E+00
   0.7946E+00
   0.7643E+00
   0.7323E+00
   0.6985E+00
   0.6631E+00
   0.6262E+00
   0.5878E+00
   0.5480E+00
   0.5070E+00
   0.4647E+00
   0.4214E+00
   0.3771E+00
   0.3319E+00
   0.2859E+00
   0.2393E+00
   0.1921E+00
   0.1445E+00
   0.9651E-01
   0.4831E-01
  -0.8742E-07
   0.0000E+00
   0.4603E-01
   0.9196E-01
   0.1377E+00
   0.1831E+00
   0.2280E+00
   0.2725E+00
   0.3162E+00
   0.3593E+00
   0.4015E+00
   0.4428E+00
   0.4830E+00
   0.5222E+00
   0.5601E+00
   0.5966E+00
   0.6318E+00
   0.6656E+00
   0.6977E+00
   0.7283E+00
   0.7571E+00
   0.7842E+00
   0.8094E+00
   0.8327E+00
   0.8541E+00
   0.8735E+00
   0.8909E+00
   0.9062E+00
   0.9194E+00
   0.9304E+00
   0.9392E+00
   0.9459E+00
   0.9503E+00
   0.9525E+00
   0.9525E+00
   0.9503E+00
   0.9459E+00
   0.9392E+00
   0.9304E+00
   0.9194E+00
   0.9062E+00
   0.8909E+00
   0.8735E+00
   0.8541E+00
   0.8327E+00
   0.8094E+00
   0.7842E+00
   0.7571E+00
   0.7283E+00
   0.6977E+00
   0.6656E+00
   0.6318E+00
   0.5966E+00
   0.5601E+00
   0.5222E+00
   0.4830E+00
   0.4428E+00
   0.4015E+00
   0.3593E+00
   0.3162E+00
   0.2725E+00
   0.2280E+00
   0.1831E+00
   0.1377E+00
   0.9196E-01
   0.4603E-01
   0.0000E+00
   0.0000E+00
   0.4386E-01
   0.8762E-01
   0.1312E+00
   0.1744E+00
   0.2173E+00
   0.2596E+00
   0.3013E+00
   0.3424E+00
   0.3826E+00
   0.4219E+00
   0.4603E+00
   0.4975E+00
   0.5336E+00
   0.5685E+00
   0.6020E+00
   0.6342E+00
   0.6648E+00
   0.6939E+00
   0.7214E+00
   0.7472E+00
   0.7712E+00
   0.7935E+00
   0.8138E+00
   0.8323E+00
   0.8489E+00
   0.8634E+00
   0.8760E+00
   0.8865E+00
   0.8949E+00
   0.9013E+00
   0.9055E+00
   0.9076E+00
   0.9076E+00
   0.9055E+00
   0.9013E+00
   0.8949E+00
   0.8865E+00
   0.8760E+00
   0.8634E+00
   0.8489E+00
   0.8323E+00
   0.8138E+00
   0.7935E+00
   0.7712E+00
   0.7472E+00
   0.7214E+00
   0.6939E+00
   0.6648E+00
   0.6342E+00
   0.6020E+00
   0.5685E+00
   0.5336E+00
   0.4975E+00
   0.4603E+00
   0.4219E+00
   0.3826E+00
   0.3424E+00
   0.3013E+00
   0.2596E+00
   0.2173E+00
   0.1744E+00
   0.1312E+00
   0.8762E-01
   0.4386E-01
   0.0000E+00
   0.0000E+00
   0.4179E-01
   0.8349E-01
   0.1250E+00
   0.1662E+00
   0.2070E+00
   0.2474E+00
   0.2871E+00
   0.3262E+00
   0.3645E+00
   0.4020E+00
   0.4385E+00
   0.4741E+00
   0.5085E+00
   0.5417E+00
   0.5736E+00
   0.6042E+00
   0.6334E+00
   0.6612E+00
   0.6873E+00
   0.7119E+00
   0.7348E+00
   0.7560E+00
   0.7754E+00
   0.7931E+00
   0.8088E+00
   0.8227E+00
   0.8347E+00
   0.8447E+00
   0.8527E+00
   0.8587E+00
   0.8628E+00
   0.8648E+00
   0.8648E+00
   0.8628E+00
   0.8587E+00
   0.8527E+00
   0.8447E+00
   0.8347E+00
   0.8227E+00
   0.8088E+00
   0.7931E+00
   0.7754E+00
   0.7560E+00
   0.7348E+00
   0.7119E+00
   0.6873E+00
   0.6612E+00
   0.6334E+00
   0.6042E+00
   0.5736E+00
   0.5417E+00
   0.5085E+00
   0.4741E+00
   0.4385E+00
   0.4020E+00
   0.3645E+00
   0.3262E+00
   0.2871E+00
   0.2474E+00
   0.2070E+00
   0.1662E+00
   0.1250E+00
   0.8349E-01
   0.4179E-01
   0.0000E+00
   0.0000E+00
   0.3982E-01
   0.7955E-01
   0.1191E+00
   0.1584E+00
   0.1973E+00
   0.2357E+00
   0.2736E+00
   0.3108E+00
   0.3473E+00
   0.3830E+00
   0.4179E+00
   0.4517E+00
   0.4845E+00
   0.5161E+00
   0.5466E+00
   0.5757E+00
   0.6036E+00
   0.6300E+00
   0.6549E+00
   0.6783E+00
   0.7002E+00
   0.7204E+00
   0.7389E+00
   0.7557E+00
   0.7707E+00
   0.7839E+00
   0.7953E+00
   0.8048E+00
   0.8125E+00
   0.8182E+00
   0.8221E+00
   0.8240E+00
   0.8240E+00
   0.8221E+00
   0.8182E+00
   0.8125E+00
   0.8048E+00
   0.7953E+00
   0.7839E+00
   0.7707E+00
   0.7557E+00
   0.7389E+00
   0.7204E+00
   0.7002E+00
   0.6783E+00
   0.6549E+00
   0.6300E+00
   0.6036E+00
   0.5757E+00
   0.5466E+00
   0.5161E+00
   0.4845E+00
   0.4517E+00
   0.4179E+00
   0.3830E+00
   0.3473E+00
   0.3108E+00
   0.2736E+00
   0.2357E+00
   0.1973E+00
   0.1584E+00
   0.1191E+00
   0.7955E-01
   0.3982E-01
   0.0000E+00
   0.0000E+00
   0.3794E-01
   0.7580E-01
   0.1135E+00
   0.1509E+00
   0.1879E+00
   0.2246E+00
   0.2607E+00
   0.2962E+00
   0.3309E+00
   0.3650E+00
   0.3981E+00
   0.4304E+00
   0.4616E+00
   0.4918E+00
   0.5208E+00
   0.5486E+00
   0.5751E+00
   0.6003E+00
   0.6240E+00
   0.6463E+00
   0.6671E+00
   0.6864E+00
   0.7040E+00
   0.7200E+00
   0.7343E+00
   0.7469E+00
   0.7578E+00
   0.7668E+00
   0.7741E+00
   0.7796E+00
   0.7833E+00
   0.7851E+00
   0.7851E+00
   0.7833E+00
   0.7796E+00
   0.7741E+00
   0.7668E+00
   0.7578E+00
   0.7469E+00
   0.7343E+00
   0.7200E+00
   0.7040E+00
   0.6864E+00
   0.6671E+00
   0.6463E+00
   0.6240E+00
   0.6003E+00
   0.5751E+00
   0.5486E+00
   0.5208E+00
   0.4918E+00
   0.4616E+00
   0.4304E+00
   0.3981E+00
   0.3650E+00
   0.3309E+00
   0.2962E+00
   0.2607E+00
   0.2246E+00
   0.1879E+00
   0.1509E+00
   0.1135E+00
   0.7580E-01
   0.3794E-01
   0.0000E+00
   0.0000E+00
   0.3615E-01
   0.7222E-01
   0.1081E+00
   0.1438E+00
   0.1791E+00
   0.2140E+00
   0.2484E+00
   0.2822E+00
   0.3153E+00
   0.3478E+00
   0.3794E+00
   0.4101E+00
   0.4398E+00
   0.4686E+00
   0.4962E+00
   0.5227E+00
   0.5480E+00
   0.5719E+00
   0.5946E+00
   0.6158E+00
   0.6357E+00
   0.6540E+00
   0.6708E+00
   0.6860E+00
   0.6997E+00
   0.7117E+00
   0.7220E+00
   0.7307E+00
   0.7376E+00
   0.7428E+00
   0.7463E+00
   0.7481E+00
   0.7481E+00
   0.7463E+00
   0.7428E+00
   0.7376E+00
   0.7307E+00
   0.7220E+00
   0.7117E+00
   0.6997E+00
   0.6860E+00
   0.6708E+00
   0.6540E+00
   0.6357E+00
   0.6158E+00
   0.5946E+00
   0.5719E+00
   0.5480E+00
   0.5227E+00
   0.4962E+00
   0.4686E+00
   0.4398E+00
   0.4101E+00
   0.3794E+00
   0.3478E+00
   0.3153E+00
   0.2822E+00
   0.2484E+00
   0.2140E+00
   0.1791E+00
   0.1438E+00
   0.1081E+00
   0.7222E-01
   0.3615E-01
   0.0000E+00
   0.0000E+00
   0.3445E-01
   0.6881E-01
   0.1030E+00
   0.1370E+00
   0.1706E+00
   0.2039E+00
   0.2367E+00
   0.2689E+00
   0.3005E+00
   0.3313E+00
   0.3615E+00
   0.3907E+00
   0.4191E+00
   0.4465E+00
   0.4728E+00
   0.4980E+00
   0.5221E+00
   0.5450E+00
   0.5665E+00
   0.5868E+00
   0.6057E+00
   0.6231E+00
   0.6392E+00
   0.6537E+00
   0.6667E+00
   0.6781E+00
   0.6880E+00
   0.6962E+00
   0.7028E+00
   0.7078E+00
   0.7111E+00
   0.7128E+00
   0.7128E+00
   0.7111E+00
   0.7078E+00
   0.7028E+00
   0.6962E+00
   0.6880E+00
   0.6781E+00
   0.6667E+00
   0.6537E+00
   0.6392E+00
   0.6231E+00
   0.6057E+00
   0.5868E+00
   0.5665E+00
   0.5450E+00
   0.5221E+00
   0.4980E+00
   0.4728E+00
   0.4465E+00
   0.4191E+00
   0.3907E+00
   0.3615E+00
   0.3313E+00
   0.3005E+00
   0.2689E+00
   0.2367E+00
   0.2039E+00
   0.1706E+00
   0.1370E+00
   0.1030E+00
   0.6881E-01
   0.3445E-01
   0.0000E+00
   0.0000E+00
   0.3282E-01
   0.6557E-01
   0.9816E-01
   0.1305E+00
   0.1626E+00
   0.1943E+00
   0.2255E+00
   0.2562E+00
   0.2863E+00
   0.3157E+00
   0.3444E+00
   0.3723E+00
   0.3993E+00
   0.4254E+00
   0.4505E+00
   0.4745E+00
   0.4975E+00
   0.5192E+00
   0.5398E+00
   0.5591E+00
   0.5771E+00
   0.5937E+00
   0.6090E+00
   0.6228E+00
   0.6352E+00
   0.6461E+00
   0.6555E+00
   0.6634E+00
   0.6697E+00
   0.6744E+00
   0.6776E+00
   0.6792E+00
   0.6792E+00
   0.6776E+00
   0.6744E+00
   0.6697E+00
   0.6634E+00
   0.6555E+00
   0.6461E+00
   0.6352E+00
   0.6228E+00
   0.6090E+00
   0.5937E+00
   0.5771E+00
   0.5591E+00
   0.5398E+00
   0.5192E+00
   0.4975E+00
   0.4745E+00
   0.4505E+00
   0.4254E+00
   0.3993E+00
   0.3723E+00
   0.3444E+00
   0.3157E+00
   0.2863E+00
   0.2562E+00
   0.2255E+00
   0.1943E+00
   0.1626E+00
   0.1305E+00
   0.9816E-01
   0.6557E-01
   0.3282E-01
   0.0000E+00
   0.0000E+00
   0.3127E-01
   0.6247E-01
   0.9353E-01
   0.1244E+00
   0.1549E+00
   0.1851E+00
   0.2148E+00
   0.2441E+00
   0.2728E+00
   0.3008E+00
   0.3282E+00
   0.3547E+00
   0.3805E+00
   0.4053E+00
   0.4292E+00
   0.4522E+00
   0.4740E+00
   0.4948E+00
   0.5143E+00
   0.5327E+00
   0.5499E+00
   0.5657E+00
   0.5803E+00
   0.5935E+00
   0.6052E+00
   0.6156E+00
   0.6246E+00
   0.6321E+00
   0.6381E+00
   0.6426E+00
   0.6456E+00
   0.6471E+00
   0.6471E+00
   0.6456E+00
   0.6426E+00
   0.6381E+00
   0.6321E+00
   0.6246E+00
   0.6156E+00
   0.6052E+00
   0.5935E+00
   0.5803E+00
   0.5657E+00
   0.5499E+00
   0.5327E+00
   0.5143E+00
   0.4948E+00
   0.4740E+00
   0.4522E+00
   0.4292E+00
   0.4053E+00
   0.3805E+00
   0.3547E+00
   0.3282E+00
   0.3008E+00
   0.2728E+00
   0.2441E+00
   0.2148E+00
   0.1851E+00
   0.1549E+00
   0.1244E+00
   0.9353E-01
   0.6247E-01
   0.3127E-01
   0.0000E+00
   0.0000E+00
   0.2980E-01
   0.5953E-01
   0.8912E-01
   0.1185E+00
   0.1476E+00
   0.1764E+00
   0.2047E+00
   0.2326E+00
   0.2599E+00
   0.2866E+00
   0.3127E+00
   0.3380E+00
   0.3625E+00
   0.3862E+00
   0.4090E+00
   0.4308E+00
   0.4516E+00
   0.4714E+00
   0.4901E+00
   0.5076E+00
   0.5239E+00
   0.5390E+00
   0.5529E+00
   0.5655E+00
   0.5767E+00
   0.5866E+00
   0.5951E+00
   0.6022E+00
   0.6080E+00
   0.6123E+00
   0.6152E+00
   0.6166E+00
   0.6166E+00
   0.6152E+00
   0.6123E+00
   0.6080E+00
   0.6022E+00
   0.5951E+00
   0.5866E+00
   0.5767E+00
   0.5655E+00
   0.5529E+00
   0.5390E+00
   0.5239E+00
   0.5076E+00
   0.4901E+00
   0.4714E+00
   0.4516E+00
   0.4308E+00
   0.4090E+00
   0.3862E+00
   0.3625E+00
   0.3380E+00
   0.3127E+00
   0.2866E+00
   0.2599E+00
   0.2326E+00
   0.2047E+00
   0.1764E+00
   0.1476E+00
   0.1185E+00
   0.8912E-01
   0.5953E-01
   0.2980E-01
   0.0000E+00
   0.0000E+00
   0.2839E-01
   0.5672E-01
   0.8491E-01
   0.1129E+00
   0.1406E+00
   0.1680E+00
   0.1951E+00
   0.2216E+00
   0.2476E+00
   0.2731E+00
   0.2979E+00
   0.3221E+00
   0.3454E+00
   0.3680E+00
   0.3897E+00
   0.4105E+00
   0.4303E+00
   0.4492E+00
   0.4670E+00
   0.4836E+00
   0.4992E+00
   0.5136E+00
   0.5268E+00
   0.5388E+00
   0.5495E+00
   0.5589E+00
   0.5670E+00
   0.5738E+00
   0.5793E+00
   0.5834E+00
   0.5861E+00
   0.5875E+00
   0.5875E+00
   0.5861E+00
   0.5834E+00
   0.5793E+00
   0.5738E+00
   0.5670E+00
   0.5589E+00
   0.5495E+00
   0.5388E+00
   0.5268E+00
   0.5136E+00
   0.4992E+00
   0.4836E+00
   0.4670E+00
   0.4492E+00
   0.4303E+00
   0.4105E+00
   0.3897E+00
   0.3680E+00
   0.3454E+00
   0.3221E+00
   0.2979E+00
   0.2731E+00
   0.2476E+00
   0.2216E+00
   0.1951E+00
   0.1680E+00
   0.1406E+00
   0.1129E+00
   0.8491E-01
   0.5672E-01
   0.2839E-01
   0.0000E+00
   0.0000E+00
   0.2705E-01
   0.5404E-01
   0.8091E-01
   0.1076E+00
   0.1340E+00
   0.1601E+00
   0.1859E+00
   0.2112E+00
   0.2360E+00
   0.2602E+00
   0.2839E+00
   0.3069E+00
   0.3291E+00
   0.3506E+00
   0.3713E+00
   0.3911E+00
   0.4100E+00
   0.4280E+00
   0.4449E+00
   0.4608E+00
   0.4757E+00
   0.4894E+00
   0.5020E+00
   0.5134E+00
   0.5236E+00
   0.5325E+00
   0.5403E+00
   0.5468E+00
   0.5520E+00
   0.5559E+00
   0.5585E+00
   0.5598E+00
   0.5598E+00
   0.5585E+00
   0.5559E+00
   0.5520E+00
   0.5468E+00
   0.5403E+00
   0.5325E+00
   0.5236E+00
   0.5134E+00
   0.5020E+00
   0.4894E+00
   0.4757E+00
   0.4608E+00
   0.4449E+00
   0.4280E+00
   0.4100E+00
   0.3911E+00
   0.3713E+00
   0.3506E+00
   0.3291E+00
   0.3069E+00
   0.2839E+00
   0.2602E+00
   0.2360E+00
   0.2112E+00
   0.1859E+00
   0.1601E+00
   0.1340E+00
   0.1076E+00
   0.8091E-01
   0.5404E-01
   0.2705E-01
   0.0000E+00
   0.0000E+00
   0.2578E-01
   0.5149E-01
   0.7709E-01
   0.1025E+00
   0.1277E+00
   0.1526E+00
   0.1771E+00
   0.2012E+00
   0.2248E+00
   0.2479E+00
   0.2705E+00
   0.2924E+00
   0.3136E+00
   0.3341E+00
   0.3538E+00
   0.3727E+00
   0.3907E+00
   0.4078E+00
   0.4239E+00
   0.4391E+00
   0.4532E+00
   0.4663E+00
   0.4783E+00
   0.4891E+00
   0.4989E+00
   0.5074E+00
   0.5148E+00
   0.5210E+00
   0.5259E+00
   0.5296E+00
   0.5321E+00
   0.5334E+00
   0.5334E+00
   0.5321E+00
   0.5296E+00
   0.5259E+00
   0.5210E+00
   0.5148E+00
   0.5074E+00
   0.4989E+00
   0.4891E+00
   0.4783E+00
   0.4663E+00
   0.4532E+00
   0.4391E+00
   0.4239E+00
   0.4078E+00
   0.3907E+00
   0.3727E+00
   0.3538E+00
   0.3341E+00
   0.3136E+00
   0.2924E+00
   0.2705E+00
   0.2479E+00
   0.2248E+00
   0.2012E+00
   0.1771E+00
   0.1526E+00
   0.1277E+00
   0.1025E+00
   0.7709E-01
   0.5149E-01
   0.2578E-01
   0.0000E+00
   0.0000E+00
   0.2456E-01
   0.4906E-01
   0.7345E-01
   0.9767E-01
   0.1217E+00
   0.1454E+00
   0.1687E+00
   0.1917E+00
   0.2142E+00
   0.2362E+00
   0.2577E+00
   0.2786E+00
   0.2988E+00
   0.3183E+00
   0.3371E+00
   0.3551E+00
   0.3723E+00
   0.3886E+00
   0.4039E+00
   0.4184E+00
   0.4318E+00
   0.4443E+00
   0.4557E+00
   0.4661E+00
   0.4753E+00
   0.4835E+00
   0.4905E+00
   0.4964E+00
   0.5011E+00
   0.5047E+00
   0.5070E+00
   0.5082E+00
   0.5082E+00
   0.5070E+00
   0.5047E+00
   0.5011E+00
   0.4964E+00
   0.4905E+00
   0.4835E+00
   0.4753E+00
   0.4661E+00
   0.4557E+00
   0.4443E+00
   0.4318E+00
   0.4184E+00
   0.4039E+00
   0.3886E+00
   0.3723E+00
   0.3551E+00
   0.3371E+00
   0.3183E+00
   0.2988E+00
   0.2786E+00
   0.2577E+00
   0.2362E+00
   0.2142E+00
   0.1917E+00
   0.1687E+00
   0.1454E+00
   0.1217E+00
   0.9767E-01
   0.7345E-01
   0.4906E-01
   0.2456E-01
   0.0000E+00
   0.0000E+00
   0.2340E-01
   0.4675E-01
   0.6999E-01
   0.9306E-01
   0.1159E+00
   0.1385E+00
   0.1608E+00
   0.1827E+00
   0.2041E+00
   0.2251E+00
   0.2456E+00
   0.2654E+00
   0.2847E+00
   0.3033E+00
   0.3212E+00
   0.3383E+00
   0.3547E+00
   0.3702E+00
   0.3849E+00
   0.3986E+00
   0.4115E+00
   0.4233E+00
   0.4342E+00
   0.4441E+00
   0.4529E+00
   0.4607E+00
   0.4674E+00
   0.4730E+00
   0.4775E+00
   0.4808E+00
   0.4831E+00
   0.4842E+00
   0.4842E+00
   0.4831E+00
   0.4808E+00
   0.4775E+00
   0.4730E+00
   0.4674E+00
   0.4607E+00
   0.4529E+00
   0.4441E+00
   0.4342E+00
   0.4233E+00
   0.4115E+00
   0.3986E+00
   0.3849E+00
   0.3702E+00
   0.3547E+00
   0.3383E+00
   0.3212E+00
   0.3033E+00
   0.2847E+00
   0.2654E+00
   0.2456E+00
   0.2251E+00
   0.2041E+00
   0.1827E+00
   0.1608E+00
   0.1385E+00
   0.1159E+00
   0.9306E-01
   0.6999E-01
   0.4675E-01
   0.2340E-01
   0.0000E+00
   0.0000E+00
   0.2230E-01
   0.4454E-01
   0.6669E-01
   0.8867E-01
   0.1105E+00
   0.1320E+00
   0.1532E+00
   0.1740E+00
   0.1945E+00
   0.2145E+00
   0.2340E+00
   0.2529E+00
   0.2713E+00
   0.2890E+00
   0.3060E+00
   0.3224E+00
   0.3380E+00
   0.3528E+00
   0.3667E+00
   0.3798E+00
   0.3921E+00
   0.4034E+00
   0.4137E+00
   0.4231E+00
   0.4315E+00
   0.4389E+00
   0.4453E+00
   0.4507E+00
   0.4549E+00
   0.4582E+00
   0.4603E+00
   0.4614E+00
   0.4614E+00
   0.4603E+00
   0.4582E+00
   0.4549E+00
   0.4507E+00
   0.4453E+00
   0.4389E+00
   0.4315E+00
   0.4231E+00
   0.4137E+00
   0.4034E+00
   0.3921E+00
   0.3798E+00
   0.3667E+00
   0.3528E+00
   0.3380E+00
   0.3224E+00
   0.3060E+00
   0.2890E+00
   0.2713E+00
   0.2529E+00
   0.2340E+00
   0.2145E+00
   0.1945E+00
   0.1740E+00
   0.1532E+00
   0.1320E+00
   0.1105E+00
   0.8867E-01
   0.6669E-01
   0.4454E-01
   0.2230E-01
   0.0000E+00
   0.0000E+00
   0.2125E-01
   0.4244E-01
   0.6354E-01
   0.8449E-01
   0.1052E+00
   0.1257E+00
   0.1460E+00
   0.1658E+00
   0.1853E+00
   0.2044E+00
   0.2229E+00
   0.2410E+00
   0.2585E+00
   0.2754E+00
   0.2916E+00
   0.3072E+00
   0.3220E+00
   0.3361E+00
   0.3494E+00
   0.3619E+00
   0.3736E+00
   0.3843E+00
   0.3942E+00
   0.4032E+00
   0.4112E+00
   0.4182E+00
   0.4243E+00
   0.4294E+00
   0.4335E+00
   0.4365E+00
   0.4386E+00
   0.4396E+00
   0.4396E+00
   0.4386E+00
   0.4365E+00
   0.4335E+00
   0.4294E+00
   0.4243E+00
   0.4182E+00
   0.4112E+00
   0.4032E+00
   0.3942E+00
   0.3843E+00
   0.3736E+00
   0.3619E+00
   0.3494E+00
   0.3361E+00
   0.3220E+00
   0.3072E+00
   0.2916E+00
   0.2754E+00
   0.2585E+00
   0.2410E+00
   0.2229E+00
   0.2044E+00
   0.1853E+00
   0.1658E+00
   0.1460E+00
   0.1257E+00
   0.1052E+00
   0.8449E-01
   0.6354E-01
   0.4244E-01
   0.2125E-01
   0.0000E+00
   0.0000E+00
   0.2024E-01
   0.4044E-01
   0.6054E-01
   0.8050E-01
   0.1003E+00
   0.1198E+00
   0.1391E+00
   0.1580E+00
   0.1766E+00
   0.1947E+00
   0.2124E+00
   0.2296E+00
   0.2463E+00
   0.2624E+00
   0.2779E+00
   0.2927E+00
   0.3068E+00
   0.3203E+00
   0.3329E+00
   0.3448E+00
   0.3559E+00
   0.3662E+00
   0.3756E+00
   0.3841E+00
   0.3918E+00
   0.3985E+00
   0.4043E+00
   0.4091E+00
   0.4130E+00
   0.4160E+00
   0.4179E+00
   0.4189E+00
   0.4189E+00
   0.4179E+00
   0.4160E+00
   0.4130E+00
   0.4091E+00
   0.4043E+00
   0.3985E+00
   0.3918E+00
   0.3841E+00
   0.3756E+00
   0.3662E+00
   0.3559E+00
   0.3448E+00
   0.3329E+00
   0.3203E+00
   0.3068E+00
   0.2927E+00
   0.2779E+00
   0.2624E+00
   0.2463E+00
   0.2296E+00
   0.2124E+00
   0.1947E+00
   0.1766E+00
   0.1580E+00
   0.1391E+00
   0.1198E+00
   0.1003E+00
   0.8050E-01
   0.6054E-01
   0.4044E-01
   0.2024E-01
   0.0000E+00
   0.0000E+00
   0.1929E-01
   0.3853E-01
   0.5769E-01
   0.7670E-01
   0.9554E-01
   0.1142E+00
   0.1325E+00
   0.1506E+00
   0.1682E+00
   0.1855E+00
   0.2024E+00
   0.2188E+00
   0.2347E+00
   0.2500E+00
   0.2647E+00
   0.2789E+00
   0.2923E+00
   0.3051E+00
   0.3172E+00
   0.3286E+00
   0.3391E+00
   0.3489E+00
   0.3579E+00
   0.3660E+00
   0.3733E+00
   0.3797E+00
   0.3852E+00
   0.3898E+00
   0.3935E+00
   0.3963E+00
   0.3982E+00
   0.3991E+00
   0.3991E+00
   0.3982E+00
   0.3963E+00
   0.3935E+00
   0.3898E+00
   0.3852E+00
   0.3797E+00
   0.3733E+00
   0.3660E+00
   0.3579E+00
   0.3489E+00
   0.3391E+00
   0.3286E+00
   0.3172E+00
   0.3051E+00
   0.2923E+00
   0.2789E+00
   0.2647E+00
   0.2500E+00
   0.2347E+00
   0.2188E+00
   0.2024E+00
   0.1855E+00
   0.1682E+00
   0.1506E+00
   0.1325E+00
   0.1142E+00
   0.9554E-01
   0.7670E-01
   0.5769E-01
   0.3853E-01
   0.1929E-01
   0.0000E+00
   0.0000E+00
   0.1838E-01
   0.3671E-01
   0.5496E-01
   0.7309E-01
   0.9104E-01
   0.1088E+00
   0.1263E+00
   0.1434E+00
   0.1603E+00
   0.1768E+00
   0.1928E+00
   0.2085E+00
   0.2236E+00
   0.2382E+00
   0.2523E+00
   0.2657E+00
   0.2786E+00
   0.2907E+00
   0.3023E+00
   0.3131E+00
   0.3231E+00
   0.3325E+00
   0.3410E+00
   0.3488E+00
   0.3557E+00
   0.3618E+00
   0.3670E+00
   0.3714E+00
   0.3750E+00
   0.3776E+00
   0.3794E+00
   0.3803E+00
   0.3803E+00
   0.3794E+00
   0.3776E+00
   0.3750E+00
   0.3714E+00
   0.3670E+00
   0.3618E+00
   0.3557E+00
   0.3488E+00
   0.3410E+00
   0.3325E+00
   0.3231E+00
   0.3131E+00
   0.3023E+00
   0.2907E+00
   0.2786E+00
   0.2657E+00
   0.2523E+00
   0.2382E+00
   0.2236E+00
   0.2085E+00
   0.1928E+00
   0.1768E+00
   0.1603E+00
   0.1434E+00
   0.1263E+00
   0.1088E+00
   0.9104E-01
   0.7309E-01
   0.5496E-01
   0.3671E-01
   0.1838E-01
   0.0000E+00
   0.0000E+00
   0.1751E-01
   0.3498E-01
   0.5237E-01
   0.6964E-01
   0.8674E-01
   0.1036E+00
   0.1203E+00
   0.1367E+00
   0.1527E+00
   0.1684E+00
   0.1838E+00
   0.1986E+00
   0.2130E+00
   0.2270E+00
   0.2404E+00
   0.2532E+00
   0.2654E+00
   0.2770E+00
   0.2880E+00
   0.2983E+00
   0.3079E+00
   0.3168E+00
   0.3249E+00
   0.3323E+00
   0.3389E+00
   0.3447E+00
   0.3497E+00
   0.3539E+00
   0.3573E+00
   0.3598E+00
   0.3615E+00
   0.3623E+00
   0.3623E+00
   0.3615E+00
   0.3598E+00
   0.3573E+00
   0.3539E+00
   0.3497E+00
   0.3447E+00
   0.3389E+00
   0.3323E+00
   0.3249E+00
   0.3168E+00
   0.3079E+00
   0.2983E+00
   0.2880E+00
   0.2770E+00
   0.2654E+00
   0.2532E+00
   0.2404E+00
   0.2270E+00
   0.2130E+00
   0.1986E+00
   0.1838E+00
   0.1684E+00
   0.1527E+00
   0.1367E+00
   0.1203E+00
   0.1036E+00
   0.8674E-01
   0.6964E-01
   0.5237E-01
   0.3498E-01
   0.1751E-01
   0.0000E+00
   0.0000E+00
   0.1669E-01
   0.3333E-01
   0.4990E-01
   0.6635E-01
   0.8265E-01
   0.9875E-01
   0.1146E+00
   0.1302E+00
   0.1455E+00
   0.1605E+00
   0.1751E+00
   0.1893E+00
   0.2030E+00
   0.2163E+00
   0.2290E+00
   0.2412E+00
   0.2529E+00
   0.2640E+00
   0.2744E+00
   0.2842E+00
   0.2934E+00
   0.3018E+00
   0.3096E+00
   0.3166E+00
   0.3229E+00
   0.3285E+00
   0.3332E+00
   0.3372E+00
   0.3404E+00
   0.3428E+00
   0.3444E+00
   0.3453E+00
   0.3453E+00
   0.3444E+00
   0.3428E+00
   0.3404E+00
   0.3372E+00
   0.3332E+00
   0.3285E+00
   0.3229E+00
   0.3166E+00
   0.3096E+00
   0.3018E+00
   0.2934E+00
   0.2842E+00
   0.2744E+00
   0.2640E+00
   0.2529E+00
   0.2412E+00
   0.2290E+00
   0.2163E+00
   0.2030E+00
   0.1893E+00
   0.1751E+00
   0.1605E+00
   0.1455E+00
   0.1302E+00
   0.1146E+00
   0.9875E-01
   0.8265E-01
   0.6635E-01
   0.4990E-01
   0.3333E-01
   0.1669E-01
   0.0000E+00
   0.0000E+00
   0.1590E-01
   0.3176E-01
   0.4755E-01
   0.6322E-01
   0.7875E-01
   0.9409E-01
   0.1092E+00
   0.1241E+00
   0.1387E+00
   0.1529E+00
   0.1668E+00
   0.1803E+00
   0.1934E+00
   0.2061E+00
   0.2182E+00
   0.2299E+00
   0.2410E+00
   0.2515E+00
   0.2615E+00
   0.2708E+00
   0.2795E+00
   0.2876E+00
   0.2950E+00
   0.3017E+00
   0.3077E+00
   0.3130E+00
   0.3175E+00
   0.3213E+00
   0.3244E+00
   0.3267E+00
   0.3282E+00
   0.3290E+00
   0.3290E+00
   0.3282E+00
   0.3267E+00
   0.3244E+00
   0.3213E+00
   0.3175E+00
   0.3130E+00
   0.3077E+00
   0.3017E+00
   0.2950E+00
   0.2876E+00
   0.2795E+00
   0.2708E+00
   0.2615E+00
   0.2515E+00
   0.2410E+00
   0.2299E+00
   0.2182E+00
   0.2061E+00
   0.1934E+00
   0.1803E+00
   0.1668E+00
   0.1529E+00
   0.1387E+00
   0.1241E+00
   0.1092E+00
   0.9409E-01
   0.7875E-01
   0.6322E-01
   0.4755E-01
   0.3176E-01
   0.1590E-01
   0.0000E+00
   0.0000E+00
   0.1515E-01
   0.3026E-01
   0.4530E-01
   0.6024E-01
   0.7503E-01
   0.8965E-01
   0.1041E+00
   0.1182E+00
   0.1321E+00
   0.1457E+00
   0.1589E+00
   0.1718E+00
   0.1843E+00
   0.1963E+00
   0.2079E+00
   0.2190E+00
   0.2296E+00
   0.2396E+00
   0.2491E+00
   0.2580E+00
   0.2663E+00
   0.2740E+00
   0.2811E+00
   0.2874E+00
   0.2932E+00
   0.2982E+00
   0.3025E+00
   0.3061E+00
   0.3091E+00
   0.3112E+00
   0.3127E+00
   0.3134E+00
   0.3134E+00
   0.3127E+00
   0.3112E+00
   0.3091E+00
   0.3061E+00
   0.3025E+00
   0.2982E+00
   0.2932E+00
   0.2874E+00
   0.2811E+00
   0.2740E+00
   0.2663E+00
   0.2580E+00
   0.2491E+00
   0.2396E+00
   0.2296E+00
   0.2190E+00
   0.2079E+00
   0.1963E+00
   0.1843E+00
   0.1718E+00
   0.1589E+00
   0.1457E+00
   0.1321E+00
   0.1182E+00
   0.1041E+00
   0.8965E-01
   0.7503E-01
   0.6024E-01
   0.4530E-01
   0.3026E-01
   0.1515E-01
   0.0000E+00
   0.0000E+00
   0.1443E-01
   0.2883E-01
   0.4317E-01
   0.5740E-01
   0.7149E-01
   0.8542E-01
   0.9916E-01
   0.1127E+00
   0.1259E+00
   0.1388E+00
   0.1515E+00
   0.1637E+00
   0.1756E+00
   0.1871E+00
   0.1981E+00
   0.2087E+00
   0.2188E+00
   0.2283E+00
   0.2374E+00
   0.2459E+00
   0.2538E+00
   0.2611E+00
   0.2678E+00
   0.2739E+00
   0.2793E+00
   0.2841E+00
   0.2882E+00
   0.2917E+00
   0.2945E+00
   0.2966E+00
   0.2980E+00
   0.2987E+00
   0.2987E+00
   0.2980E+00
   0.2966E+00
   0.2945E+00
   0.2917E+00
   0.2882E+00
   0.2841E+00
   0.2793E+00
   0.2739E+00
   0.2678E+00
   0.2611E+00
   0.2538E+00
   0.2459E+00
   0.2374E+00
   0.2283E+00
   0.2188E+00
   0.2087E+00
   0.1981E+00
   0.1871E+00
   0.1756E+00
   0.1637E+00
   0.1515E+00
   0.1388E+00
   0.1259E+00
   0.1127E+00
   0.9916E-01
   0.8542E-01
   0.7149E-01
   0.5740E-01
   0.4317E-01
   0.2883E-01
   0.1443E-01
   0.0000E+00
   0.0000E+00
   0.1375E-01
   0.2747E-01
   0.4113E-01
   0.5469E-01
   0.6812E-01
   0.8139E-01
   0.9448E-01
   0.1073E+00
   0.1200E+00
   0.1323E+00
   0.1443E+00
   0.1560E+00
   0.1673E+00
   0.1782E+00
   0.1888E+00
   0.1988E+00
   0.2084E+00
   0.2176E+00
   0.2262E+00
   0.2343E+00
   0.2418E+00
   0.2488E+00
   0.2552E+00
   0.2610E+00
   0.2662E+00
   0.2707E+00
   0.2746E+00
   0.2779E+00
   0.2806E+00
   0.2826E+00
   0.2839E+00
   0.2846E+00
   0.2846E+00
   0.2839E+00
   0.2826E+00
   0.2806E+00
   0.2779E+00
   0.2746E+00
   0.2707E+00
   0.2662E+00
   0.2610E+00
   0.2552E+00
   0.2488E+00
   0.2418E+00
   0.2343E+00
   0.2262E+00
   0.2176E+00
   0.2084E+00
   0.1988E+00
   0.1888E+00
   0.1782E+00
   0.1673E+00
   0.1560E+00
   0.1443E+00
   0.1323E+00
   0.1200E+00
   0.1073E+00
   0.9448E-01
   0.8139E-01
   0.6812E-01
   0.5469E-01
   0.4113E-01
   0.2747E-01
   0.1375E-01
   0.0000E+00
   0.0000E+00
   0.1310E-01
   0.2618E-01
   0.3919E-01
   0.5211E-01
   0.6491E-01
   0.7755E-01
   0.9002E-01
   0.1023E+00
   0.1143E+00
   0.1260E+00
   0.1375E+00
   0.1486E+00
   0.1594E+00
   0.1698E+00
   0.1799E+00
   0.1894E+00
   0.1986E+00
   0.2073E+00
   0.2155E+00
   0.2232E+00
   0.2304E+00
   0.2370E+00
   0.2431E+00
   0.2487E+00
   0.2536E+00
   0.2579E+00
   0.2617E+00
   0.2648E+00
   0.2673E+00
   0.2692E+00
   0.2705E+00
   0.2711E+00
   0.2711E+00
   0.2705E+00
   0.2692E+00
   0.2673E+00
   0.2648E+00
   0.2617E+00
   0.2579E+00
   0.2536E+00
   0.2487E+00
   0.2431E+00
   0.2370E+00
   0.2304E+00
   0.2232E+00
   0.2155E+00
   0.2073E+00
   0.1986E+00
   0.1894E+00
   0.1799E+00
   0.1698E+00
   0.1594E+00
   0.1486E+00
   0.1375E+00
   0.1260E+00
   0.1143E+00
   0.1023E+00
   0.9002E-01
   0.7755E-01
   0.6491E-01
   0.5211E-01
   0.3919E-01
   0.2618E-01
   0.1310E-01
   0.0000E+00
   0.0000E+00
   0.1249E-01
   0.2494E-01
   0.3734E-01
   0.4965E-01
   0.6184E-01
   0.7389E-01
   0.8577E-01
   0.9745E-01
   0.1089E+00
   0.1201E+00
   0.1310E+00
   0.1416E+00
   0.1519E+00
   0.1618E+00
   0.1714E+00
   0.1805E+00
   0.1892E+00
   0.1975E+00
   0.2053E+00
   0.2127E+00
   0.2195E+00
   0.2259E+00
   0.2317E+00
   0.2369E+00
   0.2416E+00
   0.2458E+00
   0.2493E+00
   0.2523E+00
   0.2547E+00
   0.2565E+00
   0.2577E+00
   0.2583E+00
   0.2583E+00
   0.2577E+00
   0.2565E+00
   0.2547E+00
   0.2523E+00
   0.2493E+00
   0.2458E+00
   0.2416E+00
   0.2369E+00
   0.2317E+00
   0.2259E+00
   0.2195E+00
   0.2127E+00
   0.2053E+00
   0.1975E+00
   0.1892E+00
   0.1805E+00
   0.1714E+00
   0.1618E+00
   0.1519E+00
   0.1416E+00
   0.1310E+00
   0.1201E+00
   0.1089E+00
   0.9745E-01
   0.8577E-01
   0.7389E-01
   0.6184E-01
   0.4965E-01
   0.3734E-01
   0.2494E-01
   0.1249E-01
   0.0000E+00
   0.0000E+00
   0.1190E-01
   0.2376E-01
   0.3558E-01
   0.4731E-01
   0.5893E-01
   0.7041E-01
   0.8173E-01
   0.9285E-01
   0.1038E+00
   0.1144E+00
   0.1248E+00
   0.1349E+00
   0.1447E+00
   0.1542E+00
   0.1633E+00
   0.1720E+00
   0.1803E+00
   0.1882E+00
   0.1956E+00
   0.2026E+00
   0.2092E+00
   0.2152E+00
   0.2207E+00
   0.2257E+00
   0.2302E+00
   0.2342E+00
   0.2376E+00
   0.2404E+00
   0.2427E+00
   0.2444E+00
   0.2456E+00
   0.2462E+00
   0.2462E+00
   0.2456E+00
   0.2444E+00
   0.2427E+00
   0.2404E+00
   0.2376E+00
   0.2342E+00
   0.2302E+00
   0.2257E+00
   0.2207E+00
   0.2152E+00
   0.2092E+00
   0.2026E+00
   0.1956E+00
   0.1882E+00
   0.1803E+00
   0.1720E+00
   0.1633E+00
   0.1542E+00
   0.1447E+00
   0.1349E+00
   0.1248E+00
   0.1144E+00
   0.1038E+00
   0.9285E-01
   0.8173E-01
   0.7041E-01
   0.5893E-01
   0.4731E-01
   0.3558E-01
   0.2376E-01
   0.1190E-01
   0.0000E+00
   0.0000E+00
   0.1133E-01
   0.2264E-01
   0.3390E-01
   0.4508E-01
   0.5615E-01
   0.6709E-01
   0.7787E-01
   0.8847E-01
   0.9887E-01
   0.1090E+00
   0.1189E+00
   0.1286E+00
   0.1379E+00
   0.1469E+00
   0.1556E+00
   0.1639E+00
   0.1718E+00
   0.1793E+00
   0.1864E+00
   0.1931E+00
   0.1993E+00
   0.2050E+00
   0.2103E+00
   0.2151E+00
   0.2194E+00
   0.2231E+00
   0.2264E+00
   0.2291E+00
   0.2313E+00
   0.2329E+00
   0.2340E+00
   0.2345E+00
   0.2345E+00
   0.2340E+00
   0.2329E+00
   0.2313E+00
   0.2291E+00
   0.2264E+00
   0.2231E+00
   0.2194E+00
   0.2151E+00
   0.2103E+00
   0.2050E+00
   0.1993E+00
   0.1931E+00
   0.1864E+00
   0.1793E+00
   0.1718E+00
   0.1639E+00
   0.1556E+00
   0.1469E+00
   0.1379E+00
   0.1286E+00
   0.1189E+00
   0.1090E+00
   0.9887E-01
   0.8847E-01
   0.7787E-01
   0.6709E-01
   0.5615E-01
   0.4508E-01
   0.3390E-01
   0.2264E-01
   0.1133E-01
   0.0000E+00
   0.0000E+00
   0.1080E-01
   0.2157E-01
   0.3230E-01
   0.4295E-01
   0.5350E-01
   0.6392E-01
   0.7420E-01
   0.8430E-01
   0.9420E-01
   0.1039E+00
   0.1133E+00
   0.1225E+00
   0.1314E+00
   0.1400E+00
   0.1482E+00
   0.1561E+00
   0.1637E+00
   0.1709E+00
   0.1776E+00
   0.1840E+00
   0.1899E+00
   0.1954E+00
   0.2004E+00
   0.2049E+00
   0.2090E+00
   0.2126E+00
   0.2157E+00
   0.2183E+00
   0.2204E+00
   0.2219E+00
   0.2230E+00
   0.2235E+00
   0.2235E+00
   0.2230E+00
   0.2219E+00
   0.2204E+00
   0.2183E+00
   0.2157E+00
   0.2126E+00
   0.2090E+00
   0.2049E+00
   0.2004E+00
   0.1954E+00
   0.1899E+00
   0.1840E+00
   0.1776E+00
   0.1709E+00
   0.1637E+00
   0.1561E+00
   0.1482E+00
   0.1400E+00
   0.1314E+00
   0.1225E+00
   0.1133E+00
   0.1039E+00
   0.9420E-01
   0.8430E-01
   0.7420E-01
   0.6392E-01
   0.5350E-01
   0.4295E-01
   0.3230E-01
   0.2157E-01
   0.1080E-01
   0.0000E+00
   0.0000E+00
   0.1029E-01
   0.2056E-01
   0.3078E-01
   0.4092E-01
   0.5097E-01
   0.6090E-01
   0.7069E-01
   0.8032E-01
   0.8976E-01
   0.9898E-01
   0.1080E+00
   0.1167E+00
   0.1252E+00
   0.1334E+00
   0.1412E+00
   0.1488E+00
   0.1560E+00
   0.1628E+00
   0.1692E+00
   0.1753E+00
   0.1809E+00
   0.1862E+00
   0.1909E+00
   0.1953E+00
   0.1992E+00
   0.2026E+00
   0.2055E+00
   0.2080E+00
   0.2100E+00
   0.2114E+00
   0.2124E+00
   0.2129E+00
   0.2129E+00
   0.2124E+00
   0.2114E+00
   0.2100E+00
   0.2080E+00
   0.2055E+00
   0.2026E+00
   0.1992E+00
   0.1953E+00
   0.1909E+00
   0.1862E+00
   0.1809E+00
   0.1753E+00
   0.1692E+00
   0.1628E+00
   0.1560E+00
   0.1488E+00
   0.1412E+00
   0.1334E+00
   0.1252E+00
   0.1167E+00
   0.1080E+00
   0.9898E-01
   0.8976E-01
   0.8032E-01
   0.7069E-01
   0.6090E-01
   0.5097E-01
   0.4092E-01
   0.3078E-01
   0.2056E-01
   0.1029E-01
   0.0000E+00
   0.0000E+00
   0.9805E-02
   0.1959E-01
   0.2932E-01
   0.3899E-01
   0.4857E-01
   0.5803E-01
   0.6736E-01
   0.7653E-01
   0.8552E-01
   0.9431E-01
   0.1029E+00
   0.1112E+00
   0.1193E+00
   0.1271E+00
   0.1346E+00
   0.1418E+00
   0.1486E+00
   0.1551E+00
   0.1613E+00
   0.1670E+00
   0.1724E+00
   0.1774E+00
   0.1819E+00
   0.1861E+00
   0.1898E+00
   0.1930E+00
   0.1958E+00
   0.1982E+00
   0.2000E+00
   0.2015E+00
   0.2024E+00
   0.2029E+00
   0.2029E+00
   0.2024E+00
   0.2015E+00
   0.2000E+00
   0.1982E+00
   0.1958E+00
   0.1930E+00
   0.1898E+00
   0.1861E+00
   0.1819E+00
   0.1774E+00
   0.1724E+00
   0.1670E+00
   0.1613E+00
   0.1551E+00
   0.1486E+00
   0.1418E+00
   0.1346E+00
   0.1271E+00
   0.1193E+00
   0.1112E+00
   0.1029E+00
   0.9431E-01
   0.8552E-01
   0.7653E-01
   0.6736E-01
   0.5803E-01
   0.4857E-01
   0.3899E-01
   0.2932E-01
   0.1959E-01
   0.9805E-02
   0.0000E+00
   0.0000E+00
   0.9342E-02
   0.1866E-01
   0.2794E-01
   0.3715E-01
   0.4628E-01
   0.5529E-01
   0.6418E-01
   0.7292E-01
   0.8149E-01
   0.8986E-01
   0.9803E-01
   0.1060E+00
   0.1137E+00
   0.1211E+00
   0.1282E+00
   0.1351E+00
   0.1416E+00
   0.1478E+00
   0.1536E+00
   0.1591E+00
   0.1643E+00
   0.1690E+00
   0.1733E+00
   0.1773E+00
   0.1808E+00
   0.1839E+00
   0.1866E+00
   0.1888E+00
   0.1906E+00
   0.1920E+00
   0.1929E+00
   0.1933E+00
   0.1933E+00
   0.1929E+00
   0.1920E+00
   0.1906E+00
   0.1888E+00
   0.1866E+00
   0.1839E+00
   0.1808E+00
   0.1773E+00
   0.1733E+00
   0.1690E+00
   0.1643E+00
   0.1591E+00
   0.1536E+00
   0.1478E+00
   0.1416E+00
   0.1351E+00
   0.1282E+00
   0.1211E+00
   0.1137E+00
   0.1060E+00
   0.9803E-01
   0.8986E-01
   0.8149E-01
   0.7292E-01
   0.6418E-01
   0.5529E-01
   0.4628E-01
   0.3715E-01
   0.2794E-01
   0.1866E-01
   0.9342E-02
   0.0000E+00
   0.0000E+00
   0.8902E-02
   0.1778E-01
   0.2662E-01
   0.3540E-01
   0.4409E-01
   0.5268E-01
   0.6115E-01
   0.6948E-01
   0.7764E-01
   0.8562E-01
   0.9341E-01
   0.1010E+00
   0.1083E+00
   0.1154E+00
   0.1222E+00
   0.1287E+00
   0.1349E+00
   0.1408E+00
   0.1464E+00
   0.1516E+00
   0.1565E+00
   0.1610E+00
   0.1652E+00
   0.1689E+00
   0.1723E+00
   0.1752E+00
   0.1778E+00
   0.1799E+00
   0.1816E+00
   0.1829E+00
   0.1838E+00
   0.1842E+00
   0.1842E+00
   0.1838E+00
   0.1829E+00
   0.1816E+00
   0.1799E+00
   0.1778E+00
   0.1752E+00
   0.1723E+00
   0.1689E+00
   0.1652E+00
   0.1610E+00
   0.1565E+00
   0.1516E+00
   0.1464E+00
   0.1408E+00
   0.1349E+00
   0.1287E+00
   0.1222E+00
   0.1154E+00
   0.1083E+00
   0.1010E+00
   0.9341E-01
   0.8562E-01
   0.7764E-01
   0.6948E-01
   0.6115E-01
   0.5268E-01
   0.4409E-01
   0.3540E-01
   0.2662E-01
   0.1778E-01
   0.8902E-02
   0.0000E+00
   0.0000E+00
   0.8482E-02
   0.1694E-01
   0.2537E-01
   0.3373E-01
   0.4201E-01
   0.5020E-01
   0.5827E-01
   0.6620E-01
   0.7398E-01
   0.8158E-01
   0.8900E-01
   0.9620E-01
   0.1032E+00
   0.1099E+00
   0.1164E+00
   0.1226E+00
   0.1286E+00
   0.1342E+00
   0.1395E+00
   0.1445E+00
   0.1491E+00
   0.1534E+00
   0.1574E+00
   0.1609E+00
   0.1641E+00
   0.1670E+00
   0.1694E+00
   0.1714E+00
   0.1730E+00
   0.1743E+00
   0.1751E+00
   0.1755E+00
   0.1755E+00
   0.1751E+00
   0.1743E+00
   0.1730E+00
   0.1714E+00
   0.1694E+00
   0.1670E+00
   0.1641E+00
   0.1609E+00
   0.1574E+00
   0.1534E+00
   0.1491E+00
   0.1445E+00
   0.1395E+00
   0.1342E+00
   0.1286E+00
   0.1226E+00
   0.1164E+00
   0.1099E+00
   0.1032E+00
   0.9620E-01
   0.8900E-01
   0.8158E-01
   0.7398E-01
   0.6620E-01
   0.5827E-01
   0.5020E-01
   0.4201E-01
   0.3373E-01
   0.2537E-01
   0.1694E-01
   0.8482E-02
   0.0000E+00
   0.0000E+00
   0.8081E-02
   0.1614E-01
   0.2417E-01
   0.3214E-01
   0.4003E-01
   0.4783E-01
   0.5552E-01
   0.6308E-01
   0.7049E-01
   0.7773E-01
   0.8480E-01
   0.9167E-01
   0.9832E-01
   0.1047E+00
   0.1109E+00
   0.1168E+00
   0.1225E+00
   0.1278E+00
   0.1329E+00
   0.1377E+00
   0.1421E+00
   0.1462E+00
   0.1499E+00
   0.1534E+00
   0.1564E+00
   0.1591E+00
   0.1614E+00
   0.1633E+00
   0.1649E+00
   0.1660E+00
   0.1668E+00
   0.1672E+00
   0.1672E+00
   0.1668E+00
   0.1660E+00
   0.1649E+00
   0.1633E+00
   0.1614E+00
   0.1591E+00
   0.1564E+00
   0.1534E+00
   0.1499E+00
   0.1462E+00
   0.1421E+00
   0.1377E+00
   0.1329E+00
   0.1278E+00
   0.1225E+00
   0.1168E+00
   0.1109E+00
   0.1047E+00
   0.9832E-01
   0.9167E-01
   0.8480E-01
   0.7773E-01
   0.7049E-01
   0.6308E-01
   0.5552E-01
   0.4783E-01
   0.4003E-01
   0.3214E-01
   0.2417E-01
   0.1614E-01
   0.8081E-02
   0.0000E+00
   0.0000E+00
   0.7700E-02
   0.1538E-01
   0.2303E-01
   0.3062E-01
   0.3814E-01
   0.4557E-01
   0.5290E-01
   0.6010E-01
   0.6716E-01
   0.7407E-01
   0.8080E-01
   0.8734E-01
   0.9368E-01
   0.9980E-01
   0.1057E+00
   0.1113E+00
   0.1167E+00
   0.1218E+00
   0.1266E+00
   0.1312E+00
   0.1354E+00
   0.1393E+00
   0.1429E+00
   0.1461E+00
   0.1490E+00
   0.1516E+00
   0.1538E+00
   0.1556E+00
   0.1571E+00
   0.1582E+00
   0.1590E+00
   0.1593E+00
   0.1593E+00
   0.1590E+00
   0.1582E+00
   0.1571E+00
   0.1556E+00
   0.1538E+00
   0.1516E+00
   0.1490E+00
   0.1461E+00
   0.1429E+00
   0.1393E+00
   0.1354E+00
   0.1312E+00
   0.1266E+00
   0.1218E+00
   0.1167E+00
   0.1113E+00
   0.1057E+00
   0.9980E-01
   0.9368E-01
   0.8734E-01
   0.8080E-01
   0.7407E-01
   0.6716E-01
   0.6010E-01
   0.5290E-01
   0.4557E-01
   0.3814E-01
   0.3062E-01
   0.2303E-01
   0.1538E-01
   0.7700E-02
   0.0000E+00
   0.0000E+00
   0.7337E-02
   0.1466E-01
   0.2194E-01
   0.2918E-01
   0.3634E-01
   0.4342E-01
   0.5040E-01
   0.5726E-01
   0.6399E-01
   0.7057E-01
   0.7699E-01
   0.8322E-01
   0.8926E-01
   0.9509E-01
   0.1007E+00
   0.1061E+00
   0.1112E+00
   0.1161E+00
   0.1207E+00
   0.1250E+00
   0.1290E+00
   0.1327E+00
   0.1361E+00
   0.1392E+00
   0.1420E+00
   0.1444E+00
   0.1465E+00
   0.1483E+00
   0.1497E+00
   0.1507E+00
   0.1515E+00
   0.1518E+00
   0.1518E+00
   0.1515E+00
   0.1507E+00
   0.1497E+00
   0.1483E+00
   0.1465E+00
   0.1444E+00
   0.1420E+00
   0.1392E+00
   0.1361E+00
   0.1327E+00
   0.1290E+00
   0.1250E+00
   0.1207E+00
   0.1161E+00
   0.1112E+00
   0.1061E+00
   0.1007E+00
   0.9509E-01
   0.8926E-01
   0.8322E-01
   0.7699E-01
   0.7057E-01
   0.6399E-01
   0.5726E-01
   0.5040E-01
   0.4342E-01
   0.3634E-01
   0.2918E-01
   0.2194E-01
   0.1466E-01
   0.7337E-02
   0.0000E+00
   0.0000E+00
   0.6991E-02
   0.1396E-01
   0.2091E-01
   0.2780E-01
   0.3463E-01
   0.4137E-01
   0.4802E-01
   0.5456E-01
   0.6097E-01
   0.6724E-01
   0.7335E-01
   0.7929E-01
   0.8505E-01
   0.9060E-01
   0.9595E-01
   0.1011E+00
   0.1060E+00
   0.1106E+00
   0.1150E+00
   0.1191E+00
   0.1229E+00
   0.1265E+00
   0.1297E+00
   0.1327E+00
   0.1353E+00
   0.1376E+00
   0.1396E+00
   0.1413E+00
   0.1426E+00
   0.1436E+00
   0.1443E+00
   0.1446E+00
   0.1446E+00
   0.1443E+00
   0.1436E+00
   0.1426E+00
   0.1413E+00
   0.1396E+00
   0.1376E+00
   0.1353E+00
   0.1327E+00
   0.1297E+00
   0.1265E+00
   0.1229E+00
   0.1191E+00
   0.1150E+00
   0.1106E+00
   0.1060E+00
   0.1011E+00
   0.9595E-01
   0.9060E-01
   0.8505E-01
   0.7929E-01
   0.7335E-01
   0.6724E-01
   0.6097E-01
   0.5456E-01
   0.4802E-01
   0.4137E-01
   0.3463E-01
   0.2780E-01
   0.2091E-01
   0.1396E-01
   0.6991E-02
   0.0000E+00
   0.0000E+00
   0.6661E-02
   0.1331E-01
   0.1992E-01
   0.2649E-01
   0.3299E-01
   0.3942E-01
   0.4576E-01
   0.5199E-01
   0.5810E-01
   0.6407E-01
   0.6989E-01
   0.7555E-01
   0.8103E-01
   0.8633E-01
   0.9142E-01
   0.9630E-01
   0.1010E+00
   0.1054E+00
   0.1095E+00
   0.1135E+00
   0.1171E+00
   0.1205E+00
   0.1236E+00
   0.1264E+00
   0.1289E+00
   0.1311E+00
   0.1330E+00
   0.1346E+00
   0.1359E+00
   0.1369E+00
   0.1375E+00
   0.1378E+00
   0.1378E+00
   0.1375E+00
   0.1369E+00
   0.1359E+00
   0.1346E+00
   0.1330E+00
   0.1311E+00
   0.1289E+00
   0.1264E+00
   0.1236E+00
   0.1205E+00
   0.1171E+00
   0.1135E+00
   0.1095E+00
   0.1054E+00
   0.1010E+00
   0.9630E-01
   0.9142E-01
   0.8633E-01
   0.8103E-01
   0.7555E-01
   0.6989E-01
   0.6407E-01
   0.5810E-01
   0.5199E-01
   0.4576E-01
   0.3942E-01
   0.3299E-01
   0.2649E-01
   0.1992E-01
   0.1331E-01
   0.6661E-02
   0.0000E+00
   0.0000E+00
   0.6346E-02
   0.1268E-01
   0.1898E-01
   0.2524E-01
   0.3144E-01
   0.3756E-01
   0.4360E-01
   0.4953E-01
   0.5535E-01
   0.6105E-01
   0.6659E-01
   0.7199E-01
   0.7721E-01
   0.8226E-01
   0.8711E-01
   0.9176E-01
   0.9619E-01
   0.1004E+00
   0.1044E+00
   0.1081E+00
   0.1116E+00
   0.1148E+00
   0.1178E+00
   0.1204E+00
   0.1228E+00
   0.1249E+00
   0.1267E+00
   0.1283E+00
   0.1295E+00
   0.1304E+00
   0.1310E+00
   0.1313E+00
   0.1313E+00
   0.1310E+00
   0.1304E+00
   0.1295E+00
   0.1283E+00
   0.1267E+00
   0.1249E+00
   0.1228E+00
   0.1204E+00
   0.1178E+00
   0.1148E+00
   0.1116E+00
   0.1081E+00
   0.1044E+00
   0.1004E+00
   0.9619E-01
   0.9176E-01
   0.8711E-01
   0.8226E-01
   0.7721E-01
   0.7199E-01
   0.6659E-01
   0.6105E-01
   0.5535E-01
   0.4953E-01
   0.4360E-01
   0.3756E-01
   0.3144E-01
   0.2524E-01
   0.1898E-01
   0.1268E-01
   0.6346E-02
   0.0000E+00
   0.0000E+00
   0.6047E-02
   0.1208E-01
   0.1808E-01
   0.2405E-01
   0.2995E-01
   0.3579E-01
   0.4154E-01
   0.4720E-01
   0.5274E-01
   0.5817E-01
   0.6345E-01
   0.6859E-01
   0.7357E-01
   0.7837E-01
   0.8300E-01
   0.8743E-01
   0.9165E-01
   0.9566E-01
   0.9945E-01
   0.1030E+00
   0.1063E+00
   0.1094E+00
   0.1122E+00
   0.1147E+00
   0.1170E+00
   0.1190E+00
   0.1208E+00
   0.1222E+00
   0.1234E+00
   0.1242E+00
   0.1248E+00
   0.1251E+00
   0.1251E+00
   0.1248E+00
   0.1242E+00
   0.1234E+00
   0.1222E+00
   0.1208E+00
   0.1190E+00
   0.1170E+00
   0.1147E+00
   0.1122E+00
   0.1094E+00
   0.1063E+00
   0.1030E+00
   0.9945E-01
   0.9566E-01
   0.9165E-01
   0.8743E-01
   0.8300E-01
   0.7837E-01
   0.7357E-01
   0.6859E-01
   0.6345E-01
   0.5817E-01
   0.5274E-01
   0.4720E-01
   0.4154E-01
   0.3579E-01
   0.2995E-01
   0.2405E-01
   0.1808E-01
   0.1208E-01
   0.6047E-02
   0.0000E+00
   0.0000E+00
   0.5762E-02
   0.1151E-01
   0.1723E-01
   0.2291E-01
   0.2854E-01
   0.3410E-01
   0.3958E-01
   0.4497E-01
   0.5025E-01
   0.5542E-01
   0.6046E-01
   0.6535E-01
   0.7010E-01
   0.7468E-01
   0.7908E-01
   0.8330E-01
   0.8733E-01
   0.9115E-01
   0.9476E-01
   0.9815E-01
   0.1013E+00
   0.1042E+00
   0.1069E+00
   0.1093E+00
   0.1115E+00
   0.1134E+00
   0.1151E+00
   0.1164E+00
   0.1176E+00
   0.1184E+00
   0.1189E+00
   0.1192E+00
   0.1192E+00
   0.1189E+00
   0.1184E+00
   0.1176E+00
   0.1164E+00
   0.1151E+00
   0.1134E+00
   0.1115E+00
   0.1093E+00
   0.1069E+00
   0.1042E+00
   0.1013E+00
   0.9815E-01
   0.9476E-01
   0.9115E-01
   0.8733E-01
   0.8330E-01
   0.7908E-01
   0.7468E-01
   0.7010E-01
   0.6535E-01
   0.6046E-01
   0.5542E-01
   0.5025E-01
   0.4497E-01
   0.3958E-01
   0.3410E-01
   0.2854E-01
   0.2291E-01
   0.1723E-01
   0.1151E-01
   0.5762E-02
   0.0000E+00
   0.0000E+00
   0.5490E-02
   0.1097E-01
   0.1642E-01
   0.2183E-01
   0.2719E-01
   0.3249E-01
   0.3771E-01
   0.4285E-01
   0.4788E-01
   0.5281E-01
   0.5760E-01
   0.6227E-01
   0.6679E-01
   0.7115E-01
   0.7535E-01
   0.7937E-01
   0.8321E-01
   0.8685E-01
   0.9029E-01
   0.9351E-01
   0.9652E-01
   0.9931E-01
   0.1019E+00
   0.1042E+00
   0.1062E+00
   0.1081E+00
   0.1096E+00
   0.1110E+00
   0.1120E+00
   0.1128E+00
   0.1133E+00
   0.1136E+00
   0.1136E+00
   0.1133E+00
   0.1128E+00
   0.1120E+00
   0.1110E+00
   0.1096E+00
   0.1081E+00
   0.1062E+00
   0.1042E+00
   0.1019E+00
   0.9931E-01
   0.9652E-01
   0.9351E-01
   0.9029E-01
   0.8685E-01
   0.8321E-01
   0.7937E-01
   0.7535E-01
   0.7115E-01
   0.6679E-01
   0.6227E-01
   0.5760E-01
   0.5281E-01
   0.4788E-01
   0.4285E-01
   0.3771E-01
   0.3249E-01
   0.2719E-01
   0.2183E-01
   0.1642E-01
   0.1097E-01
   0.5490E-02
   0.0000E+00
   0.0000E+00
   0.5231E-02
   0.1045E-01
   0.1564E-01
   0.2080E-01
   0.2591E-01
   0.3096E-01
   0.3593E-01
   0.4083E-01
   0.4562E-01
   0.5031E-01
   0.5489E-01
   0.5933E-01
   0.6364E-01
   0.6780E-01
   0.7179E-01
   0.7563E-01
   0.7928E-01
   0.8275E-01
   0.8603E-01
   0.8910E-01
   0.9197E-01
   0.9462E-01
   0.9705E-01
   0.9926E-01
   0.1012E+00
   0.1030E+00
   0.1045E+00
   0.1057E+00
   0.1067E+00
   0.1075E+00
   0.1080E+00
   0.1082E+00
   0.1082E+00
   0.1080E+00
   0.1075E+00
   0.1067E+00
   0.1057E+00
   0.1045E+00
   0.1030E+00
   0.1012E+00
   0.9926E-01
   0.9705E-01
   0.9462E-01
   0.9197E-01
   0.8910E-01
   0.8603E-01
   0.8275E-01
   0.7928E-01
   0.7563E-01
   0.7179E-01
   0.6780E-01
   0.6364E-01
   0.5933E-01
   0.5489E-01
   0.5031E-01
   0.4562E-01
   0.4083E-01
   0.3593E-01
   0.3096E-01
   0.2591E-01
   0.2080E-01
   0.1564E-01
   0.1045E-01
   0.5231E-02
   0.0000E+00
   0.0000E+00
   0.4984E-02
   0.9956E-02
   0.1491E-01
   0.1982E-01
   0.2469E-01
   0.2950E-01
   0.3424E-01
   0.3890E-01
   0.4347E-01
   0.4794E-01
   0.5230E-01
   0.5653E-01
   0.6063E-01
   0.6460E-01
   0.6841E-01
   0.7206E-01
   0.7554E-01
   0.7885E-01
   0.8197E-01
   0.8490E-01
   0.8763E-01
   0.9016E-01
   0.9247E-01
   0.9457E-01
   0.9645E-01
   0.9811E-01
   0.9953E-01
   0.1007E+00
   0.1017E+00
   0.1024E+00
   0.1029E+00
   0.1031E+00
   0.1031E+00
   0.1029E+00
   0.1024E+00
   0.1017E+00
   0.1007E+00
   0.9953E-01
   0.9811E-01
   0.9645E-01
   0.9457E-01
   0.9247E-01
   0.9016E-01
   0.8763E-01
   0.8490E-01
   0.8197E-01
   0.7885E-01
   0.7554E-01
   0.7206E-01
   0.6841E-01
   0.6460E-01
   0.6063E-01
   0.5653E-01
   0.5230E-01
   0.4794E-01
   0.4347E-01
   0.3890E-01
   0.3424E-01
   0.2950E-01
   0.2469E-01
   0.1982E-01
   0.1491E-01
   0.9956E-02
   0.4984E-02
   0.0000E+00
   0.0000E+00
   0.4749E-02
   0.9486E-02
   0.1420E-01
   0.1888E-01
   0.2352E-01
   0.2811E-01
   0.3262E-01
   0.3706E-01
   0.4142E-01
   0.4568E-01
   0.4983E-01
   0.5386E-01
   0.5777E-01
   0.6155E-01
   0.6518E-01
   0.6866E-01
   0.7198E-01
   0.7513E-01
   0.7810E-01
   0.8089E-01
   0.8349E-01
   0.8590E-01
   0.8811E-01
   0.9011E-01
   0.9190E-01
   0.9348E-01
   0.9484E-01
   0.9597E-01
   0.9689E-01
   0.9757E-01
   0.9803E-01
   0.9826E-01
   0.9826E-01
   0.9803E-01
   0.9757E-01
   0.9689E-01
   0.9597E-01
   0.9484E-01
   0.9348E-01
   0.9190E-01
   0.9011E-01
   0.8811E-01
   0.8590E-01
   0.8349E-01
   0.8089E-01
   0.7810E-01
   0.7513E-01
   0.7198E-01
   0.6866E-01
   0.6518E-01
   0.6155E-01
   0.5777E-01
   0.5386E-01
   0.4983E-01
   0.4568E-01
   0.4142E-01
   0.3706E-01
   0.3262E-01
   0.2811E-01
   0.2352E-01
   0.1888E-01
   0.1420E-01
   0.9486E-02
   0.4749E-02
   0.0000E+00
   0.0000E+00
   0.4525E-02
   0.9039E-02
   0.1353E-01
   0.1799E-01
   0.2241E-01
   0.2678E-01
   0.3108E-01
   0.3532E-01
   0.3947E-01
   0.4352E-01
   0.4748E-01
   0.5132E-01
   0.5505E-01
   0.5864E-01
   0.6210E-01
   0.6542E-01
   0.6858E-01
   0.7158E-01
   0.7441E-01
   0.7707E-01
   0.7955E-01
   0.8185E-01
   0.8395E-01
   0.8586E-01
   0.8757E-01
   0.8907E-01
   0.9036E-01
   0.9145E-01
   0.9232E-01
   0.9297E-01
   0.9341E-01
   0.9363E-01
   0.9363E-01
   0.9341E-01
   0.9297E-01
   0.9232E-01
   0.9145E-01
   0.9036E-01
   0.8907E-01
   0.8757E-01
   0.8586E-01
   0.8395E-01
   0.8185E-01
   0.7955E-01
   0.7707E-01
   0.7441E-01
   0.7158E-01
   0.6858E-01
   0.6542E-01
   0.6210E-01
   0.5864E-01
   0.5505E-01
   0.5132E-01
   0.4748E-01
   0.4352E-01
   0.3947E-01
   0.3532E-01
   0.3108E-01
   0.2678E-01
   0.2241E-01
   0.1799E-01
   0.1353E-01
   0.9039E-02
   0.4525E-02
   0.0000E+00
   0.0000E+00
   0.4311E-02
   0.8612E-02
   0.1289E-01
   0.1714E-01
   0.2136E-01
   0.2552E-01
   0.2962E-01
   0.3365E-01
   0.3760E-01
   0.4147E-01
   0.4524E-01
   0.4890E-01
   0.5245E-01
   0.5588E-01
   0.5917E-01
   0.6233E-01
   0.6534E-01
   0.6820E-01
   0.7090E-01
   0.7344E-01
   0.7580E-01
   0.7799E-01
   0.7999E-01
   0.8181E-01
   0.8343E-01
   0.8487E-01
   0.8610E-01
   0.8713E-01
   0.8796E-01
   0.8858E-01
   0.8900E-01
   0.8921E-01
   0.8921E-01
   0.8900E-01
   0.8858E-01
   0.8796E-01
   0.8713E-01
   0.8610E-01
   0.8487E-01
   0.8343E-01
   0.8181E-01
   0.7999E-01
   0.7799E-01
   0.7580E-01
   0.7344E-01
   0.7090E-01
   0.6820E-01
   0.6534E-01
   0.6233E-01
   0.5917E-01
   0.5588E-01
   0.5245E-01
   0.4890E-01
   0.4524E-01
   0.4147E-01
   0.3760E-01
   0.3365E-01
   0.2962E-01
   0.2552E-01
   0.2136E-01
   0.1714E-01
   0.1289E-01
   0.8612E-02
   0.4311E-02
   0.0000E+00
   0.0000E+00
   0.4108E-02
   0.8206E-02
   0.1228E-01
   0.1634E-01
   0.2035E-01
   0.2431E-01
   0.2822E-01
   0.3206E-01
   0.3583E-01
   0.3951E-01
   0.4310E-01
   0.4659E-01
   0.4998E-01
   0.5324E-01
   0.5638E-01
   0.5939E-01
   0.6226E-01
   0.6498E-01
   0.6756E-01
   0.6997E-01
   0.7222E-01
   0.7431E-01
   0.7622E-01
   0.7795E-01
   0.7950E-01
   0.8086E-01
   0.8204E-01
   0.8302E-01
   0.8381E-01
   0.8440E-01
   0.8480E-01
   0.8500E-01
   0.8500E-01
   0.8480E-01
   0.8440E-01
   0.8381E-01
   0.8302E-01
   0.8204E-01
   0.8086E-01
   0.7950E-01
   0.7795E-01
   0.7622E-01
   0.7431E-01
   0.7222E-01
   0.6997E-01
   0.6756E-01
   0.6498E-01
   0.6226E-01
   0.5939E-01
   0.5638E-01
   0.5324E-01
   0.4998E-01
   0.4659E-01
   0.4310E-01
   0.3951E-01
   0.3583E-01
   0.3206E-01
   0.2822E-01
   0.2431E-01
   0.2035E-01
   0.1634E-01
   0.1228E-01
   0.8206E-02
   0.4108E-02
   0.0000E+00
   0.0000E+00
   0.3914E-02
   0.7819E-02
   0.1171E-01
   0.1556E-01
   0.1939E-01
   0.2316E-01
   0.2689E-01
   0.3055E-01
   0.3414E-01
   0.3765E-01
   0.4107E-01
   0.4440E-01
   0.4762E-01
   0.5073E-01
   0.5372E-01
   0.5659E-01
   0.5932E-01
   0.6192E-01
   0.6437E-01
   0.6667E-01
   0.6882E-01
   0.7080E-01
   0.7262E-01
   0.7427E-01
   0.7575E-01
   0.7705E-01
   0.7817E-01
   0.7910E-01
   0.7985E-01
   0.8042E-01
   0.8080E-01
   0.8099E-01
   0.8099E-01
   0.8080E-01
   0.8042E-01
   0.7985E-01
   0.7910E-01
   0.7817E-01
   0.7705E-01
   0.7575E-01
   0.7427E-01
   0.7262E-01
   0.7080E-01
   0.6882E-01
   0.6667E-01
   0.6437E-01
   0.6192E-01
   0.5932E-01
   0.5659E-01
   0.5372E-01
   0.5073E-01
   0.4762E-01
   0.4440E-01
   0.4107E-01
   0.3765E-01
   0.3414E-01
   0.3055E-01
   0.2689E-01
   0.2316E-01
   0.1939E-01
   0.1556E-01
   0.1171E-01
   0.7819E-02
   0.3914E-02
   0.0000E+00
   0.0000E+00
   0.3729E-02
   0.7450E-02
   0.1115E-01
   0.1483E-01
   0.1847E-01
   0.2207E-01
   0.2562E-01
   0.2911E-01
   0.3253E-01
   0.3587E-01
   0.3913E-01
   0.4230E-01
   0.4537E-01
   0.4833E-01
   0.5119E-01
   0.5392E-01
   0.5652E-01
   0.5900E-01
   0.6133E-01
   0.6352E-01
   0.6557E-01
   0.6746E-01
   0.6919E-01
   0.7077E-01
   0.7217E-01
   0.7341E-01
   0.7448E-01
   0.7537E-01
   0.7609E-01
   0.7663E-01
   0.7699E-01
   0.7717E-01
   0.7717E-01
   0.7699E-01
   0.7663E-01
   0.7609E-01
   0.7537E-01
   0.7448E-01
   0.7341E-01
   0.7217E-01
   0.7077E-01
   0.6919E-01
   0.6746E-01
   0.6557E-01
   0.6352E-01
   0.6133E-01
   0.5900E-01
   0.5652E-01
   0.5392E-01
   0.5119E-01
   0.4833E-01
   0.4537E-01
   0.4230E-01
   0.3913E-01
   0.3587E-01
   0.3253E-01
   0.2911E-01
   0.2562E-01
   0.2207E-01
   0.1847E-01
   0.1483E-01
   0.1115E-01
   0.7450E-02
   0.3729E-02
   0.0000E+00
   0.0000E+00
   0.3553E-02
   0.7098E-02
   0.1063E-01
   0.1413E-01
   0.1760E-01
   0.2103E-01
   0.2441E-01
   0.2773E-01
   0.3099E-01
   0.3418E-01
   0.3728E-01
   0.4030E-01
   0.4323E-01
   0.4605E-01
   0.4877E-01
   0.5137E-01
   0.5386E-01
   0.5621E-01
   0.5844E-01
   0.6053E-01
   0.6248E-01
   0.6428E-01
   0.6593E-01
   0.6743E-01
   0.6877E-01
   0.6995E-01
   0.7096E-01
   0.7181E-01
   0.7250E-01
   0.7301E-01
   0.7335E-01
   0.7352E-01
   0.7352E-01
   0.7335E-01
   0.7301E-01
   0.7250E-01
   0.7181E-01
   0.7096E-01
   0.6995E-01
   0.6877E-01
   0.6743E-01
   0.6593E-01
   0.6428E-01
   0.6248E-01
   0.6053E-01
   0.5844E-01
   0.5621E-01
   0.5386E-01
   0.5137E-01
   0.4877E-01
   0.4605E-01
   0.4323E-01
   0.4030E-01
   0.3728E-01
   0.3418E-01
   0.3099E-01
   0.2773E-01
   0.2441E-01
   0.2103E-01
   0.1760E-01
   0.1413E-01
   0.1063E-01
   0.7098E-02
   0.3553E-02
   0.0000E+00
   0.0000E+00
   0.3386E-02
   0.6763E-02
   0.1013E-01
   0.1346E-01
   0.1677E-01
   0.2004E-01
   0.2326E-01
   0.2643E-01
   0.2953E-01
   0.3257E-01
   0.3553E-01
   0.3840E-01
   0.4119E-01
   0.4388E-01
   0.4647E-01
   0.4895E-01
   0.5131E-01
   0.5356E-01
   0.5568E-01
   0.5767E-01
   0.5953E-01
   0.6124E-01
   0.6282E-01
   0.6424E-01
   0.6552E-01
   0.6665E-01
   0.6761E-01
   0.6842E-01
   0.6908E-01
   0.6956E-01
   0.6989E-01
   0.7006E-01
   0.7006E-01
   0.6989E-01
   0.6956E-01
   0.6908E-01
   0.6842E-01
   0.6761E-01
   0.6665E-01
   0.6552E-01
   0.6424E-01
   0.6282E-01
   0.6124E-01
   0.5953E-01
   0.5767E-01
   0.5568E-01
   0.5356E-01
   0.5131E-01
   0.4895E-01
   0.4647E-01
   0.4388E-01
   0.4119E-01
   0.3840E-01
   0.3553E-01
   0.3257E-01
   0.2953E-01
   0.2643E-01
   0.2326E-01
   0.2004E-01
   0.1677E-01
   0.1346E-01
   0.1013E-01
   0.6763E-02
   0.3386E-02
   0.0000E+00
   0.0000E+00
   0.3226E-02
   0.6444E-02
   0.9647E-02
   0.1283E-01
   0.1598E-01
   0.1909E-01
   0.2216E-01
   0.2518E-01
   0.2814E-01
   0.3103E-01
   0.3385E-01
   0.3659E-01
   0.3925E-01
   0.4181E-01
   0.4428E-01
   0.4664E-01
   0.4889E-01
   0.5103E-01
   0.5305E-01
   0.5495E-01
   0.5672E-01
   0.5835E-01
   0.5985E-01
   0.6121E-01
   0.6243E-01
   0.6350E-01
   0.6442E-01
   0.6520E-01
   0.6582E-01
   0.6628E-01
   0.6659E-01
   0.6675E-01
   0.6675E-01
   0.6659E-01
   0.6628E-01
   0.6582E-01
   0.6520E-01
   0.6442E-01
   0.6350E-01
   0.6243E-01
   0.6121E-01
   0.5985E-01
   0.5835E-01
   0.5672E-01
   0.5495E-01
   0.5305E-01
   0.5103E-01
   0.4889E-01
   0.4664E-01
   0.4428E-01
   0.4181E-01
   0.3925E-01
   0.3659E-01
   0.3385E-01
   0.3103E-01
   0.2814E-01
   0.2518E-01
   0.2216E-01
   0.1909E-01
   0.1598E-01
   0.1283E-01
   0.9647E-02
   0.6444E-02
   0.3226E-02
   0.0000E+00
   0.0000E+00
   0.3074E-02
   0.6140E-02
   0.9192E-02
   0.1222E-01
   0.1522E-01
   0.1819E-01
   0.2112E-01
   0.2399E-01
   0.2681E-01
   0.2956E-01
   0.3225E-01
   0.3486E-01
   0.3739E-01
   0.3984E-01
   0.4219E-01
   0.4444E-01
   0.4659E-01
   0.4862E-01
   0.5055E-01
   0.5236E-01
   0.5404E-01
   0.5560E-01
   0.5703E-01
   0.5832E-01
   0.5948E-01
   0.6050E-01
   0.6138E-01
   0.6212E-01
   0.6271E-01
   0.6315E-01
   0.6345E-01
   0.6360E-01
   0.6360E-01
   0.6345E-01
   0.6315E-01
   0.6271E-01
   0.6212E-01
   0.6138E-01
   0.6050E-01
   0.5948E-01
   0.5832E-01
   0.5703E-01
   0.5560E-01
   0.5404E-01
   0.5236E-01
   0.5055E-01
   0.4862E-01
   0.4659E-01
   0.4444E-01
   0.4219E-01
   0.3984E-01
   0.3739E-01
   0.3486E-01
   0.3225E-01
   0.2956E-01
   0.2681E-01
   0.2399E-01
   0.2112E-01
   0.1819E-01
   0.1522E-01
   0.1222E-01
   0.9192E-02
   0.6140E-02
   0.3074E-02
   0.0000E+00
   0.0000E+00
   0.2929E-02
   0.5850E-02
   0.8758E-02
   0.1165E-01
   0.1451E-01
   0.1733E-01
   0.2012E-01
   0.2286E-01
   0.2554E-01
   0.2817E-01
   0.3073E-01
   0.3322E-01
   0.3563E-01
   0.3796E-01
   0.4020E-01
   0.4234E-01
   0.4439E-01
   0.4633E-01
   0.4816E-01
   0.4989E-01
   0.5149E-01
   0.5298E-01
   0.5434E-01
   0.5557E-01
   0.5668E-01
   0.5765E-01
   0.5849E-01
   0.5919E-01
   0.5975E-01
   0.6017E-01
   0.6046E-01
   0.6060E-01
   0.6060E-01
   0.6046E-01
   0.6017E-01
   0.5975E-01
   0.5919E-01
   0.5849E-01
   0.5765E-01
   0.5668E-01
   0.5557E-01
   0.5434E-01
   0.5298E-01
   0.5149E-01
   0.4989E-01
   0.4816E-01
   0.4633E-01
   0.4439E-01
   0.4234E-01
   0.4020E-01
   0.3796E-01
   0.3563E-01
   0.3322E-01
   0.3073E-01
   0.2817E-01
   0.2554E-01
   0.2286E-01
   0.2012E-01
   0.1733E-01
   0.1451E-01
   0.1165E-01
   0.8758E-02
   0.5850E-02
   0.2929E-02
   0.0000E+00
   0.0000E+00
   0.2790E-02
   0.5574E-02
   0.8345E-02
   0.1110E-01
   0.1382E-01
   0.1652E-01
   0.1917E-01
   0.2178E-01
   0.2434E-01
   0.2684E-01
   0.2928E-01
   0.3165E-01
   0.3395E-01
   0.3617E-01
   0.3830E-01
   0.4034E-01
   0.4229E-01
   0.4414E-01
   0.4589E-01
   0.4753E-01
   0.4906E-01
   0.5048E-01
   0.5177E-01
   0.5295E-01
   0.5400E-01
   0.5493E-01
   0.5573E-01
   0.5640E-01
   0.5693E-01
   0.5733E-01
   0.5760E-01
   0.5774E-01
   0.5774E-01
   0.5760E-01
   0.5733E-01
   0.5693E-01
   0.5640E-01
   0.5573E-01
   0.5493E-01
   0.5400E-01
   0.5295E-01
   0.5177E-01
   0.5048E-01
   0.4906E-01
   0.4753E-01
   0.4589E-01
   0.4414E-01
   0.4229E-01
   0.4034E-01
   0.3830E-01
   0.3617E-01
   0.3395E-01
   0.3165E-01
   0.2928E-01
   0.2684E-01
   0.2434E-01
   0.2178E-01
   0.1917E-01
   0.1652E-01
   0.1382E-01
   0.1110E-01
   0.8345E-02
   0.5574E-02
   0.2790E-02
   0.0000E+00
   0.0000E+00
   0.2659E-02
   0.5311E-02
   0.7951E-02
   0.1057E-01
   0.1317E-01
   0.1574E-01
   0.1827E-01
   0.2075E-01
   0.2319E-01
   0.2557E-01
   0.2790E-01
   0.3016E-01
   0.3235E-01
   0.3446E-01
   0.3649E-01
   0.3844E-01
   0.4030E-01
   0.4206E-01
   0.4373E-01
   0.4529E-01
   0.4675E-01
   0.4809E-01
   0.4933E-01
   0.5045E-01
   0.5145E-01
   0.5234E-01
   0.5310E-01
   0.5373E-01
   0.5424E-01
   0.5463E-01
   0.5489E-01
   0.5501E-01
   0.5501E-01
   0.5489E-01
   0.5463E-01
   0.5424E-01
   0.5373E-01
   0.5310E-01
   0.5234E-01
   0.5145E-01
   0.5045E-01
   0.4933E-01
   0.4809E-01
   0.4675E-01
   0.4529E-01
   0.4373E-01
   0.4206E-01
   0.4030E-01
   0.3844E-01
   0.3649E-01
   0.3446E-01
   0.3235E-01
   0.3016E-01
   0.2790E-01
   0.2557E-01
   0.2319E-01
   0.2075E-01
   0.1827E-01
   0.1574E-01
   0.1317E-01
   0.1057E-01
   0.7951E-02
   0.5311E-02
   0.2659E-02
   0.0000E+00
   0.0000E+00
   0.2533E-02
   0.5061E-02
   0.7576E-02
   0.1007E-01
   0.1255E-01
   0.1499E-01
   0.1740E-01
   0.1977E-01
   0.2210E-01
   0.2437E-01
   0.2658E-01
   0.2873E-01
   0.3082E-01
   0.3283E-01
   0.3477E-01
   0.3663E-01
   0.3840E-01
   0.4008E-01
   0.4166E-01
   0.4315E-01
   0.4454E-01
   0.4583E-01
   0.4700E-01
   0.4807E-01
   0.4903E-01
   0.4987E-01
   0.5059E-01
   0.5120E-01
   0.5168E-01
   0.5205E-01
   0.5230E-01
   0.5242E-01
   0.5242E-01
   0.5230E-01
   0.5205E-01
   0.5168E-01
   0.5120E-01
   0.5059E-01
   0.4987E-01
   0.4903E-01
   0.4807E-01
   0.4700E-01
   0.4583E-01
   0.4454E-01
   0.4315E-01
   0.4166E-01
   0.4008E-01
   0.3840E-01
   0.3663E-01
   0.3477E-01
   0.3283E-01
   0.3082E-01
   0.2873E-01
   0.2658E-01
   0.2437E-01
   0.2210E-01
   0.1977E-01
   0.1740E-01
   0.1499E-01
   0.1255E-01
   0.1007E-01
   0.7576E-02
   0.5061E-02
   0.2533E-02
   0.0000E+00
   0.0000E+00
   0.2414E-02
   0.4822E-02
   0.7219E-02
   0.9598E-02
   0.1196E-01
   0.1429E-01
   0.1658E-01
   0.1884E-01
   0.2105E-01
   0.2322E-01
   0.2533E-01
   0.2738E-01
   0.2937E-01
   0.3128E-01
   0.3313E-01
   0.3490E-01
   0.3658E-01
   0.3818E-01
   0.3970E-01
   0.4112E-01
   0.4244E-01
   0.4366E-01
   0.4478E-01
   0.4580E-01
   0.4671E-01
   0.4751E-01
   0.4820E-01
   0.4878E-01
   0.4925E-01
   0.4959E-01
   0.4983E-01
   0.4994E-01
   0.4994E-01
   0.4983E-01
   0.4959E-01
   0.4925E-01
   0.4878E-01
   0.4820E-01
   0.4751E-01
   0.4671E-01
   0.4580E-01
   0.4478E-01
   0.4366E-01
   0.4244E-01
   0.4112E-01
   0.3970E-01
   0.3818E-01
   0.3658E-01
   0.3490E-01
   0.3313E-01
   0.3128E-01
   0.2937E-01
   0.2738E-01
   0.2533E-01
   0.2322E-01
   0.2105E-01
   0.1884E-01
   0.1658E-01
   0.1429E-01
   0.1196E-01
   0.9598E-02
   0.7219E-02
   0.4822E-02
   0.2414E-02
   0.0000E+00
   0.0000E+00
   0.2300E-02
   0.4594E-02
   0.6878E-02
   0.9145E-02
   0.1139E-01
   0.1361E-01
   0.1580E-01
   0.1795E-01
   0.2006E-01
   0.2212E-01
   0.2413E-01
   0.2609E-01
   0.2798E-01
   0.2981E-01
   0.3157E-01
   0.3325E-01
   0.3486E-01
   0.3638E-01
   0.3782E-01
   0.3917E-01
   0.4044E-01
   0.4160E-01
   0.4267E-01
   0.4364E-01
   0.4451E-01
   0.4527E-01
   0.4593E-01
   0.4648E-01
   0.4692E-01
   0.4725E-01
   0.4748E-01
   0.4759E-01
   0.4759E-01
   0.4748E-01
   0.4725E-01
   0.4692E-01
   0.4648E-01
   0.4593E-01
   0.4527E-01
   0.4451E-01
   0.4364E-01
   0.4267E-01
   0.4160E-01
   0.4044E-01
   0.3917E-01
   0.3782E-01
   0.3638E-01
   0.3486E-01
   0.3325E-01
   0.3157E-01
   0.2981E-01
   0.2798E-01
   0.2609E-01
   0.2413E-01
   0.2212E-01
   0.2006E-01
   0.1795E-01
   0.1580E-01
   0.1361E-01
   0.1139E-01
   0.9145E-02
   0.6878E-02
   0.4594E-02
   0.2300E-02
   0.0000E+00
   0.0000E+00
   0.2191E-02
   0.4377E-02
   0.6553E-02
   0.8714E-02
   0.1085E-01
   0.1297E-01
   0.1505E-01
   0.1710E-01
   0.1911E-01
   0.2108E-01
   0.2299E-01
   0.2485E-01
   0.2666E-01
   0.2840E-01
   0.3008E-01
   0.3168E-01
   0.3321E-01
   0.3467E-01
   0.3604E-01
   0.3733E-01
   0.3853E-01
   0.3964E-01
   0.4066E-01
   0.4158E-01
   0.4241E-01
   0.4313E-01
   0.4376E-01
   0.4429E-01
   0.4471E-01
   0.4502E-01
   0.4524E-01
   0.4534E-01
   0.4534E-01
   0.4524E-01
   0.4502E-01
   0.4471E-01
   0.4429E-01
   0.4376E-01
   0.4313E-01
   0.4241E-01
   0.4158E-01
   0.4066E-01
   0.3964E-01
   0.3853E-01
   0.3733E-01
   0.3604E-01
   0.3467E-01
   0.3321E-01
   0.3168E-01
   0.3008E-01
   0.2840E-01
   0.2666E-01
   0.2485E-01
   0.2299E-01
   0.2108E-01
   0.1911E-01
   0.1710E-01
   0.1505E-01
   0.1297E-01
   0.1085E-01
   0.8714E-02
   0.6553E-02
   0.4377E-02
   0.2191E-02
   0.0000E+00
   0.0000E+00
   0.2088E-02
   0.4171E-02
   0.6244E-02
   0.8303E-02
   0.1034E-01
   0.1236E-01
   0.1434E-01
   0.1630E-01
   0.1821E-01
   0.2008E-01
   0.2191E-01
   0.2368E-01
   0.2540E-01
   0.2706E-01
   0.2866E-01
   0.3019E-01
   0.3164E-01
   0.3303E-01
   0.3434E-01
   0.3556E-01
   0.3671E-01
   0.3777E-01
   0.3874E-01
   0.3962E-01
   0.4041E-01
   0.4110E-01
   0.4170E-01
   0.4220E-01
   0.4260E-01
   0.4290E-01
   0.4310E-01
   0.4320E-01
   0.4320E-01
   0.4310E-01
   0.4290E-01
   0.4260E-01
   0.4220E-01
   0.4170E-01
   0.4110E-01
   0.4041E-01
   0.3962E-01
   0.3874E-01
   0.3777E-01
   0.3671E-01
   0.3556E-01
   0.3434E-01
   0.3303E-01
   0.3164E-01
   0.3019E-01
   0.2866E-01
   0.2706E-01
   0.2540E-01
   0.2368E-01
   0.2191E-01
   0.2008E-01
   0.1821E-01
   0.1630E-01
   0.1434E-01
   0.1236E-01
   0.1034E-01
   0.8303E-02
   0.6244E-02
   0.4171E-02
   0.2088E-02
  -0.3778E-08
