   0.0000E+00   0.9506E-01   0.1893E+00   0.2817E+00   0.3717E+00   0.4582E+00
   0.5406E+00   0.6182E+00   0.6901E+00   0.7557E+00   0.8146E+00   0.8660E+00
   0.9096E+00   0.9450E+00   0.9718E+00   0.9898E+00   0.9989E+00   0.9989E+00
   0.9898E+00   0.9718E+00   0.9450E+00   0.9096E+00   0.8660E+00   0.8146E+00
   0.7557E+00   0.6901E+00   0.6182E+00   0.5406E+00   0.4582E+00   0.3717E+00
   0.2817E+00   0.1893E+00   0.9506E-01  -0.3258E-06   0.0000E+00   0.8643E-01
   0.1721E+00   0.2562E+00   0.3379E+00   0.4166E+00   0.4916E+00   0.5620E+00
   0.6274E+00   0.6871E+00   0.7406E+00   0.7874E+00   0.8271E+00   0.8592E+00
   0.8836E+00   0.9000E+00   0.9082E+00   0.9082E+00   0.9000E+00   0.8836E+00
   0.8592E+00   0.8271E+00   0.7874E+00   0.7406E+00   0.6871E+00   0.6274E+00
   0.5620E+00   0.4916E+00   0.4166E+00   0.3379E+00   0.2562E+00   0.1721E+00
   0.8643E-01   0.0000E+00   0.0000E+00   0.7858E-01   0.1564E+00   0.2329E+00
   0.3072E+00   0.3788E+00   0.4469E+00   0.5110E+00   0.5705E+00   0.6248E+00
   0.6734E+00   0.7159E+00   0.7520E+00   0.7812E+00   0.8034E+00   0.8183E+00
   0.8257E+00   0.8257E+00   0.8183E+00   0.8034E+00   0.7812E+00   0.7520E+00
   0.7159E+00   0.6734E+00   0.6248E+00   0.5705E+00   0.5110E+00   0.4469E+00
   0.3788E+00   0.3072E+00   0.2329E+00   0.1564E+00   0.7858E-01   0.0000E+00
   0.0000E+00   0.7145E-01   0.1422E+00   0.2118E+00   0.2793E+00   0.3444E+00
   0.4064E+00   0.4646E+00   0.5187E+00   0.5680E+00   0.6123E+00   0.6509E+00
   0.6837E+00   0.7103E+00   0.7304E+00   0.7440E+00   0.7508E+00   0.7508E+00
   0.7440E+00   0.7304E+00   0.7103E+00   0.6837E+00   0.6509E+00   0.6123E+00
   0.5680E+00   0.5187E+00   0.4646E+00   0.4064E+00   0.3444E+00   0.2793E+00
   0.2118E+00   0.1422E+00   0.7145E-01   0.0000E+00   0.0000E+00   0.6496E-01
   0.1293E+00   0.1925E+00   0.2540E+00   0.3131E+00   0.3695E+00   0.4224E+00
   0.4716E+00   0.5165E+00   0.5567E+00   0.5918E+00   0.6216E+00   0.6458E+00
   0.6641E+00   0.6764E+00   0.6826E+00   0.6826E+00   0.6764E+00   0.6641E+00
   0.6458E+00   0.6216E+00   0.5918E+00   0.5567E+00   0.5165E+00   0.4716E+00
   0.4224E+00   0.3695E+00   0.3131E+00   0.2540E+00   0.1925E+00   0.1293E+00
   0.6496E-01   0.0000E+00   0.0000E+00   0.5906E-01   0.1176E+00   0.1750E+00
   0.2309E+00   0.2847E+00   0.3359E+00   0.3841E+00   0.4288E+00   0.4696E+00
   0.5061E+00   0.5381E+00   0.5652E+00   0.5871E+00   0.6038E+00   0.6150E+00
   0.6206E+00   0.6206E+00   0.6150E+00   0.6038E+00   0.5871E+00   0.5652E+00
   0.5381E+00   0.5061E+00   0.4696E+00   0.4288E+00   0.3841E+00   0.3359E+00
   0.2847E+00   0.2309E+00   0.1750E+00   0.1176E+00   0.5906E-01   0.0000E+00
   0.0000E+00   0.5370E-01   0.1069E+00   0.1591E+00   0.2099E+00   0.2588E+00
   0.3054E+00   0.3492E+00   0.3898E+00   0.4269E+00   0.4601E+00   0.4892E+00
   0.5138E+00   0.5338E+00   0.5490E+00   0.5591E+00   0.5642E+00   0.5642E+00
   0.5591E+00   0.5490E+00   0.5338E+00   0.5138E+00   0.4892E+00   0.4601E+00
   0.4269E+00   0.3898E+00   0.3492E+00   0.3054E+00   0.2588E+00   0.2099E+00
   0.1591E+00   0.1069E+00   0.5370E-01   0.0000E+00   0.0000E+00   0.4882E-01
   0.9720E-01   0.1447E+00   0.1909E+00   0.2353E+00   0.2777E+00   0.3175E+00
   0.3544E+00   0.3881E+00   0.4183E+00   0.4448E+00   0.4672E+00   0.4853E+00
   0.4991E+00   0.5084E+00   0.5130E+00   0.5130E+00   0.5084E+00   0.4991E+00
   0.4853E+00   0.4672E+00   0.4448E+00   0.4183E+00   0.3881E+00   0.3544E+00
   0.3175E+00   0.2777E+00   0.2353E+00   0.1909E+00   0.1447E+00   0.9720E-01
   0.4882E-01   0.0000E+00   0.0000E+00   0.4438E-01   0.8837E-01   0.1315E+00
   0.1735E+00   0.2140E+00   0.2524E+00   0.2886E+00   0.3222E+00   0.3529E+00
   0.3803E+00   0.4044E+00   0.4247E+00   0.4412E+00   0.4538E+00   0.4622E+00
   0.4664E+00   0.4664E+00   0.4622E+00   0.4538E+00   0.4412E+00   0.4247E+00
   0.4044E+00   0.3803E+00   0.3529E+00   0.3222E+00   0.2886E+00   0.2524E+00
   0.2140E+00   0.1735E+00   0.1315E+00   0.8837E-01   0.4438E-01   0.0000E+00
   0.0000E+00   0.4035E-01   0.8034E-01   0.1196E+00   0.1578E+00   0.1945E+00
   0.2295E+00   0.2624E+00   0.2929E+00   0.3208E+00   0.3458E+00   0.3676E+00
   0.3861E+00   0.4012E+00   0.4125E+00   0.4202E+00   0.4240E+00   0.4240E+00
   0.4202E+00   0.4125E+00   0.4012E+00   0.3861E+00   0.3676E+00   0.3458E+00
   0.3208E+00   0.2929E+00   0.2624E+00   0.2295E+00   0.1945E+00   0.1578E+00
   0.1196E+00   0.8034E-01   0.4035E-01   0.0000E+00   0.0000E+00   0.3669E-01
   0.7304E-01   0.1087E+00   0.1434E+00   0.1768E+00   0.2087E+00   0.2386E+00
   0.2663E+00   0.2917E+00   0.3144E+00   0.3342E+00   0.3511E+00   0.3647E+00
   0.3751E+00   0.3820E+00   0.3855E+00   0.3855E+00   0.3820E+00   0.3751E+00
   0.3647E+00   0.3511E+00   0.3342E+00   0.3144E+00   0.2917E+00   0.2663E+00
   0.2386E+00   0.2087E+00   0.1768E+00   0.1434E+00   0.1087E+00   0.7304E-01
   0.3669E-01   0.0000E+00   0.0000E+00   0.3335E-01   0.6640E-01   0.9885E-01
   0.1304E+00   0.1608E+00   0.1897E+00   0.2169E+00   0.2421E+00   0.2652E+00
   0.2858E+00   0.3039E+00   0.3192E+00   0.3316E+00   0.3410E+00   0.3473E+00
   0.3505E+00   0.3505E+00   0.3473E+00   0.3410E+00   0.3316E+00   0.3192E+00
   0.3039E+00   0.2858E+00   0.2652E+00   0.2421E+00   0.2169E+00   0.1897E+00
   0.1608E+00   0.1304E+00   0.9885E-01   0.6640E-01   0.3335E-01   0.0000E+00
   0.0000E+00   0.3032E-01   0.6037E-01   0.8987E-01   0.1186E+00   0.1462E+00
   0.1725E+00   0.1972E+00   0.2201E+00   0.2411E+00   0.2598E+00   0.2762E+00
   0.2902E+00   0.3014E+00   0.3100E+00   0.3157E+00   0.3186E+00   0.3186E+00
   0.3157E+00   0.3100E+00   0.3014E+00   0.2902E+00   0.2762E+00   0.2598E+00
   0.2411E+00   0.2201E+00   0.1972E+00   0.1725E+00   0.1462E+00   0.1186E+00
   0.8987E-01   0.6037E-01   0.3032E-01   0.0000E+00   0.0000E+00   0.2757E-01
   0.5488E-01   0.8170E-01   0.1078E+00   0.1329E+00   0.1568E+00   0.1793E+00
   0.2001E+00   0.2192E+00   0.2362E+00   0.2511E+00   0.2638E+00   0.2740E+00
   0.2818E+00   0.2870E+00   0.2897E+00   0.2897E+00   0.2870E+00   0.2818E+00
   0.2740E+00   0.2638E+00   0.2511E+00   0.2362E+00   0.2192E+00   0.2001E+00
   0.1793E+00   0.1568E+00   0.1329E+00   0.1078E+00   0.8170E-01   0.5488E-01
   0.2757E-01   0.0000E+00   0.0000E+00   0.2506E-01   0.4989E-01   0.7427E-01
   0.9798E-01   0.1208E+00   0.1425E+00   0.1630E+00   0.1819E+00   0.1992E+00
   0.2147E+00   0.2283E+00   0.2398E+00   0.2491E+00   0.2562E+00   0.2609E+00
   0.2633E+00   0.2633E+00   0.2609E+00   0.2562E+00   0.2491E+00   0.2398E+00
   0.2283E+00   0.2147E+00   0.1992E+00   0.1819E+00   0.1630E+00   0.1425E+00
   0.1208E+00   0.9798E-01   0.7427E-01   0.4989E-01   0.2506E-01   0.0000E+00
   0.0000E+00   0.2278E-01   0.4536E-01   0.6752E-01   0.8907E-01   0.1098E+00
   0.1296E+00   0.1482E+00   0.1654E+00   0.1811E+00   0.1952E+00   0.2076E+00
   0.2180E+00   0.2265E+00   0.2329E+00   0.2372E+00   0.2394E+00   0.2394E+00
   0.2372E+00   0.2329E+00   0.2265E+00   0.2180E+00   0.2076E+00   0.1952E+00
   0.1811E+00   0.1654E+00   0.1482E+00   0.1296E+00   0.1098E+00   0.8907E-01
   0.6752E-01   0.4536E-01   0.2278E-01   0.0000E+00   0.0000E+00   0.2071E-01
   0.4123E-01   0.6138E-01   0.8098E-01   0.9984E-01   0.1178E+00   0.1347E+00
   0.1504E+00   0.1647E+00   0.1775E+00   0.1887E+00   0.1982E+00   0.2059E+00
   0.2117E+00   0.2157E+00   0.2176E+00   0.2176E+00   0.2157E+00   0.2117E+00
   0.2059E+00   0.1982E+00   0.1887E+00   0.1775E+00   0.1647E+00   0.1504E+00
   0.1347E+00   0.1178E+00   0.9984E-01   0.8098E-01   0.6138E-01   0.4123E-01
   0.2071E-01   0.0000E+00   0.0000E+00   0.1883E-01   0.3748E-01   0.5580E-01
   0.7361E-01   0.9076E-01   0.1071E+00   0.1224E+00   0.1367E+00   0.1497E+00
   0.1613E+00   0.1715E+00   0.1802E+00   0.1872E+00   0.1925E+00   0.1961E+00
   0.1978E+00   0.1978E+00   0.1961E+00   0.1925E+00   0.1872E+00   0.1802E+00
   0.1715E+00   0.1613E+00   0.1497E+00   0.1367E+00   0.1224E+00   0.1071E+00
   0.9076E-01   0.7361E-01   0.5580E-01   0.3748E-01   0.1883E-01   0.0000E+00
   0.0000E+00   0.1712E-01   0.3408E-01   0.5073E-01   0.6692E-01   0.8251E-01
   0.9735E-01   0.1113E+00   0.1243E+00   0.1361E+00   0.1467E+00   0.1559E+00
   0.1638E+00   0.1702E+00   0.1750E+00   0.1782E+00   0.1799E+00   0.1799E+00
   0.1782E+00   0.1750E+00   0.1702E+00   0.1638E+00   0.1559E+00   0.1467E+00
   0.1361E+00   0.1243E+00   0.1113E+00   0.9735E-01   0.8251E-01   0.6692E-01
   0.5073E-01   0.3408E-01   0.1712E-01   0.0000E+00   0.0000E+00   0.1556E-01
   0.3098E-01   0.4612E-01   0.6084E-01   0.7501E-01   0.8850E-01   0.1012E+00
   0.1130E+00   0.1237E+00   0.1333E+00   0.1418E+00   0.1489E+00   0.1547E+00
   0.1591E+00   0.1620E+00   0.1635E+00   0.1635E+00   0.1620E+00   0.1591E+00
   0.1547E+00   0.1489E+00   0.1418E+00   0.1333E+00   0.1237E+00   0.1130E+00
   0.1012E+00   0.8850E-01   0.7501E-01   0.6084E-01   0.4612E-01   0.3098E-01
   0.1556E-01   0.0000E+00   0.0000E+00   0.1415E-01   0.2816E-01   0.4192E-01
   0.5531E-01   0.6819E-01   0.8045E-01   0.9199E-01   0.1027E+00   0.1125E+00
   0.1212E+00   0.1289E+00   0.1354E+00   0.1406E+00   0.1446E+00   0.1473E+00
   0.1486E+00   0.1486E+00   0.1473E+00   0.1446E+00   0.1406E+00   0.1354E+00
   0.1289E+00   0.1212E+00   0.1125E+00   0.1027E+00   0.9199E-01   0.8045E-01
   0.6819E-01   0.5531E-01   0.4192E-01   0.2816E-01   0.1415E-01   0.0000E+00
   0.0000E+00   0.1286E-01   0.2560E-01   0.3811E-01   0.5028E-01   0.6199E-01
   0.7314E-01   0.8363E-01   0.9335E-01   0.1022E+00   0.1102E+00   0.1172E+00
   0.1231E+00   0.1278E+00   0.1315E+00   0.1339E+00   0.1351E+00   0.1351E+00
   0.1339E+00   0.1315E+00   0.1278E+00   0.1231E+00   0.1172E+00   0.1102E+00
   0.1022E+00   0.9335E-01   0.8363E-01   0.7314E-01   0.6199E-01   0.5028E-01
   0.3811E-01   0.2560E-01   0.1286E-01   0.0000E+00   0.0000E+00   0.1169E-01
   0.2328E-01   0.3465E-01   0.4571E-01   0.5635E-01   0.6649E-01   0.7602E-01
   0.8487E-01   0.9295E-01   0.1002E+00   0.1065E+00   0.1119E+00   0.1162E+00
   0.1195E+00   0.1217E+00   0.1228E+00   0.1228E+00   0.1217E+00   0.1195E+00
   0.1162E+00   0.1119E+00   0.1065E+00   0.1002E+00   0.9295E-01   0.8487E-01
   0.7602E-01   0.6649E-01   0.5635E-01   0.4571E-01   0.3465E-01   0.2328E-01
   0.1169E-01   0.0000E+00   0.0000E+00   0.1063E-01   0.2116E-01   0.3150E-01
   0.4155E-01   0.5123E-01   0.6045E-01   0.6912E-01   0.7716E-01   0.8450E-01
   0.9108E-01   0.9683E-01   0.1017E+00   0.1057E+00   0.1087E+00   0.1107E+00
   0.1117E+00   0.1117E+00   0.1107E+00   0.1087E+00   0.1057E+00   0.1017E+00
   0.9683E-01   0.9108E-01   0.8450E-01   0.7716E-01   0.6912E-01   0.6045E-01
   0.5123E-01   0.4155E-01   0.3150E-01   0.2116E-01   0.1063E-01   0.0000E+00
   0.0000E+00   0.9662E-02   0.1924E-01   0.2864E-01   0.3778E-01   0.4658E-01
   0.5496E-01   0.6284E-01   0.7015E-01   0.7682E-01   0.8280E-01   0.8803E-01
   0.9246E-01   0.9606E-01   0.9878E-01   0.1006E+00   0.1015E+00   0.1015E+00
   0.1006E+00   0.9878E-01   0.9606E-01   0.9246E-01   0.8803E-01   0.8280E-01
   0.7682E-01   0.7015E-01   0.6284E-01   0.5496E-01   0.4658E-01   0.3778E-01
   0.2864E-01   0.1924E-01   0.9662E-02   0.0000E+00   0.0000E+00   0.8785E-02
   0.1749E-01   0.2604E-01   0.3435E-01   0.4235E-01   0.4996E-01   0.5713E-01
   0.6377E-01   0.6984E-01   0.7528E-01   0.8003E-01   0.8406E-01   0.8733E-01
   0.8981E-01   0.9147E-01   0.9231E-01   0.9231E-01   0.9147E-01   0.8981E-01
   0.8733E-01   0.8406E-01   0.8003E-01   0.7528E-01   0.6984E-01   0.6377E-01
   0.5713E-01   0.4996E-01   0.4235E-01   0.3435E-01   0.2604E-01   0.1749E-01
   0.8785E-02   0.0000E+00   0.0000E+00   0.7987E-02   0.1590E-01   0.2367E-01
   0.3123E-01   0.3850E-01   0.4543E-01   0.5194E-01   0.5798E-01   0.6350E-01
   0.6844E-01   0.7277E-01   0.7643E-01   0.7940E-01   0.8166E-01   0.8317E-01
   0.8393E-01   0.8393E-01   0.8317E-01   0.8166E-01   0.7940E-01   0.7643E-01
   0.7277E-01   0.6844E-01   0.6350E-01   0.5798E-01   0.5194E-01   0.4543E-01
   0.3850E-01   0.3123E-01   0.2367E-01   0.1590E-01   0.7987E-02   0.0000E+00
   0.0000E+00   0.7262E-02   0.1446E-01   0.2152E-01   0.2839E-01   0.3501E-01
   0.4130E-01   0.4723E-01   0.5272E-01   0.5774E-01   0.6223E-01   0.6616E-01
   0.6949E-01   0.7220E-01   0.7424E-01   0.7562E-01   0.7631E-01   0.7631E-01
   0.7562E-01   0.7424E-01   0.7220E-01   0.6949E-01   0.6616E-01   0.6223E-01
   0.5774E-01   0.5272E-01   0.4723E-01   0.4130E-01   0.3501E-01   0.2839E-01
   0.2152E-01   0.1446E-01   0.7262E-02   0.0000E+00   0.0000E+00   0.6603E-02
   0.1315E-01   0.1957E-01   0.2582E-01   0.3183E-01   0.3756E-01   0.4294E-01
   0.4794E-01   0.5250E-01   0.5659E-01   0.6016E-01   0.6319E-01   0.6565E-01
   0.6751E-01   0.6876E-01   0.6939E-01   0.6939E-01   0.6876E-01   0.6751E-01
   0.6565E-01   0.6319E-01   0.6016E-01   0.5659E-01   0.5250E-01   0.4794E-01
   0.4294E-01   0.3756E-01   0.3183E-01   0.2582E-01   0.1957E-01   0.1315E-01
   0.6603E-02   0.0000E+00   0.0000E+00   0.6004E-02   0.1195E-01   0.1780E-01
   0.2348E-01   0.2894E-01   0.3415E-01   0.3905E-01   0.4359E-01   0.4774E-01
   0.5145E-01   0.5470E-01   0.5746E-01   0.5969E-01   0.6139E-01   0.6252E-01
   0.6309E-01   0.6309E-01   0.6252E-01   0.6139E-01   0.5969E-01   0.5746E-01
   0.5470E-01   0.5145E-01   0.4774E-01   0.4359E-01   0.3905E-01   0.3415E-01
   0.2894E-01   0.2348E-01   0.1780E-01   0.1195E-01   0.6004E-02   0.0000E+00
   0.0000E+00   0.5460E-02   0.1087E-01   0.1618E-01   0.2135E-01   0.2632E-01
   0.3106E-01   0.3551E-01   0.3964E-01   0.4341E-01   0.4679E-01   0.4975E-01
   0.5225E-01   0.5428E-01   0.5582E-01   0.5686E-01   0.5738E-01   0.5738E-01
   0.5686E-01   0.5582E-01   0.5428E-01   0.5225E-01   0.4975E-01   0.4679E-01
   0.4341E-01   0.3964E-01   0.3551E-01   0.3106E-01   0.2632E-01   0.2135E-01
   0.1618E-01   0.1087E-01   0.5460E-02   0.0000E+00   0.0000E+00   0.4966E-02
   0.9886E-02   0.1472E-01   0.1942E-01   0.2394E-01   0.2824E-01   0.3229E-01
   0.3605E-01   0.3948E-01   0.4255E-01   0.4524E-01   0.4752E-01   0.4937E-01
   0.5077E-01   0.5171E-01   0.5218E-01   0.5218E-01   0.5171E-01   0.5077E-01
   0.4937E-01   0.4752E-01   0.4524E-01   0.4255E-01   0.3948E-01   0.3605E-01
   0.3229E-01   0.2824E-01   0.2394E-01   0.1942E-01   0.1472E-01   0.9886E-02
   0.4966E-02   0.0000E+00   0.0000E+00   0.4516E-02   0.8992E-02   0.1339E-01
   0.1766E-01   0.2177E-01   0.2569E-01   0.2937E-01   0.3279E-01   0.3591E-01
   0.3870E-01   0.4115E-01   0.4322E-01   0.4490E-01   0.4617E-01   0.4703E-01
   0.4746E-01   0.4746E-01   0.4703E-01   0.4617E-01   0.4490E-01   0.4322E-01
   0.4115E-01   0.3870E-01   0.3591E-01   0.3279E-01   0.2937E-01   0.2569E-01
   0.2177E-01   0.1766E-01   0.1339E-01   0.8992E-02   0.4516E-02   0.0000E+00
   0.0000E+00   0.4108E-02   0.8178E-02   0.1217E-01   0.1606E-01   0.1980E-01
   0.2336E-01   0.2671E-01   0.2982E-01   0.3266E-01   0.3520E-01   0.3742E-01
   0.3931E-01   0.4084E-01   0.4200E-01   0.4277E-01   0.4316E-01   0.4316E-01
   0.4277E-01   0.4200E-01   0.4084E-01   0.3931E-01   0.3742E-01   0.3520E-01
   0.3266E-01   0.2982E-01   0.2671E-01   0.2336E-01   0.1980E-01   0.1606E-01
   0.1217E-01   0.8178E-02   0.4108E-02  -0.1408E-07
