   0.0000E+00
   0.1029E-01
   0.2055E-01
   0.3077E-01
   0.4091E-01
   0.5096E-01
   0.6089E-01
   0.7067E-01
   0.8029E-01
   0.8973E-01
   0.9895E-01
   0.1079E+00
   0.1167E+00
   0.1252E+00
   0.1333E+00
   0.1412E+00
   0.1487E+00
   0.1559E+00
   0.1627E+00
   0.1692E+00
   0.1752E+00
   0.1809E+00
   0.1861E+00
   0.1909E+00
   0.1952E+00
   0.1991E+00
   0.2025E+00
   0.2055E+00
   0.2079E+00
   0.2099E+00
   0.2114E+00
   0.2124E+00
   0.2129E+00
   0.2129E+00
   0.2124E+00
   0.2114E+00
   0.2099E+00
   0.2079E+00
   0.2055E+00
   0.2025E+00
   0.1991E+00
   0.1952E+00
   0.1909E+00
   0.1861E+00
   0.1809E+00
   0.1752E+00
   0.1692E+00
   0.1627E+00
   0.1559E+00
   0.1487E+00
   0.1412E+00
   0.1333E+00
   0.1252E+00
   0.1167E+00
   0.1079E+00
   0.9895E-01
   0.8973E-01
   0.8029E-01
   0.7067E-01
   0.6089E-01
   0.5096E-01
   0.4091E-01
   0.3077E-01
   0.2055E-01
   0.1029E-01
   0.0000E+00
   0.0000E+00
   0.9802E-02
   0.1958E-01
   0.2931E-01
   0.3898E-01
   0.4855E-01
   0.5801E-01
   0.6734E-01
   0.7651E-01
   0.8549E-01
   0.9428E-01
   0.1029E+00
   0.1112E+00
   0.1193E+00
   0.1270E+00
   0.1345E+00
   0.1417E+00
   0.1486E+00
   0.1551E+00
   0.1612E+00
   0.1670E+00
   0.1723E+00
   0.1773E+00
   0.1819E+00
   0.1860E+00
   0.1897E+00
   0.1930E+00
   0.1958E+00
   0.1981E+00
   0.2000E+00
   0.2014E+00
   0.2023E+00
   0.2028E+00
   0.2028E+00
   0.2023E+00
   0.2014E+00
   0.2000E+00
   0.1981E+00
   0.1958E+00
   0.1930E+00
   0.1897E+00
   0.1860E+00
   0.1819E+00
   0.1773E+00
   0.1723E+00
   0.1670E+00
   0.1612E+00
   0.1551E+00
   0.1486E+00
   0.1417E+00
   0.1345E+00
   0.1270E+00
   0.1193E+00
   0.1112E+00
   0.1029E+00
   0.9428E-01
   0.8549E-01
   0.7651E-01
   0.6734E-01
   0.5801E-01
   0.4855E-01
   0.3898E-01
   0.2931E-01
   0.1958E-01
   0.9802E-02
   0.0000E+00
   0.0000E+00
   0.9339E-02
   0.1866E-01
   0.2793E-01
   0.3714E-01
   0.4626E-01
   0.5527E-01
   0.6416E-01
   0.7289E-01
   0.8146E-01
   0.8983E-01
   0.9800E-01
   0.1059E+00
   0.1136E+00
   0.1210E+00
   0.1282E+00
   0.1350E+00
   0.1416E+00
   0.1477E+00
   0.1536E+00
   0.1591E+00
   0.1642E+00
   0.1689E+00
   0.1733E+00
   0.1772E+00
   0.1807E+00
   0.1838E+00
   0.1865E+00
   0.1888E+00
   0.1905E+00
   0.1919E+00
   0.1928E+00
   0.1932E+00
   0.1932E+00
   0.1928E+00
   0.1919E+00
   0.1905E+00
   0.1888E+00
   0.1865E+00
   0.1838E+00
   0.1807E+00
   0.1772E+00
   0.1733E+00
   0.1689E+00
   0.1642E+00
   0.1591E+00
   0.1536E+00
   0.1477E+00
   0.1416E+00
   0.1350E+00
   0.1282E+00
   0.1210E+00
   0.1136E+00
   0.1059E+00
   0.9800E-01
   0.8983E-01
   0.8146E-01
   0.7289E-01
   0.6416E-01
   0.5527E-01
   0.4626E-01
   0.3714E-01
   0.2793E-01
   0.1866E-01
   0.9339E-02
   0.0000E+00
   0.0000E+00
   0.8898E-02
   0.1778E-01
   0.2661E-01
   0.3539E-01
   0.4408E-01
   0.5267E-01
   0.6113E-01
   0.6945E-01
   0.7761E-01
   0.8559E-01
   0.9337E-01
   0.1009E+00
   0.1083E+00
   0.1153E+00
   0.1221E+00
   0.1287E+00
   0.1349E+00
   0.1408E+00
   0.1463E+00
   0.1516E+00
   0.1565E+00
   0.1610E+00
   0.1651E+00
   0.1689E+00
   0.1722E+00
   0.1752E+00
   0.1777E+00
   0.1798E+00
   0.1816E+00
   0.1828E+00
   0.1837E+00
   0.1841E+00
   0.1841E+00
   0.1837E+00
   0.1828E+00
   0.1816E+00
   0.1798E+00
   0.1777E+00
   0.1752E+00
   0.1722E+00
   0.1689E+00
   0.1651E+00
   0.1610E+00
   0.1565E+00
   0.1516E+00
   0.1463E+00
   0.1408E+00
   0.1349E+00
   0.1287E+00
   0.1221E+00
   0.1153E+00
   0.1083E+00
   0.1009E+00
   0.9337E-01
   0.8559E-01
   0.7761E-01
   0.6945E-01
   0.6113E-01
   0.5267E-01
   0.4408E-01
   0.3539E-01
   0.2661E-01
   0.1778E-01
   0.8898E-02
   0.0000E+00
   0.0000E+00
   0.8478E-02
   0.1694E-01
   0.2536E-01
   0.3372E-01
   0.4200E-01
   0.5018E-01
   0.5825E-01
   0.6618E-01
   0.7395E-01
   0.8155E-01
   0.8897E-01
   0.9617E-01
   0.1031E+00
   0.1099E+00
   0.1164E+00
   0.1226E+00
   0.1285E+00
   0.1341E+00
   0.1394E+00
   0.1444E+00
   0.1491E+00
   0.1534E+00
   0.1573E+00
   0.1609E+00
   0.1641E+00
   0.1669E+00
   0.1693E+00
   0.1714E+00
   0.1730E+00
   0.1742E+00
   0.1750E+00
   0.1754E+00
   0.1754E+00
   0.1750E+00
   0.1742E+00
   0.1730E+00
   0.1714E+00
   0.1693E+00
   0.1669E+00
   0.1641E+00
   0.1609E+00
   0.1573E+00
   0.1534E+00
   0.1491E+00
   0.1444E+00
   0.1394E+00
   0.1341E+00
   0.1285E+00
   0.1226E+00
   0.1164E+00
   0.1099E+00
   0.1031E+00
   0.9617E-01
   0.8897E-01
   0.8155E-01
   0.7395E-01
   0.6618E-01
   0.5825E-01
   0.5018E-01
   0.4200E-01
   0.3372E-01
   0.2536E-01
   0.1694E-01
   0.8478E-02
   0.0000E+00
   0.0000E+00
   0.8078E-02
   0.1614E-01
   0.2416E-01
   0.3212E-01
   0.4002E-01
   0.4781E-01
   0.5550E-01
   0.6305E-01
   0.7046E-01
   0.7770E-01
   0.8477E-01
   0.9163E-01
   0.9828E-01
   0.1047E+00
   0.1109E+00
   0.1168E+00
   0.1224E+00
   0.1278E+00
   0.1329E+00
   0.1376E+00
   0.1420E+00
   0.1461E+00
   0.1499E+00
   0.1533E+00
   0.1563E+00
   0.1590E+00
   0.1613E+00
   0.1633E+00
   0.1648E+00
   0.1660E+00
   0.1668E+00
   0.1672E+00
   0.1672E+00
   0.1668E+00
   0.1660E+00
   0.1648E+00
   0.1633E+00
   0.1613E+00
   0.1590E+00
   0.1563E+00
   0.1533E+00
   0.1499E+00
   0.1461E+00
   0.1420E+00
   0.1376E+00
   0.1329E+00
   0.1278E+00
   0.1224E+00
   0.1168E+00
   0.1109E+00
   0.1047E+00
   0.9828E-01
   0.9163E-01
   0.8477E-01
   0.7770E-01
   0.7046E-01
   0.6305E-01
   0.5550E-01
   0.4781E-01
   0.4002E-01
   0.3212E-01
   0.2416E-01
   0.1614E-01
   0.8078E-02
   0.0000E+00
   0.0000E+00
   0.7697E-02
   0.1538E-01
   0.2302E-01
   0.3061E-01
   0.3813E-01
   0.4556E-01
   0.5288E-01
   0.6008E-01
   0.6714E-01
   0.7404E-01
   0.8077E-01
   0.8731E-01
   0.9364E-01
   0.9976E-01
   0.1056E+00
   0.1113E+00
   0.1167E+00
   0.1218E+00
   0.1266E+00
   0.1311E+00
   0.1353E+00
   0.1392E+00
   0.1428E+00
   0.1461E+00
   0.1490E+00
   0.1515E+00
   0.1537E+00
   0.1556E+00
   0.1570E+00
   0.1582E+00
   0.1589E+00
   0.1593E+00
   0.1593E+00
   0.1589E+00
   0.1582E+00
   0.1570E+00
   0.1556E+00
   0.1537E+00
   0.1515E+00
   0.1490E+00
   0.1461E+00
   0.1428E+00
   0.1392E+00
   0.1353E+00
   0.1311E+00
   0.1266E+00
   0.1218E+00
   0.1167E+00
   0.1113E+00
   0.1056E+00
   0.9976E-01
   0.9364E-01
   0.8731E-01
   0.8077E-01
   0.7404E-01
   0.6714E-01
   0.6008E-01
   0.5288E-01
   0.4556E-01
   0.3813E-01
   0.3061E-01
   0.2302E-01
   0.1538E-01
   0.7697E-02
   0.0000E+00
   0.0000E+00
   0.7334E-02
   0.1465E-01
   0.2193E-01
   0.2916E-01
   0.3633E-01
   0.4341E-01
   0.5038E-01
   0.5724E-01
   0.6397E-01
   0.7054E-01
   0.7695E-01
   0.8319E-01
   0.8922E-01
   0.9505E-01
   0.1007E+00
   0.1060E+00
   0.1112E+00
   0.1160E+00
   0.1206E+00
   0.1249E+00
   0.1289E+00
   0.1327E+00
   0.1361E+00
   0.1392E+00
   0.1419E+00
   0.1444E+00
   0.1465E+00
   0.1482E+00
   0.1496E+00
   0.1507E+00
   0.1514E+00
   0.1518E+00
   0.1518E+00
   0.1514E+00
   0.1507E+00
   0.1496E+00
   0.1482E+00
   0.1465E+00
   0.1444E+00
   0.1419E+00
   0.1392E+00
   0.1361E+00
   0.1327E+00
   0.1289E+00
   0.1249E+00
   0.1206E+00
   0.1160E+00
   0.1112E+00
   0.1060E+00
   0.1007E+00
   0.9505E-01
   0.8922E-01
   0.8319E-01
   0.7695E-01
   0.7054E-01
   0.6397E-01
   0.5724E-01
   0.5038E-01
   0.4341E-01
   0.3633E-01
   0.2916E-01
   0.2193E-01
   0.1465E-01
   0.7334E-02
   0.0000E+00
   0.0000E+00
   0.6988E-02
   0.1396E-01
   0.2090E-01
   0.2779E-01
   0.3461E-01
   0.4136E-01
   0.4800E-01
   0.5454E-01
   0.6095E-01
   0.6721E-01
   0.7332E-01
   0.7926E-01
   0.8501E-01
   0.9057E-01
   0.9591E-01
   0.1010E+00
   0.1059E+00
   0.1105E+00
   0.1149E+00
   0.1190E+00
   0.1229E+00
   0.1264E+00
   0.1297E+00
   0.1326E+00
   0.1352E+00
   0.1376E+00
   0.1396E+00
   0.1412E+00
   0.1426E+00
   0.1436E+00
   0.1443E+00
   0.1446E+00
   0.1446E+00
   0.1443E+00
   0.1436E+00
   0.1426E+00
   0.1412E+00
   0.1396E+00
   0.1376E+00
   0.1352E+00
   0.1326E+00
   0.1297E+00
   0.1264E+00
   0.1229E+00
   0.1190E+00
   0.1149E+00
   0.1105E+00
   0.1059E+00
   0.1010E+00
   0.9591E-01
   0.9057E-01
   0.8501E-01
   0.7926E-01
   0.7332E-01
   0.6721E-01
   0.6095E-01
   0.5454E-01
   0.4800E-01
   0.4136E-01
   0.3461E-01
   0.2779E-01
   0.2090E-01
   0.1396E-01
   0.6988E-02
   0.0000E+00
   0.0000E+00
   0.6658E-02
   0.1330E-01
   0.1991E-01
   0.2648E-01
   0.3298E-01
   0.3940E-01
   0.4574E-01
   0.5197E-01
   0.5807E-01
   0.6404E-01
   0.6986E-01
   0.7552E-01
   0.8100E-01
   0.8629E-01
   0.9138E-01
   0.9626E-01
   0.1009E+00
   0.1053E+00
   0.1095E+00
   0.1134E+00
   0.1171E+00
   0.1204E+00
   0.1235E+00
   0.1263E+00
   0.1289E+00
   0.1311E+00
   0.1330E+00
   0.1346E+00
   0.1358E+00
   0.1368E+00
   0.1374E+00
   0.1378E+00
   0.1378E+00
   0.1374E+00
   0.1368E+00
   0.1358E+00
   0.1346E+00
   0.1330E+00
   0.1311E+00
   0.1289E+00
   0.1263E+00
   0.1235E+00
   0.1204E+00
   0.1171E+00
   0.1134E+00
   0.1095E+00
   0.1053E+00
   0.1009E+00
   0.9626E-01
   0.9138E-01
   0.8629E-01
   0.8100E-01
   0.7552E-01
   0.6986E-01
   0.6404E-01
   0.5807E-01
   0.5197E-01
   0.4574E-01
   0.3940E-01
   0.3298E-01
   0.2648E-01
   0.1991E-01
   0.1330E-01
   0.6658E-02
   0.0000E+00
   0.0000E+00
   0.6344E-02
   0.1267E-01
   0.1897E-01
   0.2523E-01
   0.3142E-01
   0.3755E-01
   0.4358E-01
   0.4951E-01
   0.5533E-01
   0.6102E-01
   0.6656E-01
   0.7195E-01
   0.7718E-01
   0.8222E-01
   0.8707E-01
   0.9172E-01
   0.9615E-01
   0.1004E+00
   0.1043E+00
   0.1081E+00
   0.1115E+00
   0.1148E+00
   0.1177E+00
   0.1204E+00
   0.1228E+00
   0.1249E+00
   0.1267E+00
   0.1282E+00
   0.1294E+00
   0.1303E+00
   0.1310E+00
   0.1313E+00
   0.1313E+00
   0.1310E+00
   0.1303E+00
   0.1294E+00
   0.1282E+00
   0.1267E+00
   0.1249E+00
   0.1228E+00
   0.1204E+00
   0.1177E+00
   0.1148E+00
   0.1115E+00
   0.1081E+00
   0.1043E+00
   0.1004E+00
   0.9615E-01
   0.9172E-01
   0.8707E-01
   0.8222E-01
   0.7718E-01
   0.7195E-01
   0.6656E-01
   0.6102E-01
   0.5533E-01
   0.4951E-01
   0.4358E-01
   0.3755E-01
   0.3142E-01
   0.2523E-01
   0.1897E-01
   0.1267E-01
   0.6344E-02
   0.0000E+00
   0.0000E+00
   0.6044E-02
   0.1207E-01
   0.1808E-01
   0.2404E-01
   0.2994E-01
   0.3577E-01
   0.4152E-01
   0.4718E-01
   0.5272E-01
   0.5814E-01
   0.6342E-01
   0.6856E-01
   0.7353E-01
   0.7834E-01
   0.8296E-01
   0.8739E-01
   0.9161E-01
   0.9562E-01
   0.9941E-01
   0.1030E+00
   0.1063E+00
   0.1093E+00
   0.1121E+00
   0.1147E+00
   0.1170E+00
   0.1190E+00
   0.1207E+00
   0.1222E+00
   0.1233E+00
   0.1242E+00
   0.1248E+00
   0.1251E+00
   0.1251E+00
   0.1248E+00
   0.1242E+00
   0.1233E+00
   0.1222E+00
   0.1207E+00
   0.1190E+00
   0.1170E+00
   0.1147E+00
   0.1121E+00
   0.1093E+00
   0.1063E+00
   0.1030E+00
   0.9941E-01
   0.9562E-01
   0.9161E-01
   0.8739E-01
   0.8296E-01
   0.7834E-01
   0.7353E-01
   0.6856E-01
   0.6342E-01
   0.5814E-01
   0.5272E-01
   0.4718E-01
   0.4152E-01
   0.3577E-01
   0.2994E-01
   0.2404E-01
   0.1808E-01
   0.1207E-01
   0.6044E-02
   0.0000E+00
   0.0000E+00
   0.5759E-02
   0.1150E-01
   0.1722E-01
   0.2290E-01
   0.2853E-01
   0.3408E-01
   0.3956E-01
   0.4495E-01
   0.5023E-01
   0.5540E-01
   0.6043E-01
   0.6532E-01
   0.7006E-01
   0.7464E-01
   0.7904E-01
   0.8326E-01
   0.8729E-01
   0.9111E-01
   0.9471E-01
   0.9810E-01
   0.1013E+00
   0.1042E+00
   0.1069E+00
   0.1093E+00
   0.1115E+00
   0.1134E+00
   0.1150E+00
   0.1164E+00
   0.1175E+00
   0.1183E+00
   0.1189E+00
   0.1192E+00
   0.1192E+00
   0.1189E+00
   0.1183E+00
   0.1175E+00
   0.1164E+00
   0.1150E+00
   0.1134E+00
   0.1115E+00
   0.1093E+00
   0.1069E+00
   0.1042E+00
   0.1013E+00
   0.9810E-01
   0.9471E-01
   0.9111E-01
   0.8729E-01
   0.8326E-01
   0.7904E-01
   0.7464E-01
   0.7006E-01
   0.6532E-01
   0.6043E-01
   0.5540E-01
   0.5023E-01
   0.4495E-01
   0.3956E-01
   0.3408E-01
   0.2853E-01
   0.2290E-01
   0.1722E-01
   0.1150E-01
   0.5759E-02
   0.0000E+00
   0.0000E+00
   0.5487E-02
   0.1096E-01
   0.1641E-01
   0.2182E-01
   0.2718E-01
   0.3248E-01
   0.3770E-01
   0.4283E-01
   0.4786E-01
   0.5278E-01
   0.5758E-01
   0.6224E-01
   0.6676E-01
   0.7112E-01
   0.7531E-01
   0.7933E-01
   0.8317E-01
   0.8681E-01
   0.9024E-01
   0.9347E-01
   0.9648E-01
   0.9926E-01
   0.1018E+00
   0.1041E+00
   0.1062E+00
   0.1080E+00
   0.1096E+00
   0.1109E+00
   0.1120E+00
   0.1127E+00
   0.1133E+00
   0.1135E+00
   0.1135E+00
   0.1133E+00
   0.1127E+00
   0.1120E+00
   0.1109E+00
   0.1096E+00
   0.1080E+00
   0.1062E+00
   0.1041E+00
   0.1018E+00
   0.9926E-01
   0.9648E-01
   0.9347E-01
   0.9024E-01
   0.8681E-01
   0.8317E-01
   0.7933E-01
   0.7531E-01
   0.7112E-01
   0.6676E-01
   0.6224E-01
   0.5758E-01
   0.5278E-01
   0.4786E-01
   0.4283E-01
   0.3770E-01
   0.3248E-01
   0.2718E-01
   0.2182E-01
   0.1641E-01
   0.1096E-01
   0.5487E-02
   0.0000E+00
   0.0000E+00
   0.5228E-02
   0.1044E-01
   0.1564E-01
   0.2079E-01
   0.2590E-01
   0.3094E-01
   0.3592E-01
   0.4081E-01
   0.4560E-01
   0.5029E-01
   0.5486E-01
   0.5930E-01
   0.6361E-01
   0.6776E-01
   0.7176E-01
   0.7559E-01
   0.7924E-01
   0.8271E-01
   0.8599E-01
   0.8906E-01
   0.9193E-01
   0.9458E-01
   0.9701E-01
   0.9921E-01
   0.1012E+00
   0.1029E+00
   0.1044E+00
   0.1057E+00
   0.1067E+00
   0.1074E+00
   0.1079E+00
   0.1082E+00
   0.1082E+00
   0.1079E+00
   0.1074E+00
   0.1067E+00
   0.1057E+00
   0.1044E+00
   0.1029E+00
   0.1012E+00
   0.9921E-01
   0.9701E-01
   0.9458E-01
   0.9193E-01
   0.8906E-01
   0.8599E-01
   0.8271E-01
   0.7924E-01
   0.7559E-01
   0.7176E-01
   0.6776E-01
   0.6361E-01
   0.5930E-01
   0.5486E-01
   0.5029E-01
   0.4560E-01
   0.4081E-01
   0.3592E-01
   0.3094E-01
   0.2590E-01
   0.2079E-01
   0.1564E-01
   0.1044E-01
   0.5228E-02
   0.0000E+00
   0.0000E+00
   0.4982E-02
   0.9951E-02
   0.1490E-01
   0.1981E-01
   0.2468E-01
   0.2948E-01
   0.3422E-01
   0.3888E-01
   0.4345E-01
   0.4792E-01
   0.5227E-01
   0.5651E-01
   0.6061E-01
   0.6457E-01
   0.6837E-01
   0.7202E-01
   0.7550E-01
   0.7881E-01
   0.8193E-01
   0.8486E-01
   0.8759E-01
   0.9011E-01
   0.9243E-01
   0.9453E-01
   0.9641E-01
   0.9806E-01
   0.9949E-01
   0.1007E+00
   0.1016E+00
   0.1024E+00
   0.1028E+00
   0.1031E+00
   0.1031E+00
   0.1028E+00
   0.1024E+00
   0.1016E+00
   0.1007E+00
   0.9949E-01
   0.9806E-01
   0.9641E-01
   0.9453E-01
   0.9243E-01
   0.9011E-01
   0.8759E-01
   0.8486E-01
   0.8193E-01
   0.7881E-01
   0.7550E-01
   0.7202E-01
   0.6837E-01
   0.6457E-01
   0.6061E-01
   0.5651E-01
   0.5227E-01
   0.4792E-01
   0.4345E-01
   0.3888E-01
   0.3422E-01
   0.2948E-01
   0.2468E-01
   0.1981E-01
   0.1490E-01
   0.9951E-02
   0.4982E-02
   0.0000E+00
   0.0000E+00
   0.4746E-02
   0.9482E-02
   0.1420E-01
   0.1888E-01
   0.2351E-01
   0.2809E-01
   0.3261E-01
   0.3705E-01
   0.4140E-01
   0.4566E-01
   0.4981E-01
   0.5384E-01
   0.5775E-01
   0.6152E-01
   0.6515E-01
   0.6862E-01
   0.7194E-01
   0.7509E-01
   0.7806E-01
   0.8085E-01
   0.8345E-01
   0.8586E-01
   0.8807E-01
   0.9007E-01
   0.9186E-01
   0.9344E-01
   0.9479E-01
   0.9593E-01
   0.9684E-01
   0.9753E-01
   0.9799E-01
   0.9821E-01
   0.9821E-01
   0.9799E-01
   0.9753E-01
   0.9684E-01
   0.9593E-01
   0.9479E-01
   0.9344E-01
   0.9186E-01
   0.9007E-01
   0.8807E-01
   0.8586E-01
   0.8345E-01
   0.8085E-01
   0.7806E-01
   0.7509E-01
   0.7194E-01
   0.6862E-01
   0.6515E-01
   0.6152E-01
   0.5775E-01
   0.5384E-01
   0.4981E-01
   0.4566E-01
   0.4140E-01
   0.3705E-01
   0.3261E-01
   0.2809E-01
   0.2351E-01
   0.1888E-01
   0.1420E-01
   0.9482E-02
   0.4746E-02
   0.0000E+00
   0.0000E+00
   0.4523E-02
   0.9034E-02
   0.1353E-01
   0.1798E-01
   0.2240E-01
   0.2677E-01
   0.3107E-01
   0.3530E-01
   0.3945E-01
   0.4350E-01
   0.4746E-01
   0.5130E-01
   0.5502E-01
   0.5862E-01
   0.6207E-01
   0.6539E-01
   0.6855E-01
   0.7155E-01
   0.7438E-01
   0.7704E-01
   0.7952E-01
   0.8181E-01
   0.8391E-01
   0.8582E-01
   0.8752E-01
   0.8903E-01
   0.9032E-01
   0.9140E-01
   0.9227E-01
   0.9293E-01
   0.9336E-01
   0.9358E-01
   0.9358E-01
   0.9336E-01
   0.9293E-01
   0.9227E-01
   0.9140E-01
   0.9032E-01
   0.8903E-01
   0.8752E-01
   0.8582E-01
   0.8391E-01
   0.8181E-01
   0.7952E-01
   0.7704E-01
   0.7438E-01
   0.7155E-01
   0.6855E-01
   0.6539E-01
   0.6207E-01
   0.5862E-01
   0.5502E-01
   0.5130E-01
   0.4746E-01
   0.4350E-01
   0.3945E-01
   0.3530E-01
   0.3107E-01
   0.2677E-01
   0.2240E-01
   0.1798E-01
   0.1353E-01
   0.9034E-02
   0.4523E-02
   0.0000E+00
   0.0000E+00
   0.4309E-02
   0.8608E-02
   0.1289E-01
   0.1714E-01
   0.2134E-01
   0.2550E-01
   0.2960E-01
   0.3363E-01
   0.3759E-01
   0.4145E-01
   0.4522E-01
   0.4888E-01
   0.5243E-01
   0.5585E-01
   0.5914E-01
   0.6230E-01
   0.6531E-01
   0.6817E-01
   0.7087E-01
   0.7340E-01
   0.7576E-01
   0.7795E-01
   0.7995E-01
   0.8177E-01
   0.8340E-01
   0.8483E-01
   0.8606E-01
   0.8709E-01
   0.8792E-01
   0.8854E-01
   0.8896E-01
   0.8916E-01
   0.8916E-01
   0.8896E-01
   0.8854E-01
   0.8792E-01
   0.8709E-01
   0.8606E-01
   0.8483E-01
   0.8340E-01
   0.8177E-01
   0.7995E-01
   0.7795E-01
   0.7576E-01
   0.7340E-01
   0.7087E-01
   0.6817E-01
   0.6531E-01
   0.6230E-01
   0.5914E-01
   0.5585E-01
   0.5243E-01
   0.4888E-01
   0.4522E-01
   0.4145E-01
   0.3759E-01
   0.3363E-01
   0.2960E-01
   0.2550E-01
   0.2134E-01
   0.1714E-01
   0.1289E-01
   0.8608E-02
   0.4309E-02
   0.0000E+00
   0.0000E+00
   0.4106E-02
   0.8202E-02
   0.1228E-01
   0.1633E-01
   0.2034E-01
   0.2430E-01
   0.2821E-01
   0.3205E-01
   0.3581E-01
   0.3949E-01
   0.4308E-01
   0.4657E-01
   0.4995E-01
   0.5321E-01
   0.5635E-01
   0.5936E-01
   0.6223E-01
   0.6495E-01
   0.6753E-01
   0.6994E-01
   0.7219E-01
   0.7427E-01
   0.7618E-01
   0.7791E-01
   0.7946E-01
   0.8082E-01
   0.8200E-01
   0.8298E-01
   0.8377E-01
   0.8436E-01
   0.8476E-01
   0.8496E-01
   0.8496E-01
   0.8476E-01
   0.8436E-01
   0.8377E-01
   0.8298E-01
   0.8200E-01
   0.8082E-01
   0.7946E-01
   0.7791E-01
   0.7618E-01
   0.7427E-01
   0.7219E-01
   0.6994E-01
   0.6753E-01
   0.6495E-01
   0.6223E-01
   0.5936E-01
   0.5635E-01
   0.5321E-01
   0.4995E-01
   0.4657E-01
   0.4308E-01
   0.3949E-01
   0.3581E-01
   0.3205E-01
   0.2821E-01
   0.2430E-01
   0.2034E-01
   0.1633E-01
   0.1228E-01
   0.8202E-02
   0.4106E-02
   0.0000E+00
   0.0000E+00
   0.3912E-02
   0.7815E-02
   0.1170E-01
   0.1556E-01
   0.1938E-01
   0.2315E-01
   0.2688E-01
   0.3053E-01
   0.3412E-01
   0.3763E-01
   0.4105E-01
   0.4437E-01
   0.4759E-01
   0.5070E-01
   0.5370E-01
   0.5656E-01
   0.5929E-01
   0.6189E-01
   0.6434E-01
   0.6664E-01
   0.6878E-01
   0.7077E-01
   0.7259E-01
   0.7424E-01
   0.7571E-01
   0.7701E-01
   0.7813E-01
   0.7907E-01
   0.7982E-01
   0.8038E-01
   0.8076E-01
   0.8095E-01
   0.8095E-01
   0.8076E-01
   0.8038E-01
   0.7982E-01
   0.7907E-01
   0.7813E-01
   0.7701E-01
   0.7571E-01
   0.7424E-01
   0.7259E-01
   0.7077E-01
   0.6878E-01
   0.6664E-01
   0.6434E-01
   0.6189E-01
   0.5929E-01
   0.5656E-01
   0.5370E-01
   0.5070E-01
   0.4759E-01
   0.4437E-01
   0.4105E-01
   0.3763E-01
   0.3412E-01
   0.3053E-01
   0.2688E-01
   0.2315E-01
   0.1938E-01
   0.1556E-01
   0.1170E-01
   0.7815E-02
   0.3912E-02
   0.0000E+00
   0.0000E+00
   0.3728E-02
   0.7446E-02
   0.1115E-01
   0.1482E-01
   0.1846E-01
   0.2206E-01
   0.2561E-01
   0.2909E-01
   0.3251E-01
   0.3585E-01
   0.3911E-01
   0.4228E-01
   0.4535E-01
   0.4831E-01
   0.5116E-01
   0.5389E-01
   0.5650E-01
   0.5897E-01
   0.6130E-01
   0.6350E-01
   0.6554E-01
   0.6743E-01
   0.6916E-01
   0.7073E-01
   0.7214E-01
   0.7338E-01
   0.7444E-01
   0.7534E-01
   0.7605E-01
   0.7659E-01
   0.7695E-01
   0.7713E-01
   0.7713E-01
   0.7695E-01
   0.7659E-01
   0.7605E-01
   0.7534E-01
   0.7444E-01
   0.7338E-01
   0.7214E-01
   0.7073E-01
   0.6916E-01
   0.6743E-01
   0.6554E-01
   0.6350E-01
   0.6130E-01
   0.5897E-01
   0.5650E-01
   0.5389E-01
   0.5116E-01
   0.4831E-01
   0.4535E-01
   0.4228E-01
   0.3911E-01
   0.3585E-01
   0.3251E-01
   0.2909E-01
   0.2561E-01
   0.2206E-01
   0.1846E-01
   0.1482E-01
   0.1115E-01
   0.7446E-02
   0.3728E-02
   0.0000E+00
   0.0000E+00
   0.3552E-02
   0.7095E-02
   0.1062E-01
   0.1412E-01
   0.1759E-01
   0.2102E-01
   0.2440E-01
   0.2772E-01
   0.3098E-01
   0.3416E-01
   0.3727E-01
   0.4029E-01
   0.4321E-01
   0.4603E-01
   0.4875E-01
   0.5135E-01
   0.5383E-01
   0.5619E-01
   0.5841E-01
   0.6050E-01
   0.6245E-01
   0.6425E-01
   0.6590E-01
   0.6740E-01
   0.6874E-01
   0.6992E-01
   0.7093E-01
   0.7178E-01
   0.7246E-01
   0.7298E-01
   0.7332E-01
   0.7349E-01
   0.7349E-01
   0.7332E-01
   0.7298E-01
   0.7246E-01
   0.7178E-01
   0.7093E-01
   0.6992E-01
   0.6874E-01
   0.6740E-01
   0.6590E-01
   0.6425E-01
   0.6245E-01
   0.6050E-01
   0.5841E-01
   0.5619E-01
   0.5383E-01
   0.5135E-01
   0.4875E-01
   0.4603E-01
   0.4321E-01
   0.4029E-01
   0.3727E-01
   0.3416E-01
   0.3098E-01
   0.2772E-01
   0.2440E-01
   0.2102E-01
   0.1759E-01
   0.1412E-01
   0.1062E-01
   0.7095E-02
   0.3552E-02
   0.0000E+00
   0.0000E+00
   0.3384E-02
   0.6760E-02
   0.1012E-01
   0.1346E-01
   0.1676E-01
   0.2003E-01
   0.2325E-01
   0.2641E-01
   0.2952E-01
   0.3255E-01
   0.3551E-01
   0.3839E-01
   0.4117E-01
   0.4386E-01
   0.4645E-01
   0.4893E-01
   0.5129E-01
   0.5354E-01
   0.5566E-01
   0.5765E-01
   0.5950E-01
   0.6122E-01
   0.6279E-01
   0.6422E-01
   0.6549E-01
   0.6662E-01
   0.6759E-01
   0.6840E-01
   0.6905E-01
   0.6954E-01
   0.6986E-01
   0.7003E-01
   0.7003E-01
   0.6986E-01
   0.6954E-01
   0.6905E-01
   0.6840E-01
   0.6759E-01
   0.6662E-01
   0.6549E-01
   0.6422E-01
   0.6279E-01
   0.6122E-01
   0.5950E-01
   0.5765E-01
   0.5566E-01
   0.5354E-01
   0.5129E-01
   0.4893E-01
   0.4645E-01
   0.4386E-01
   0.4117E-01
   0.3839E-01
   0.3551E-01
   0.3255E-01
   0.2952E-01
   0.2641E-01
   0.2325E-01
   0.2003E-01
   0.1676E-01
   0.1346E-01
   0.1012E-01
   0.6760E-02
   0.3384E-02
   0.0000E+00
   0.0000E+00
   0.3225E-02
   0.6442E-02
   0.9643E-02
   0.1282E-01
   0.1597E-01
   0.1908E-01
   0.2215E-01
   0.2517E-01
   0.2813E-01
   0.3102E-01
   0.3384E-01
   0.3658E-01
   0.3923E-01
   0.4179E-01
   0.4426E-01
   0.4662E-01
   0.4887E-01
   0.5101E-01
   0.5303E-01
   0.5493E-01
   0.5670E-01
   0.5833E-01
   0.5983E-01
   0.6119E-01
   0.6240E-01
   0.6348E-01
   0.6440E-01
   0.6517E-01
   0.6579E-01
   0.6626E-01
   0.6657E-01
   0.6672E-01
   0.6672E-01
   0.6657E-01
   0.6626E-01
   0.6579E-01
   0.6517E-01
   0.6440E-01
   0.6348E-01
   0.6240E-01
   0.6119E-01
   0.5983E-01
   0.5833E-01
   0.5670E-01
   0.5493E-01
   0.5303E-01
   0.5101E-01
   0.4887E-01
   0.4662E-01
   0.4426E-01
   0.4179E-01
   0.3923E-01
   0.3658E-01
   0.3384E-01
   0.3102E-01
   0.2813E-01
   0.2517E-01
   0.2215E-01
   0.1908E-01
   0.1597E-01
   0.1282E-01
   0.9643E-02
   0.6442E-02
   0.3225E-02
   0.0000E+00
   0.0000E+00
   0.3072E-02
   0.6138E-02
   0.9189E-02
   0.1222E-01
   0.1522E-01
   0.1818E-01
   0.2111E-01
   0.2398E-01
   0.2680E-01
   0.2955E-01
   0.3224E-01
   0.3485E-01
   0.3738E-01
   0.3982E-01
   0.4217E-01
   0.4442E-01
   0.4657E-01
   0.4861E-01
   0.5053E-01
   0.5234E-01
   0.5402E-01
   0.5558E-01
   0.5701E-01
   0.5830E-01
   0.5946E-01
   0.6048E-01
   0.6136E-01
   0.6210E-01
   0.6269E-01
   0.6313E-01
   0.6343E-01
   0.6358E-01
   0.6358E-01
   0.6343E-01
   0.6313E-01
   0.6269E-01
   0.6210E-01
   0.6136E-01
   0.6048E-01
   0.5946E-01
   0.5830E-01
   0.5701E-01
   0.5558E-01
   0.5402E-01
   0.5234E-01
   0.5053E-01
   0.4861E-01
   0.4657E-01
   0.4442E-01
   0.4217E-01
   0.3982E-01
   0.3738E-01
   0.3485E-01
   0.3224E-01
   0.2955E-01
   0.2680E-01
   0.2398E-01
   0.2111E-01
   0.1818E-01
   0.1522E-01
   0.1222E-01
   0.9189E-02
   0.6138E-02
   0.3072E-02
   0.0000E+00
   0.0000E+00
   0.2928E-02
   0.5848E-02
   0.8755E-02
   0.1164E-01
   0.1450E-01
   0.1733E-01
   0.2011E-01
   0.2285E-01
   0.2553E-01
   0.2816E-01
   0.3072E-01
   0.3321E-01
   0.3562E-01
   0.3794E-01
   0.4018E-01
   0.4233E-01
   0.4437E-01
   0.4631E-01
   0.4815E-01
   0.4987E-01
   0.5147E-01
   0.5296E-01
   0.5432E-01
   0.5555E-01
   0.5666E-01
   0.5763E-01
   0.5847E-01
   0.5917E-01
   0.5973E-01
   0.6015E-01
   0.6044E-01
   0.6058E-01
   0.6058E-01
   0.6044E-01
   0.6015E-01
   0.5973E-01
   0.5917E-01
   0.5847E-01
   0.5763E-01
   0.5666E-01
   0.5555E-01
   0.5432E-01
   0.5296E-01
   0.5147E-01
   0.4987E-01
   0.4815E-01
   0.4631E-01
   0.4437E-01
   0.4233E-01
   0.4018E-01
   0.3794E-01
   0.3562E-01
   0.3321E-01
   0.3072E-01
   0.2816E-01
   0.2553E-01
   0.2285E-01
   0.2011E-01
   0.1733E-01
   0.1450E-01
   0.1164E-01
   0.8755E-02
   0.5848E-02
   0.2928E-02
   0.0000E+00
   0.0000E+00
   0.2789E-02
   0.5572E-02
   0.8342E-02
   0.1109E-01
   0.1382E-01
   0.1651E-01
   0.1916E-01
   0.2177E-01
   0.2433E-01
   0.2683E-01
   0.2927E-01
   0.3164E-01
   0.3394E-01
   0.3615E-01
   0.3829E-01
   0.4033E-01
   0.4228E-01
   0.4413E-01
   0.4588E-01
   0.4752E-01
   0.4905E-01
   0.5046E-01
   0.5176E-01
   0.5293E-01
   0.5399E-01
   0.5491E-01
   0.5571E-01
   0.5638E-01
   0.5691E-01
   0.5732E-01
   0.5759E-01
   0.5772E-01
   0.5772E-01
   0.5759E-01
   0.5732E-01
   0.5691E-01
   0.5638E-01
   0.5571E-01
   0.5491E-01
   0.5399E-01
   0.5293E-01
   0.5176E-01
   0.5046E-01
   0.4905E-01
   0.4752E-01
   0.4588E-01
   0.4413E-01
   0.4228E-01
   0.4033E-01
   0.3829E-01
   0.3615E-01
   0.3394E-01
   0.3164E-01
   0.2927E-01
   0.2683E-01
   0.2433E-01
   0.2177E-01
   0.1916E-01
   0.1651E-01
   0.1382E-01
   0.1109E-01
   0.8342E-02
   0.5572E-02
   0.2789E-02
   0.0000E+00
   0.0000E+00
   0.2658E-02
   0.5310E-02
   0.7949E-02
   0.1057E-01
   0.1317E-01
   0.1573E-01
   0.1826E-01
   0.2075E-01
   0.2318E-01
   0.2557E-01
   0.2789E-01
   0.3015E-01
   0.3234E-01
   0.3445E-01
   0.3648E-01
   0.3843E-01
   0.4029E-01
   0.4205E-01
   0.4371E-01
   0.4528E-01
   0.4673E-01
   0.4808E-01
   0.4932E-01
   0.5044E-01
   0.5144E-01
   0.5232E-01
   0.5308E-01
   0.5372E-01
   0.5423E-01
   0.5461E-01
   0.5487E-01
   0.5500E-01
   0.5500E-01
   0.5487E-01
   0.5461E-01
   0.5423E-01
   0.5372E-01
   0.5308E-01
   0.5232E-01
   0.5144E-01
   0.5044E-01
   0.4932E-01
   0.4808E-01
   0.4673E-01
   0.4528E-01
   0.4371E-01
   0.4205E-01
   0.4029E-01
   0.3843E-01
   0.3648E-01
   0.3445E-01
   0.3234E-01
   0.3015E-01
   0.2789E-01
   0.2557E-01
   0.2318E-01
   0.2075E-01
   0.1826E-01
   0.1573E-01
   0.1317E-01
   0.1057E-01
   0.7949E-02
   0.5310E-02
   0.2658E-02
   0.0000E+00
   0.0000E+00
   0.2533E-02
   0.5059E-02
   0.7574E-02
   0.1007E-01
   0.1255E-01
   0.1499E-01
   0.1740E-01
   0.1977E-01
   0.2209E-01
   0.2436E-01
   0.2658E-01
   0.2873E-01
   0.3081E-01
   0.3283E-01
   0.3476E-01
   0.3662E-01
   0.3839E-01
   0.4007E-01
   0.4165E-01
   0.4314E-01
   0.4453E-01
   0.4581E-01
   0.4699E-01
   0.4806E-01
   0.4901E-01
   0.4986E-01
   0.5058E-01
   0.5119E-01
   0.5167E-01
   0.5204E-01
   0.5228E-01
   0.5241E-01
   0.5241E-01
   0.5228E-01
   0.5204E-01
   0.5167E-01
   0.5119E-01
   0.5058E-01
   0.4986E-01
   0.4901E-01
   0.4806E-01
   0.4699E-01
   0.4581E-01
   0.4453E-01
   0.4314E-01
   0.4165E-01
   0.4007E-01
   0.3839E-01
   0.3662E-01
   0.3476E-01
   0.3283E-01
   0.3081E-01
   0.2873E-01
   0.2658E-01
   0.2436E-01
   0.2209E-01
   0.1977E-01
   0.1740E-01
   0.1499E-01
   0.1255E-01
   0.1007E-01
   0.7574E-02
   0.5059E-02
   0.2533E-02
   0.0000E+00
   0.0000E+00
   0.2413E-02
   0.4821E-02
   0.7217E-02
   0.9597E-02
   0.1195E-01
   0.1428E-01
   0.1658E-01
   0.1884E-01
   0.2105E-01
   0.2321E-01
   0.2532E-01
   0.2737E-01
   0.2936E-01
   0.3128E-01
   0.3312E-01
   0.3489E-01
   0.3658E-01
   0.3818E-01
   0.3969E-01
   0.4111E-01
   0.4243E-01
   0.4365E-01
   0.4478E-01
   0.4579E-01
   0.4670E-01
   0.4750E-01
   0.4820E-01
   0.4877E-01
   0.4924E-01
   0.4959E-01
   0.4982E-01
   0.4994E-01
   0.4994E-01
   0.4982E-01
   0.4959E-01
   0.4924E-01
   0.4877E-01
   0.4820E-01
   0.4750E-01
   0.4670E-01
   0.4579E-01
   0.4478E-01
   0.4365E-01
   0.4243E-01
   0.4111E-01
   0.3969E-01
   0.3818E-01
   0.3658E-01
   0.3489E-01
   0.3312E-01
   0.3128E-01
   0.2936E-01
   0.2737E-01
   0.2532E-01
   0.2321E-01
   0.2105E-01
   0.1884E-01
   0.1658E-01
   0.1428E-01
   0.1195E-01
   0.9597E-02
   0.7217E-02
   0.4821E-02
   0.2413E-02
   0.0000E+00
   0.0000E+00
   0.2299E-02
   0.4594E-02
   0.6877E-02
   0.9144E-02
   0.1139E-01
   0.1361E-01
   0.1580E-01
   0.1795E-01
   0.2006E-01
   0.2212E-01
   0.2413E-01
   0.2608E-01
   0.2798E-01
   0.2980E-01
   0.3156E-01
   0.3325E-01
   0.3485E-01
   0.3638E-01
   0.3782E-01
   0.3917E-01
   0.4043E-01
   0.4160E-01
   0.4267E-01
   0.4363E-01
   0.4450E-01
   0.4527E-01
   0.4592E-01
   0.4647E-01
   0.4692E-01
   0.4725E-01
   0.4747E-01
   0.4758E-01
   0.4758E-01
   0.4747E-01
   0.4725E-01
   0.4692E-01
   0.4647E-01
   0.4592E-01
   0.4527E-01
   0.4450E-01
   0.4363E-01
   0.4267E-01
   0.4160E-01
   0.4043E-01
   0.3917E-01
   0.3782E-01
   0.3638E-01
   0.3485E-01
   0.3325E-01
   0.3156E-01
   0.2980E-01
   0.2798E-01
   0.2608E-01
   0.2413E-01
   0.2212E-01
   0.2006E-01
   0.1795E-01
   0.1580E-01
   0.1361E-01
   0.1139E-01
   0.9144E-02
   0.6877E-02
   0.4594E-02
   0.2299E-02
   0.0000E+00
   0.0000E+00
   0.2191E-02
   0.4377E-02
   0.6553E-02
   0.8713E-02
   0.1085E-01
   0.1297E-01
   0.1505E-01
   0.1710E-01
   0.1911E-01
   0.2108E-01
   0.2299E-01
   0.2485E-01
   0.2666E-01
   0.2840E-01
   0.3007E-01
   0.3168E-01
   0.3321E-01
   0.3466E-01
   0.3604E-01
   0.3732E-01
   0.3852E-01
   0.3964E-01
   0.4065E-01
   0.4158E-01
   0.4240E-01
   0.4313E-01
   0.4376E-01
   0.4428E-01
   0.4470E-01
   0.4502E-01
   0.4523E-01
   0.4534E-01
   0.4534E-01
   0.4523E-01
   0.4502E-01
   0.4470E-01
   0.4428E-01
   0.4376E-01
   0.4313E-01
   0.4240E-01
   0.4158E-01
   0.4065E-01
   0.3964E-01
   0.3852E-01
   0.3732E-01
   0.3604E-01
   0.3466E-01
   0.3321E-01
   0.3168E-01
   0.3007E-01
   0.2840E-01
   0.2666E-01
   0.2485E-01
   0.2299E-01
   0.2108E-01
   0.1911E-01
   0.1710E-01
   0.1505E-01
   0.1297E-01
   0.1085E-01
   0.8713E-02
   0.6553E-02
   0.4377E-02
   0.2191E-02
   0.0000E+00
   0.0000E+00
   0.2088E-02
   0.4171E-02
   0.6244E-02
   0.8303E-02
   0.1034E-01
   0.1236E-01
   0.1434E-01
   0.1630E-01
   0.1821E-01
   0.2008E-01
   0.2191E-01
   0.2368E-01
   0.2540E-01
   0.2706E-01
   0.2866E-01
   0.3019E-01
   0.3164E-01
   0.3303E-01
   0.3434E-01
   0.3556E-01
   0.3671E-01
   0.3777E-01
   0.3874E-01
   0.3962E-01
   0.4041E-01
   0.4110E-01
   0.4170E-01
   0.4220E-01
   0.4260E-01
   0.4290E-01
   0.4310E-01
   0.4320E-01
   0.4320E-01
   0.4310E-01
   0.4290E-01
   0.4260E-01
   0.4220E-01
   0.4170E-01
   0.4110E-01
   0.4041E-01
   0.3962E-01
   0.3874E-01
   0.3777E-01
   0.3671E-01
   0.3556E-01
   0.3434E-01
   0.3303E-01
   0.3164E-01
   0.3019E-01
   0.2866E-01
   0.2706E-01
   0.2540E-01
   0.2368E-01
   0.2191E-01
   0.2008E-01
   0.1821E-01
   0.1630E-01
   0.1434E-01
   0.1236E-01
   0.1034E-01
   0.8303E-02
   0.6244E-02
   0.4171E-02
   0.2088E-02
  -0.3778E-08
