   0.4603E-01
   0.4386E-01
   0.4179E-01
   0.3982E-01
   0.3794E-01
   0.3615E-01
   0.3445E-01
   0.3282E-01
   0.3127E-01
   0.2980E-01
   0.2839E-01
   0.2705E-01
   0.2578E-01
   0.2456E-01
   0.2340E-01
   0.2230E-01
   0.2124E-01
   0.2024E-01
   0.1929E-01
   0.1838E-01
   0.1751E-01
   0.1668E-01
   0.1590E-01
   0.1515E-01
   0.1443E-01
   0.1375E-01
   0.1310E-01
   0.1248E-01
   0.1189E-01
   0.1133E-01
   0.1080E-01
   0.1029E-01
   0.9196E-01
   0.8762E-01
   0.8349E-01
   0.7955E-01
   0.7580E-01
   0.7222E-01
   0.6881E-01
   0.6557E-01
   0.6247E-01
   0.5952E-01
   0.5672E-01
   0.5404E-01
   0.5149E-01
   0.4906E-01
   0.4675E-01
   0.4454E-01
   0.4244E-01
   0.4044E-01
   0.3853E-01
   0.3671E-01
   0.3498E-01
   0.3333E-01
   0.3175E-01
   0.3025E-01
   0.2883E-01
   0.2747E-01
   0.2617E-01
   0.2494E-01
   0.2376E-01
   0.2264E-01
   0.2157E-01
   0.2055E-01
   0.1377E+00
   0.1312E+00
   0.1250E+00
   0.1191E+00
   0.1135E+00
   0.1081E+00
   0.1030E+00
   0.9816E-01
   0.9353E-01
   0.8911E-01
   0.8491E-01
   0.8090E-01
   0.7708E-01
   0.7345E-01
   0.6998E-01
   0.6668E-01
   0.6353E-01
   0.6053E-01
   0.5768E-01
   0.5496E-01
   0.5236E-01
   0.4989E-01
   0.4754E-01
   0.4529E-01
   0.4316E-01
   0.4112E-01
   0.3918E-01
   0.3733E-01
   0.3557E-01
   0.3389E-01
   0.3229E-01
   0.3077E-01
   0.1831E+00
   0.1744E+00
   0.1662E+00
   0.1584E+00
   0.1509E+00
   0.1438E+00
   0.1370E+00
   0.1305E+00
   0.1244E+00
   0.1185E+00
   0.1129E+00
   0.1076E+00
   0.1025E+00
   0.9766E-01
   0.9305E-01
   0.8866E-01
   0.8448E-01
   0.8049E-01
   0.7669E-01
   0.7308E-01
   0.6963E-01
   0.6634E-01
   0.6321E-01
   0.6023E-01
   0.5738E-01
   0.5468E-01
   0.5210E-01
   0.4964E-01
   0.4729E-01
   0.4506E-01
   0.4294E-01
   0.4091E-01
   0.2280E+00
   0.2173E+00
   0.2070E+00
   0.1972E+00
   0.1879E+00
   0.1791E+00
   0.1706E+00
   0.1626E+00
   0.1549E+00
   0.1476E+00
   0.1406E+00
   0.1340E+00
   0.1277E+00
   0.1216E+00
   0.1159E+00
   0.1104E+00
   0.1052E+00
   0.1003E+00
   0.9553E-01
   0.9102E-01
   0.8673E-01
   0.8264E-01
   0.7874E-01
   0.7502E-01
   0.7148E-01
   0.6811E-01
   0.6489E-01
   0.6183E-01
   0.5891E-01
   0.5613E-01
   0.5348E-01
   0.5096E-01
   0.2725E+00
   0.2596E+00
   0.2474E+00
   0.2357E+00
   0.2246E+00
   0.2140E+00
   0.2039E+00
   0.1943E+00
   0.1851E+00
   0.1764E+00
   0.1680E+00
   0.1601E+00
   0.1526E+00
   0.1454E+00
   0.1385E+00
   0.1320E+00
   0.1257E+00
   0.1198E+00
   0.1141E+00
   0.1088E+00
   0.1036E+00
   0.9874E-01
   0.9408E-01
   0.8964E-01
   0.8541E-01
   0.8138E-01
   0.7754E-01
   0.7388E-01
   0.7039E-01
   0.6707E-01
   0.6390E-01
   0.6089E-01
   0.3162E+00
   0.3013E+00
   0.2871E+00
   0.2736E+00
   0.2607E+00
   0.2484E+00
   0.2366E+00
   0.2255E+00
   0.2148E+00
   0.2047E+00
   0.1950E+00
   0.1858E+00
   0.1771E+00
   0.1687E+00
   0.1608E+00
   0.1532E+00
   0.1459E+00
   0.1391E+00
   0.1325E+00
   0.1262E+00
   0.1203E+00
   0.1146E+00
   0.1092E+00
   0.1040E+00
   0.9914E-01
   0.9446E-01
   0.9000E-01
   0.8575E-01
   0.8170E-01
   0.7785E-01
   0.7417E-01
   0.7067E-01
   0.3593E+00
   0.3424E+00
   0.3262E+00
   0.3108E+00
   0.2961E+00
   0.2822E+00
   0.2689E+00
   0.2562E+00
   0.2441E+00
   0.2326E+00
   0.2216E+00
   0.2111E+00
   0.2012E+00
   0.1917E+00
   0.1826E+00
   0.1740E+00
   0.1658E+00
   0.1580E+00
   0.1505E+00
   0.1434E+00
   0.1367E+00
   0.1302E+00
   0.1241E+00
   0.1182E+00
   0.1126E+00
   0.1073E+00
   0.1023E+00
   0.9743E-01
   0.9283E-01
   0.8845E-01
   0.8427E-01
   0.8029E-01
   0.4015E+00
   0.3826E+00
   0.3645E+00
   0.3473E+00
   0.3309E+00
   0.3153E+00
   0.3004E+00
   0.2863E+00
   0.2728E+00
   0.2599E+00
   0.2476E+00
   0.2359E+00
   0.2248E+00
   0.2142E+00
   0.2041E+00
   0.1945E+00
   0.1853E+00
   0.1765E+00
   0.1682E+00
   0.1603E+00
   0.1527E+00
   0.1455E+00
   0.1386E+00
   0.1321E+00
   0.1259E+00
   0.1199E+00
   0.1143E+00
   0.1089E+00
   0.1037E+00
   0.9884E-01
   0.9417E-01
   0.8973E-01
   0.4428E+00
   0.4219E+00
   0.4020E+00
   0.3830E+00
   0.3650E+00
   0.3477E+00
   0.3313E+00
   0.3157E+00
   0.3008E+00
   0.2866E+00
   0.2731E+00
   0.2602E+00
   0.2479E+00
   0.2362E+00
   0.2251E+00
   0.2145E+00
   0.2043E+00
   0.1947E+00
   0.1855E+00
   0.1768E+00
   0.1684E+00
   0.1605E+00
   0.1529E+00
   0.1457E+00
   0.1388E+00
   0.1323E+00
   0.1260E+00
   0.1201E+00
   0.1144E+00
   0.1090E+00
   0.1039E+00
   0.9895E-01
   0.4830E+00
   0.4603E+00
   0.4385E+00
   0.4178E+00
   0.3981E+00
   0.3793E+00
   0.3615E+00
   0.3444E+00
   0.3281E+00
   0.3127E+00
   0.2979E+00
   0.2839E+00
   0.2705E+00
   0.2577E+00
   0.2455E+00
   0.2340E+00
   0.2229E+00
   0.2124E+00
   0.2024E+00
   0.1928E+00
   0.1837E+00
   0.1751E+00
   0.1668E+00
   0.1589E+00
   0.1514E+00
   0.1443E+00
   0.1375E+00
   0.1310E+00
   0.1248E+00
   0.1189E+00
   0.1133E+00
   0.1079E+00
   0.5222E+00
   0.4975E+00
   0.4741E+00
   0.4517E+00
   0.4304E+00
   0.4101E+00
   0.3907E+00
   0.3723E+00
   0.3547E+00
   0.3380E+00
   0.3220E+00
   0.3068E+00
   0.2924E+00
   0.2786E+00
   0.2654E+00
   0.2529E+00
   0.2410E+00
   0.2296E+00
   0.2188E+00
   0.2084E+00
   0.1986E+00
   0.1892E+00
   0.1803E+00
   0.1718E+00
   0.1637E+00
   0.1560E+00
   0.1486E+00
   0.1416E+00
   0.1349E+00
   0.1285E+00
   0.1225E+00
   0.1167E+00
   0.5601E+00
   0.5336E+00
   0.5085E+00
   0.4845E+00
   0.4616E+00
   0.4398E+00
   0.4191E+00
   0.3993E+00
   0.3805E+00
   0.3625E+00
   0.3454E+00
   0.3291E+00
   0.3136E+00
   0.2988E+00
   0.2847E+00
   0.2713E+00
   0.2585E+00
   0.2463E+00
   0.2346E+00
   0.2236E+00
   0.2130E+00
   0.2030E+00
   0.1934E+00
   0.1843E+00
   0.1756E+00
   0.1673E+00
   0.1594E+00
   0.1519E+00
   0.1447E+00
   0.1379E+00
   0.1314E+00
   0.1252E+00
   0.5966E+00
   0.5685E+00
   0.5417E+00
   0.5161E+00
   0.4918E+00
   0.4686E+00
   0.4465E+00
   0.4254E+00
   0.4053E+00
   0.3862E+00
   0.3680E+00
   0.3506E+00
   0.3341E+00
   0.3183E+00
   0.3033E+00
   0.2890E+00
   0.2753E+00
   0.2623E+00
   0.2500E+00
   0.2382E+00
   0.2269E+00
   0.2162E+00
   0.2060E+00
   0.1963E+00
   0.1870E+00
   0.1782E+00
   0.1698E+00
   0.1618E+00
   0.1541E+00
   0.1469E+00
   0.1399E+00
   0.1333E+00
   0.6318E+00
   0.6020E+00
   0.5736E+00
   0.5466E+00
   0.5208E+00
   0.4962E+00
   0.4728E+00
   0.4505E+00
   0.4292E+00
   0.4090E+00
   0.3897E+00
   0.3713E+00
   0.3538E+00
   0.3371E+00
   0.3212E+00
   0.3060E+00
   0.2916E+00
   0.2778E+00
   0.2647E+00
   0.2522E+00
   0.2403E+00
   0.2290E+00
   0.2182E+00
   0.2079E+00
   0.1981E+00
   0.1887E+00
   0.1798E+00
   0.1713E+00
   0.1632E+00
   0.1555E+00
   0.1482E+00
   0.1412E+00
   0.6656E+00
   0.6342E+00
   0.6042E+00
   0.5757E+00
   0.5486E+00
   0.5227E+00
   0.4980E+00
   0.4745E+00
   0.4521E+00
   0.4308E+00
   0.4105E+00
   0.3911E+00
   0.3727E+00
   0.3551E+00
   0.3383E+00
   0.3224E+00
   0.3071E+00
   0.2926E+00
   0.2788E+00
   0.2657E+00
   0.2531E+00
   0.2412E+00
   0.2298E+00
   0.2190E+00
   0.2086E+00
   0.1988E+00
   0.1894E+00
   0.1805E+00
   0.1719E+00
   0.1638E+00
   0.1561E+00
   0.1487E+00
   0.6977E+00
   0.6648E+00
   0.6334E+00
   0.6036E+00
   0.5751E+00
   0.5479E+00
   0.5221E+00
   0.4975E+00
   0.4740E+00
   0.4516E+00
   0.4303E+00
   0.4100E+00
   0.3907E+00
   0.3722E+00
   0.3547E+00
   0.3379E+00
   0.3220E+00
   0.3068E+00
   0.2923E+00
   0.2785E+00
   0.2654E+00
   0.2529E+00
   0.2409E+00
   0.2295E+00
   0.2187E+00
   0.2084E+00
   0.1986E+00
   0.1892E+00
   0.1803E+00
   0.1718E+00
   0.1636E+00
   0.1559E+00
   0.7283E+00
   0.6939E+00
   0.6612E+00
   0.6300E+00
   0.6002E+00
   0.5719E+00
   0.5449E+00
   0.5192E+00
   0.4947E+00
   0.4714E+00
   0.4491E+00
   0.4280E+00
   0.4078E+00
   0.3885E+00
   0.3702E+00
   0.3527E+00
   0.3361E+00
   0.3202E+00
   0.3051E+00
   0.2907E+00
   0.2770E+00
   0.2639E+00
   0.2515E+00
   0.2396E+00
   0.2283E+00
   0.2175E+00
   0.2072E+00
   0.1975E+00
   0.1881E+00
   0.1793E+00
   0.1708E+00
   0.1627E+00
   0.7571E+00
   0.7214E+00
   0.6873E+00
   0.6549E+00
   0.6240E+00
   0.5946E+00
   0.5665E+00
   0.5398E+00
   0.5143E+00
   0.4901E+00
   0.4669E+00
   0.4449E+00
   0.4239E+00
   0.4039E+00
   0.3848E+00
   0.3667E+00
   0.3494E+00
   0.3329E+00
   0.3172E+00
   0.3022E+00
   0.2880E+00
   0.2744E+00
   0.2614E+00
   0.2491E+00
   0.2373E+00
   0.2261E+00
   0.2155E+00
   0.2053E+00
   0.1956E+00
   0.1864E+00
   0.1776E+00
   0.1692E+00
   0.7842E+00
   0.7472E+00
   0.7119E+00
   0.6783E+00
   0.6463E+00
   0.6158E+00
   0.5868E+00
   0.5591E+00
   0.5327E+00
   0.5076E+00
   0.4836E+00
   0.4608E+00
   0.4391E+00
   0.4183E+00
   0.3986E+00
   0.3798E+00
   0.3619E+00
   0.3448E+00
   0.3285E+00
   0.3130E+00
   0.2982E+00
   0.2842E+00
   0.2708E+00
   0.2580E+00
   0.2458E+00
   0.2342E+00
   0.2232E+00
   0.2126E+00
   0.2026E+00
   0.1930E+00
   0.1839E+00
   0.1752E+00
   0.8094E+00
   0.7712E+00
   0.7348E+00
   0.7002E+00
   0.6671E+00
   0.6356E+00
   0.6057E+00
   0.5771E+00
   0.5498E+00
   0.5239E+00
   0.4992E+00
   0.4756E+00
   0.4532E+00
   0.4318E+00
   0.4114E+00
   0.3920E+00
   0.3735E+00
   0.3559E+00
   0.3391E+00
   0.3231E+00
   0.3078E+00
   0.2933E+00
   0.2795E+00
   0.2663E+00
   0.2537E+00
   0.2417E+00
   0.2303E+00
   0.2195E+00
   0.2091E+00
   0.1992E+00
   0.1898E+00
   0.1809E+00
   0.8327E+00
   0.7934E+00
   0.7560E+00
   0.7203E+00
   0.6864E+00
   0.6540E+00
   0.6231E+00
   0.5937E+00
   0.5657E+00
   0.5390E+00
   0.5136E+00
   0.4893E+00
   0.4663E+00
   0.4443E+00
   0.4233E+00
   0.4033E+00
   0.3843E+00
   0.3662E+00
   0.3489E+00
   0.3324E+00
   0.3167E+00
   0.3018E+00
   0.2875E+00
   0.2740E+00
   0.2610E+00
   0.2487E+00
   0.2370E+00
   0.2258E+00
   0.2151E+00
   0.2050E+00
   0.1953E+00
   0.1861E+00
   0.8541E+00
   0.8138E+00
   0.7754E+00
   0.7389E+00
   0.7040E+00
   0.6708E+00
   0.6391E+00
   0.6090E+00
   0.5802E+00
   0.5529E+00
   0.5268E+00
   0.5019E+00
   0.4782E+00
   0.4557E+00
   0.4342E+00
   0.4137E+00
   0.3942E+00
   0.3756E+00
   0.3578E+00
   0.3410E+00
   0.3249E+00
   0.3095E+00
   0.2949E+00
   0.2810E+00
   0.2677E+00
   0.2551E+00
   0.2431E+00
   0.2316E+00
   0.2207E+00
   0.2103E+00
   0.2003E+00
   0.1909E+00
   0.8735E+00
   0.8323E+00
   0.7931E+00
   0.7556E+00
   0.7200E+00
   0.6860E+00
   0.6537E+00
   0.6228E+00
   0.5934E+00
   0.5654E+00
   0.5387E+00
   0.5133E+00
   0.4891E+00
   0.4660E+00
   0.4440E+00
   0.4231E+00
   0.4031E+00
   0.3841E+00
   0.3660E+00
   0.3487E+00
   0.3322E+00
   0.3166E+00
   0.3016E+00
   0.2874E+00
   0.2738E+00
   0.2609E+00
   0.2486E+00
   0.2369E+00
   0.2257E+00
   0.2150E+00
   0.2049E+00
   0.1952E+00
   0.8909E+00
   0.8489E+00
   0.8088E+00
   0.7707E+00
   0.7343E+00
   0.6997E+00
   0.6666E+00
   0.6352E+00
   0.6052E+00
   0.5767E+00
   0.5495E+00
   0.5235E+00
   0.4988E+00
   0.4753E+00
   0.4529E+00
   0.4315E+00
   0.4111E+00
   0.3917E+00
   0.3732E+00
   0.3556E+00
   0.3389E+00
   0.3229E+00
   0.3076E+00
   0.2931E+00
   0.2793E+00
   0.2661E+00
   0.2535E+00
   0.2416E+00
   0.2302E+00
   0.2193E+00
   0.2090E+00
   0.1991E+00
   0.9062E+00
   0.8634E+00
   0.8227E+00
   0.7839E+00
   0.7469E+00
   0.7117E+00
   0.6781E+00
   0.6461E+00
   0.6156E+00
   0.5866E+00
   0.5589E+00
   0.5325E+00
   0.5074E+00
   0.4834E+00
   0.4606E+00
   0.4389E+00
   0.4182E+00
   0.3985E+00
   0.3796E+00
   0.3617E+00
   0.3447E+00
   0.3284E+00
   0.3129E+00
   0.2981E+00
   0.2841E+00
   0.2707E+00
   0.2579E+00
   0.2457E+00
   0.2341E+00
   0.2231E+00
   0.2125E+00
   0.2025E+00
   0.9194E+00
   0.8760E+00
   0.8347E+00
   0.7953E+00
   0.7578E+00
   0.7220E+00
   0.6879E+00
   0.6555E+00
   0.6246E+00
   0.5951E+00
   0.5670E+00
   0.5402E+00
   0.5148E+00
   0.4905E+00
   0.4673E+00
   0.4453E+00
   0.4243E+00
   0.4042E+00
   0.3852E+00
   0.3670E+00
   0.3497E+00
   0.3332E+00
   0.3174E+00
   0.3025E+00
   0.2882E+00
   0.2746E+00
   0.2616E+00
   0.2493E+00
   0.2375E+00
   0.2263E+00
   0.2156E+00
   0.2055E+00
   0.9304E+00
   0.8865E+00
   0.8447E+00
   0.8048E+00
   0.7668E+00
   0.7307E+00
   0.6962E+00
   0.6633E+00
   0.6320E+00
   0.6022E+00
   0.5738E+00
   0.5467E+00
   0.5209E+00
   0.4963E+00
   0.4729E+00
   0.4506E+00
   0.4293E+00
   0.4091E+00
   0.3898E+00
   0.3714E+00
   0.3539E+00
   0.3372E+00
   0.3213E+00
   0.3061E+00
   0.2916E+00
   0.2779E+00
   0.2648E+00
   0.2523E+00
   0.2404E+00
   0.2290E+00
   0.2182E+00
   0.2079E+00
   0.9392E+00
   0.8949E+00
   0.8527E+00
   0.8125E+00
   0.7741E+00
   0.7376E+00
   0.7028E+00
   0.6696E+00
   0.6380E+00
   0.6079E+00
   0.5793E+00
   0.5519E+00
   0.5259E+00
   0.5011E+00
   0.4774E+00
   0.4549E+00
   0.4334E+00
   0.4130E+00
   0.3935E+00
   0.3749E+00
   0.3572E+00
   0.3404E+00
   0.3243E+00
   0.3090E+00
   0.2944E+00
   0.2805E+00
   0.2673E+00
   0.2547E+00
   0.2427E+00
   0.2312E+00
   0.2203E+00
   0.2099E+00
   0.9459E+00
   0.9012E+00
   0.8587E+00
   0.8182E+00
   0.7796E+00
   0.7428E+00
   0.7078E+00
   0.6744E+00
   0.6426E+00
   0.6122E+00
   0.5834E+00
   0.5558E+00
   0.5296E+00
   0.5046E+00
   0.4808E+00
   0.4581E+00
   0.4365E+00
   0.4159E+00
   0.3963E+00
   0.3776E+00
   0.3598E+00
   0.3428E+00
   0.3266E+00
   0.3112E+00
   0.2965E+00
   0.2825E+00
   0.2692E+00
   0.2565E+00
   0.2444E+00
   0.2328E+00
   0.2218E+00
   0.2114E+00
   0.9503E+00
   0.9055E+00
   0.8628E+00
   0.8221E+00
   0.7833E+00
   0.7463E+00
   0.7111E+00
   0.6776E+00
   0.6456E+00
   0.6151E+00
   0.5861E+00
   0.5584E+00
   0.5321E+00
   0.5070E+00
   0.4831E+00
   0.4603E+00
   0.4386E+00
   0.4179E+00
   0.3981E+00
   0.3794E+00
   0.3614E+00
   0.3444E+00
   0.3281E+00
   0.3127E+00
   0.2979E+00
   0.2838E+00
   0.2704E+00
   0.2577E+00
   0.2455E+00
   0.2339E+00
   0.2229E+00
   0.2124E+00
   0.9525E+00
   0.9076E+00
   0.8648E+00
   0.8240E+00
   0.7851E+00
   0.7481E+00
   0.7128E+00
   0.6791E+00
   0.6471E+00
   0.6166E+00
   0.5875E+00
   0.5598E+00
   0.5333E+00
   0.5082E+00
   0.4842E+00
   0.4613E+00
   0.4396E+00
   0.4188E+00
   0.3991E+00
   0.3802E+00
   0.3623E+00
   0.3452E+00
   0.3289E+00
   0.3134E+00
   0.2986E+00
   0.2845E+00
   0.2711E+00
   0.2583E+00
   0.2461E+00
   0.2345E+00
   0.2234E+00
   0.2129E+00
   0.9525E+00
   0.9076E+00
   0.8648E+00
   0.8240E+00
   0.7851E+00
   0.7481E+00
   0.7128E+00
   0.6791E+00
   0.6471E+00
   0.6166E+00
   0.5875E+00
   0.5598E+00
   0.5333E+00
   0.5082E+00
   0.4842E+00
   0.4613E+00
   0.4396E+00
   0.4188E+00
   0.3991E+00
   0.3802E+00
   0.3623E+00
   0.3452E+00
   0.3289E+00
   0.3134E+00
   0.2986E+00
   0.2845E+00
   0.2711E+00
   0.2583E+00
   0.2461E+00
   0.2345E+00
   0.2234E+00
   0.2129E+00
   0.9503E+00
   0.9055E+00
   0.8628E+00
   0.8221E+00
   0.7833E+00
   0.7463E+00
   0.7111E+00
   0.6776E+00
   0.6456E+00
   0.6151E+00
   0.5861E+00
   0.5584E+00
   0.5321E+00
   0.5070E+00
   0.4831E+00
   0.4603E+00
   0.4386E+00
   0.4179E+00
   0.3981E+00
   0.3794E+00
   0.3614E+00
   0.3444E+00
   0.3281E+00
   0.3127E+00
   0.2979E+00
   0.2838E+00
   0.2704E+00
   0.2577E+00
   0.2455E+00
   0.2339E+00
   0.2229E+00
   0.2124E+00
   0.9459E+00
   0.9012E+00
   0.8587E+00
   0.8182E+00
   0.7796E+00
   0.7428E+00
   0.7078E+00
   0.6744E+00
   0.6426E+00
   0.6122E+00
   0.5834E+00
   0.5558E+00
   0.5296E+00
   0.5046E+00
   0.4808E+00
   0.4581E+00
   0.4365E+00
   0.4159E+00
   0.3963E+00
   0.3776E+00
   0.3598E+00
   0.3428E+00
   0.3266E+00
   0.3112E+00
   0.2965E+00
   0.2825E+00
   0.2692E+00
   0.2565E+00
   0.2444E+00
   0.2328E+00
   0.2218E+00
   0.2114E+00
   0.9392E+00
   0.8949E+00
   0.8527E+00
   0.8125E+00
   0.7741E+00
   0.7376E+00
   0.7028E+00
   0.6696E+00
   0.6380E+00
   0.6079E+00
   0.5793E+00
   0.5519E+00
   0.5259E+00
   0.5011E+00
   0.4774E+00
   0.4549E+00
   0.4334E+00
   0.4130E+00
   0.3935E+00
   0.3749E+00
   0.3572E+00
   0.3404E+00
   0.3243E+00
   0.3090E+00
   0.2944E+00
   0.2805E+00
   0.2673E+00
   0.2547E+00
   0.2427E+00
   0.2312E+00
   0.2203E+00
   0.2099E+00
   0.9304E+00
   0.8865E+00
   0.8447E+00
   0.8048E+00
   0.7668E+00
   0.7307E+00
   0.6962E+00
   0.6633E+00
   0.6320E+00
   0.6022E+00
   0.5738E+00
   0.5467E+00
   0.5209E+00
   0.4963E+00
   0.4729E+00
   0.4506E+00
   0.4293E+00
   0.4091E+00
   0.3898E+00
   0.3714E+00
   0.3539E+00
   0.3372E+00
   0.3213E+00
   0.3061E+00
   0.2916E+00
   0.2779E+00
   0.2648E+00
   0.2523E+00
   0.2404E+00
   0.2290E+00
   0.2182E+00
   0.2079E+00
   0.9194E+00
   0.8760E+00
   0.8347E+00
   0.7953E+00
   0.7578E+00
   0.7220E+00
   0.6879E+00
   0.6555E+00
   0.6246E+00
   0.5951E+00
   0.5670E+00
   0.5402E+00
   0.5148E+00
   0.4905E+00
   0.4673E+00
   0.4453E+00
   0.4243E+00
   0.4042E+00
   0.3852E+00
   0.3670E+00
   0.3497E+00
   0.3332E+00
   0.3174E+00
   0.3025E+00
   0.2882E+00
   0.2746E+00
   0.2616E+00
   0.2493E+00
   0.2375E+00
   0.2263E+00
   0.2156E+00
   0.2055E+00
   0.9062E+00
   0.8634E+00
   0.8227E+00
   0.7839E+00
   0.7469E+00
   0.7117E+00
   0.6781E+00
   0.6461E+00
   0.6156E+00
   0.5866E+00
   0.5589E+00
   0.5325E+00
   0.5074E+00
   0.4834E+00
   0.4606E+00
   0.4389E+00
   0.4182E+00
   0.3985E+00
   0.3796E+00
   0.3617E+00
   0.3447E+00
   0.3284E+00
   0.3129E+00
   0.2981E+00
   0.2841E+00
   0.2707E+00
   0.2579E+00
   0.2457E+00
   0.2341E+00
   0.2231E+00
   0.2125E+00
   0.2025E+00
   0.8909E+00
   0.8489E+00
   0.8088E+00
   0.7707E+00
   0.7343E+00
   0.6997E+00
   0.6666E+00
   0.6352E+00
   0.6052E+00
   0.5767E+00
   0.5495E+00
   0.5235E+00
   0.4988E+00
   0.4753E+00
   0.4529E+00
   0.4315E+00
   0.4111E+00
   0.3917E+00
   0.3732E+00
   0.3556E+00
   0.3389E+00
   0.3229E+00
   0.3076E+00
   0.2931E+00
   0.2793E+00
   0.2661E+00
   0.2535E+00
   0.2416E+00
   0.2302E+00
   0.2193E+00
   0.2090E+00
   0.1991E+00
   0.8735E+00
   0.8323E+00
   0.7931E+00
   0.7556E+00
   0.7200E+00
   0.6860E+00
   0.6537E+00
   0.6228E+00
   0.5934E+00
   0.5654E+00
   0.5387E+00
   0.5133E+00
   0.4891E+00
   0.4660E+00
   0.4440E+00
   0.4231E+00
   0.4031E+00
   0.3841E+00
   0.3660E+00
   0.3487E+00
   0.3322E+00
   0.3166E+00
   0.3016E+00
   0.2874E+00
   0.2738E+00
   0.2609E+00
   0.2486E+00
   0.2369E+00
   0.2257E+00
   0.2150E+00
   0.2049E+00
   0.1952E+00
   0.8541E+00
   0.8138E+00
   0.7754E+00
   0.7389E+00
   0.7040E+00
   0.6708E+00
   0.6391E+00
   0.6090E+00
   0.5802E+00
   0.5529E+00
   0.5268E+00
   0.5019E+00
   0.4782E+00
   0.4557E+00
   0.4342E+00
   0.4137E+00
   0.3942E+00
   0.3756E+00
   0.3578E+00
   0.3410E+00
   0.3249E+00
   0.3095E+00
   0.2949E+00
   0.2810E+00
   0.2677E+00
   0.2551E+00
   0.2431E+00
   0.2316E+00
   0.2207E+00
   0.2103E+00
   0.2003E+00
   0.1909E+00
   0.8327E+00
   0.7934E+00
   0.7560E+00
   0.7203E+00
   0.6864E+00
   0.6540E+00
   0.6231E+00
   0.5937E+00
   0.5657E+00
   0.5390E+00
   0.5136E+00
   0.4893E+00
   0.4663E+00
   0.4443E+00
   0.4233E+00
   0.4033E+00
   0.3843E+00
   0.3662E+00
   0.3489E+00
   0.3324E+00
   0.3167E+00
   0.3018E+00
   0.2875E+00
   0.2740E+00
   0.2610E+00
   0.2487E+00
   0.2370E+00
   0.2258E+00
   0.2151E+00
   0.2050E+00
   0.1953E+00
   0.1861E+00
   0.8094E+00
   0.7712E+00
   0.7348E+00
   0.7002E+00
   0.6671E+00
   0.6356E+00
   0.6057E+00
   0.5771E+00
   0.5498E+00
   0.5239E+00
   0.4992E+00
   0.4756E+00
   0.4532E+00
   0.4318E+00
   0.4114E+00
   0.3920E+00
   0.3735E+00
   0.3559E+00
   0.3391E+00
   0.3231E+00
   0.3078E+00
   0.2933E+00
   0.2795E+00
   0.2663E+00
   0.2537E+00
   0.2417E+00
   0.2303E+00
   0.2195E+00
   0.2091E+00
   0.1992E+00
   0.1898E+00
   0.1809E+00
   0.7842E+00
   0.7472E+00
   0.7119E+00
   0.6783E+00
   0.6463E+00
   0.6158E+00
   0.5868E+00
   0.5591E+00
   0.5327E+00
   0.5076E+00
   0.4836E+00
   0.4608E+00
   0.4391E+00
   0.4183E+00
   0.3986E+00
   0.3798E+00
   0.3619E+00
   0.3448E+00
   0.3285E+00
   0.3130E+00
   0.2982E+00
   0.2842E+00
   0.2708E+00
   0.2580E+00
   0.2458E+00
   0.2342E+00
   0.2232E+00
   0.2126E+00
   0.2026E+00
   0.1930E+00
   0.1839E+00
   0.1752E+00
   0.7571E+00
   0.7214E+00
   0.6873E+00
   0.6549E+00
   0.6240E+00
   0.5946E+00
   0.5665E+00
   0.5398E+00
   0.5143E+00
   0.4901E+00
   0.4669E+00
   0.4449E+00
   0.4239E+00
   0.4039E+00
   0.3848E+00
   0.3667E+00
   0.3494E+00
   0.3329E+00
   0.3172E+00
   0.3022E+00
   0.2880E+00
   0.2744E+00
   0.2614E+00
   0.2491E+00
   0.2373E+00
   0.2261E+00
   0.2155E+00
   0.2053E+00
   0.1956E+00
   0.1864E+00
   0.1776E+00
   0.1692E+00
   0.7283E+00
   0.6939E+00
   0.6612E+00
   0.6300E+00
   0.6002E+00
   0.5719E+00
   0.5449E+00
   0.5192E+00
   0.4947E+00
   0.4714E+00
   0.4491E+00
   0.4280E+00
   0.4078E+00
   0.3885E+00
   0.3702E+00
   0.3527E+00
   0.3361E+00
   0.3202E+00
   0.3051E+00
   0.2907E+00
   0.2770E+00
   0.2639E+00
   0.2515E+00
   0.2396E+00
   0.2283E+00
   0.2175E+00
   0.2072E+00
   0.1975E+00
   0.1881E+00
   0.1793E+00
   0.1708E+00
   0.1627E+00
   0.6977E+00
   0.6648E+00
   0.6334E+00
   0.6036E+00
   0.5751E+00
   0.5479E+00
   0.5221E+00
   0.4975E+00
   0.4740E+00
   0.4516E+00
   0.4303E+00
   0.4100E+00
   0.3907E+00
   0.3722E+00
   0.3547E+00
   0.3379E+00
   0.3220E+00
   0.3068E+00
   0.2923E+00
   0.2785E+00
   0.2654E+00
   0.2529E+00
   0.2409E+00
   0.2295E+00
   0.2187E+00
   0.2084E+00
   0.1986E+00
   0.1892E+00
   0.1803E+00
   0.1718E+00
   0.1636E+00
   0.1559E+00
   0.6656E+00
   0.6342E+00
   0.6042E+00
   0.5757E+00
   0.5486E+00
   0.5227E+00
   0.4980E+00
   0.4745E+00
   0.4521E+00
   0.4308E+00
   0.4105E+00
   0.3911E+00
   0.3727E+00
   0.3551E+00
   0.3383E+00
   0.3224E+00
   0.3071E+00
   0.2926E+00
   0.2788E+00
   0.2657E+00
   0.2531E+00
   0.2412E+00
   0.2298E+00
   0.2190E+00
   0.2086E+00
   0.1988E+00
   0.1894E+00
   0.1805E+00
   0.1719E+00
   0.1638E+00
   0.1561E+00
   0.1487E+00
   0.6318E+00
   0.6020E+00
   0.5736E+00
   0.5466E+00
   0.5208E+00
   0.4962E+00
   0.4728E+00
   0.4505E+00
   0.4292E+00
   0.4090E+00
   0.3897E+00
   0.3713E+00
   0.3538E+00
   0.3371E+00
   0.3212E+00
   0.3060E+00
   0.2916E+00
   0.2778E+00
   0.2647E+00
   0.2522E+00
   0.2403E+00
   0.2290E+00
   0.2182E+00
   0.2079E+00
   0.1981E+00
   0.1887E+00
   0.1798E+00
   0.1713E+00
   0.1632E+00
   0.1555E+00
   0.1482E+00
   0.1412E+00
   0.5966E+00
   0.5685E+00
   0.5417E+00
   0.5161E+00
   0.4918E+00
   0.4686E+00
   0.4465E+00
   0.4254E+00
   0.4053E+00
   0.3862E+00
   0.3680E+00
   0.3506E+00
   0.3341E+00
   0.3183E+00
   0.3033E+00
   0.2890E+00
   0.2753E+00
   0.2623E+00
   0.2500E+00
   0.2382E+00
   0.2269E+00
   0.2162E+00
   0.2060E+00
   0.1963E+00
   0.1870E+00
   0.1782E+00
   0.1698E+00
   0.1618E+00
   0.1541E+00
   0.1469E+00
   0.1399E+00
   0.1333E+00
   0.5601E+00
   0.5336E+00
   0.5085E+00
   0.4845E+00
   0.4616E+00
   0.4398E+00
   0.4191E+00
   0.3993E+00
   0.3805E+00
   0.3625E+00
   0.3454E+00
   0.3291E+00
   0.3136E+00
   0.2988E+00
   0.2847E+00
   0.2713E+00
   0.2585E+00
   0.2463E+00
   0.2346E+00
   0.2236E+00
   0.2130E+00
   0.2030E+00
   0.1934E+00
   0.1843E+00
   0.1756E+00
   0.1673E+00
   0.1594E+00
   0.1519E+00
   0.1447E+00
   0.1379E+00
   0.1314E+00
   0.1252E+00
   0.5222E+00
   0.4975E+00
   0.4741E+00
   0.4517E+00
   0.4304E+00
   0.4101E+00
   0.3907E+00
   0.3723E+00
   0.3547E+00
   0.3380E+00
   0.3220E+00
   0.3068E+00
   0.2924E+00
   0.2786E+00
   0.2654E+00
   0.2529E+00
   0.2410E+00
   0.2296E+00
   0.2188E+00
   0.2084E+00
   0.1986E+00
   0.1892E+00
   0.1803E+00
   0.1718E+00
   0.1637E+00
   0.1560E+00
   0.1486E+00
   0.1416E+00
   0.1349E+00
   0.1285E+00
   0.1225E+00
   0.1167E+00
   0.4830E+00
   0.4603E+00
   0.4385E+00
   0.4178E+00
   0.3981E+00
   0.3793E+00
   0.3615E+00
   0.3444E+00
   0.3281E+00
   0.3127E+00
   0.2979E+00
   0.2839E+00
   0.2705E+00
   0.2577E+00
   0.2455E+00
   0.2340E+00
   0.2229E+00
   0.2124E+00
   0.2024E+00
   0.1928E+00
   0.1837E+00
   0.1751E+00
   0.1668E+00
   0.1589E+00
   0.1514E+00
   0.1443E+00
   0.1375E+00
   0.1310E+00
   0.1248E+00
   0.1189E+00
   0.1133E+00
   0.1079E+00
   0.4428E+00
   0.4219E+00
   0.4020E+00
   0.3830E+00
   0.3650E+00
   0.3477E+00
   0.3313E+00
   0.3157E+00
   0.3008E+00
   0.2866E+00
   0.2731E+00
   0.2602E+00
   0.2479E+00
   0.2362E+00
   0.2251E+00
   0.2145E+00
   0.2043E+00
   0.1947E+00
   0.1855E+00
   0.1768E+00
   0.1684E+00
   0.1605E+00
   0.1529E+00
   0.1457E+00
   0.1388E+00
   0.1323E+00
   0.1260E+00
   0.1201E+00
   0.1144E+00
   0.1090E+00
   0.1039E+00
   0.9895E-01
   0.4015E+00
   0.3826E+00
   0.3645E+00
   0.3473E+00
   0.3309E+00
   0.3153E+00
   0.3004E+00
   0.2863E+00
   0.2728E+00
   0.2599E+00
   0.2476E+00
   0.2359E+00
   0.2248E+00
   0.2142E+00
   0.2041E+00
   0.1945E+00
   0.1853E+00
   0.1765E+00
   0.1682E+00
   0.1603E+00
   0.1527E+00
   0.1455E+00
   0.1386E+00
   0.1321E+00
   0.1259E+00
   0.1199E+00
   0.1143E+00
   0.1089E+00
   0.1037E+00
   0.9884E-01
   0.9417E-01
   0.8973E-01
   0.3593E+00
   0.3424E+00
   0.3262E+00
   0.3108E+00
   0.2961E+00
   0.2822E+00
   0.2689E+00
   0.2562E+00
   0.2441E+00
   0.2326E+00
   0.2216E+00
   0.2111E+00
   0.2012E+00
   0.1917E+00
   0.1826E+00
   0.1740E+00
   0.1658E+00
   0.1580E+00
   0.1505E+00
   0.1434E+00
   0.1367E+00
   0.1302E+00
   0.1241E+00
   0.1182E+00
   0.1126E+00
   0.1073E+00
   0.1023E+00
   0.9743E-01
   0.9283E-01
   0.8845E-01
   0.8427E-01
   0.8029E-01
   0.3162E+00
   0.3013E+00
   0.2871E+00
   0.2736E+00
   0.2607E+00
   0.2484E+00
   0.2366E+00
   0.2255E+00
   0.2148E+00
   0.2047E+00
   0.1950E+00
   0.1858E+00
   0.1771E+00
   0.1687E+00
   0.1608E+00
   0.1532E+00
   0.1459E+00
   0.1391E+00
   0.1325E+00
   0.1262E+00
   0.1203E+00
   0.1146E+00
   0.1092E+00
   0.1040E+00
   0.9914E-01
   0.9446E-01
   0.9000E-01
   0.8575E-01
   0.8170E-01
   0.7785E-01
   0.7417E-01
   0.7067E-01
   0.2725E+00
   0.2596E+00
   0.2474E+00
   0.2357E+00
   0.2246E+00
   0.2140E+00
   0.2039E+00
   0.1943E+00
   0.1851E+00
   0.1764E+00
   0.1680E+00
   0.1601E+00
   0.1526E+00
   0.1454E+00
   0.1385E+00
   0.1320E+00
   0.1257E+00
   0.1198E+00
   0.1141E+00
   0.1088E+00
   0.1036E+00
   0.9874E-01
   0.9408E-01
   0.8964E-01
   0.8541E-01
   0.8138E-01
   0.7754E-01
   0.7388E-01
   0.7039E-01
   0.6707E-01
   0.6390E-01
   0.6089E-01
   0.2280E+00
   0.2173E+00
   0.2070E+00
   0.1972E+00
   0.1879E+00
   0.1791E+00
   0.1706E+00
   0.1626E+00
   0.1549E+00
   0.1476E+00
   0.1406E+00
   0.1340E+00
   0.1277E+00
   0.1216E+00
   0.1159E+00
   0.1104E+00
   0.1052E+00
   0.1003E+00
   0.9553E-01
   0.9102E-01
   0.8673E-01
   0.8264E-01
   0.7874E-01
   0.7502E-01
   0.7148E-01
   0.6811E-01
   0.6489E-01
   0.6183E-01
   0.5891E-01
   0.5613E-01
   0.5348E-01
   0.5096E-01
   0.1831E+00
   0.1744E+00
   0.1662E+00
   0.1584E+00
   0.1509E+00
   0.1438E+00
   0.1370E+00
   0.1305E+00
   0.1244E+00
   0.1185E+00
   0.1129E+00
   0.1076E+00
   0.1025E+00
   0.9766E-01
   0.9305E-01
   0.8866E-01
   0.8448E-01
   0.8049E-01
   0.7669E-01
   0.7308E-01
   0.6963E-01
   0.6634E-01
   0.6321E-01
   0.6023E-01
   0.5738E-01
   0.5468E-01
   0.5210E-01
   0.4964E-01
   0.4729E-01
   0.4506E-01
   0.4294E-01
   0.4091E-01
   0.1377E+00
   0.1312E+00
   0.1250E+00
   0.1191E+00
   0.1135E+00
   0.1081E+00
   0.1030E+00
   0.9816E-01
   0.9353E-01
   0.8911E-01
   0.8491E-01
   0.8090E-01
   0.7708E-01
   0.7345E-01
   0.6998E-01
   0.6668E-01
   0.6353E-01
   0.6053E-01
   0.5768E-01
   0.5496E-01
   0.5236E-01
   0.4989E-01
   0.4754E-01
   0.4529E-01
   0.4316E-01
   0.4112E-01
   0.3918E-01
   0.3733E-01
   0.3557E-01
   0.3389E-01
   0.3229E-01
   0.3077E-01
   0.9196E-01
   0.8762E-01
   0.8349E-01
   0.7955E-01
   0.7580E-01
   0.7222E-01
   0.6881E-01
   0.6557E-01
   0.6247E-01
   0.5952E-01
   0.5672E-01
   0.5404E-01
   0.5149E-01
   0.4906E-01
   0.4675E-01
   0.4454E-01
   0.4244E-01
   0.4044E-01
   0.3853E-01
   0.3671E-01
   0.3498E-01
   0.3333E-01
   0.3175E-01
   0.3025E-01
   0.2883E-01
   0.2747E-01
   0.2617E-01
   0.2494E-01
   0.2376E-01
   0.2264E-01
   0.2157E-01
   0.2055E-01
   0.4603E-01
   0.4386E-01
   0.4179E-01
   0.3982E-01
   0.3794E-01
   0.3615E-01
   0.3445E-01
   0.3282E-01
   0.3127E-01
   0.2980E-01
   0.2839E-01
   0.2705E-01
   0.2578E-01
   0.2456E-01
   0.2340E-01
   0.2230E-01
   0.2124E-01
   0.2024E-01
   0.1929E-01
   0.1838E-01
   0.1751E-01
   0.1668E-01
   0.1590E-01
   0.1515E-01
   0.1443E-01
   0.1375E-01
   0.1310E-01
   0.1248E-01
   0.1189E-01
   0.1133E-01
   0.1080E-01
   0.1029E-01
