   0.1528E+00
   0.1270E+00
   0.1055E+00
   0.8768E-01
   0.7283E-01
   0.6049E-01
   0.5023E-01
   0.4170E-01
   0.3003E+00
   0.2496E+00
   0.2075E+00
   0.1724E+00
   0.1432E+00
   0.1189E+00
   0.9875E-01
   0.8198E-01
   0.4376E+00
   0.3638E+00
   0.3023E+00
   0.2512E+00
   0.2087E+00
   0.1733E+00
   0.1439E+00
   0.1195E+00
   0.5601E+00
   0.4655E+00
   0.3869E+00
   0.3215E+00
   0.2670E+00
   0.2218E+00
   0.1842E+00
   0.1529E+00
   0.6634E+00
   0.5514E+00
   0.4583E+00
   0.3808E+00
   0.3163E+00
   0.2627E+00
   0.2181E+00
   0.1811E+00
   0.7442E+00
   0.6186E+00
   0.5141E+00
   0.4271E+00
   0.3548E+00
   0.2947E+00
   0.2447E+00
   0.2032E+00
   0.7996E+00
   0.6646E+00
   0.5524E+00
   0.4589E+00
   0.3812E+00
   0.3166E+00
   0.2629E+00
   0.2183E+00
   0.8278E+00
   0.6881E+00
   0.5718E+00
   0.4751E+00
   0.3947E+00
   0.3278E+00
   0.2722E+00
   0.2260E+00
   0.8278E+00
   0.6881E+00
   0.5718E+00
   0.4751E+00
   0.3947E+00
   0.3278E+00
   0.2722E+00
   0.2260E+00
   0.7996E+00
   0.6646E+00
   0.5524E+00
   0.4589E+00
   0.3812E+00
   0.3166E+00
   0.2629E+00
   0.2183E+00
   0.7442E+00
   0.6186E+00
   0.5141E+00
   0.4271E+00
   0.3548E+00
   0.2947E+00
   0.2447E+00
   0.2032E+00
   0.6634E+00
   0.5514E+00
   0.4583E+00
   0.3808E+00
   0.3163E+00
   0.2627E+00
   0.2181E+00
   0.1811E+00
   0.5601E+00
   0.4655E+00
   0.3869E+00
   0.3215E+00
   0.2670E+00
   0.2218E+00
   0.1842E+00
   0.1529E+00
   0.4376E+00
   0.3638E+00
   0.3023E+00
   0.2512E+00
   0.2087E+00
   0.1733E+00
   0.1439E+00
   0.1195E+00
   0.3003E+00
   0.2496E+00
   0.2075E+00
   0.1724E+00
   0.1432E+00
   0.1189E+00
   0.9875E-01
   0.8198E-01
   0.1528E+00
   0.1270E+00
   0.1055E+00
   0.8768E-01
   0.7283E-01
   0.6049E-01
   0.5023E-01
   0.4170E-01
