   0.1833E-01
   0.1662E-01
   0.1508E-01
   0.1367E-01
   0.1241E-01
   0.1126E-01
   0.1022E-01
   0.9287E-02
   0.8442E-02
   0.7680E-02
   0.6993E-02
   0.6376E-02
   0.5820E-02
   0.5320E-02
   0.4872E-02
   0.4469E-02
   0.3649E-01
   0.3310E-01
   0.3002E-01
   0.2723E-01
   0.2470E-01
   0.2242E-01
   0.2035E-01
   0.1849E-01
   0.1681E-01
   0.1529E-01
   0.1392E-01
   0.1269E-01
   0.1159E-01
   0.1059E-01
   0.9699E-02
   0.8898E-02
   0.5433E-01
   0.4927E-01
   0.4468E-01
   0.4053E-01
   0.3677E-01
   0.3337E-01
   0.3030E-01
   0.2752E-01
   0.2502E-01
   0.2276E-01
   0.2073E-01
   0.1890E-01
   0.1725E-01
   0.1577E-01
   0.1444E-01
   0.1325E-01
   0.7167E-01
   0.6499E-01
   0.5895E-01
   0.5347E-01
   0.4851E-01
   0.4402E-01
   0.3997E-01
   0.3631E-01
   0.3301E-01
   0.3003E-01
   0.2734E-01
   0.2493E-01
   0.2275E-01
   0.2080E-01
   0.1905E-01
   0.1747E-01
   0.8836E-01
   0.8013E-01
   0.7268E-01
   0.6592E-01
   0.5981E-01
   0.5428E-01
   0.4928E-01
   0.4477E-01
   0.4069E-01
   0.3702E-01
   0.3371E-01
   0.3073E-01
   0.2805E-01
   0.2565E-01
   0.2348E-01
   0.2154E-01
   0.1043E+00
   0.9454E-01
   0.8575E-01
   0.7778E-01
   0.7056E-01
   0.6404E-01
   0.5814E-01
   0.5282E-01
   0.4801E-01
   0.4368E-01
   0.3978E-01
   0.3626E-01
   0.3310E-01
   0.3026E-01
   0.2771E-01
   0.2542E-01
   0.1192E+00
   0.1081E+00
   0.9804E-01
   0.8893E-01
   0.8068E-01
   0.7322E-01
   0.6648E-01
   0.6039E-01
   0.5490E-01
   0.4994E-01
   0.4548E-01
   0.4146E-01
   0.3785E-01
   0.3460E-01
   0.3168E-01
   0.2906E-01
   0.1331E+00
   0.1207E+00
   0.1094E+00
   0.9928E-01
   0.9007E-01
   0.8174E-01
   0.7422E-01
   0.6742E-01
   0.6128E-01
   0.5575E-01
   0.5077E-01
   0.4628E-01
   0.4225E-01
   0.3862E-01
   0.3537E-01
   0.3244E-01
   0.1457E+00
   0.1322E+00
   0.1199E+00
   0.1087E+00
   0.9864E-01
   0.8952E-01
   0.8128E-01
   0.7383E-01
   0.6712E-01
   0.6106E-01
   0.5560E-01
   0.5069E-01
   0.4627E-01
   0.4230E-01
   0.3873E-01
   0.3553E-01
   0.1571E+00
   0.1424E+00
   0.1292E+00
   0.1172E+00
   0.1063E+00
   0.9649E-01
   0.8760E-01
   0.7958E-01
   0.7234E-01
   0.6581E-01
   0.5993E-01
   0.5463E-01
   0.4987E-01
   0.4559E-01
   0.4175E-01
   0.3830E-01
   0.1670E+00
   0.1514E+00
   0.1374E+00
   0.1246E+00
   0.1130E+00
   0.1026E+00
   0.9314E-01
   0.8461E-01
   0.7691E-01
   0.6997E-01
   0.6371E-01
   0.5809E-01
   0.5302E-01
   0.4847E-01
   0.4438E-01
   0.4072E-01
   0.1754E+00
   0.1591E+00
   0.1443E+00
   0.1309E+00
   0.1187E+00
   0.1077E+00
   0.9783E-01
   0.8887E-01
   0.8078E-01
   0.7349E-01
   0.6692E-01
   0.6101E-01
   0.5569E-01
   0.5091E-01
   0.4662E-01
   0.4277E-01
   0.1822E+00
   0.1653E+00
   0.1499E+00
   0.1359E+00
   0.1233E+00
   0.1119E+00
   0.1016E+00
   0.9232E-01
   0.8392E-01
   0.7635E-01
   0.6952E-01
   0.6338E-01
   0.5786E-01
   0.5289E-01
   0.4843E-01
   0.4443E-01
   0.1874E+00
   0.1699E+00
   0.1541E+00
   0.1398E+00
   0.1268E+00
   0.1151E+00
   0.1045E+00
   0.9494E-01
   0.8630E-01
   0.7851E-01
   0.7150E-01
   0.6518E-01
   0.5950E-01
   0.5439E-01
   0.4981E-01
   0.4569E-01
   0.1909E+00
   0.1731E+00
   0.1570E+00
   0.1424E+00
   0.1292E+00
   0.1172E+00
   0.1065E+00
   0.9670E-01
   0.8790E-01
   0.7997E-01
   0.7282E-01
   0.6639E-01
   0.6060E-01
   0.5540E-01
   0.5073E-01
   0.4654E-01
   0.1926E+00
   0.1747E+00
   0.1584E+00
   0.1437E+00
   0.1304E+00
   0.1183E+00
   0.1074E+00
   0.9759E-01
   0.8871E-01
   0.8070E-01
   0.7349E-01
   0.6700E-01
   0.6116E-01
   0.5591E-01
   0.5119E-01
   0.4696E-01
   0.1926E+00
   0.1747E+00
   0.1584E+00
   0.1437E+00
   0.1304E+00
   0.1183E+00
   0.1074E+00
   0.9759E-01
   0.8871E-01
   0.8070E-01
   0.7349E-01
   0.6700E-01
   0.6116E-01
   0.5591E-01
   0.5119E-01
   0.4696E-01
   0.1909E+00
   0.1731E+00
   0.1570E+00
   0.1424E+00
   0.1292E+00
   0.1172E+00
   0.1065E+00
   0.9670E-01
   0.8790E-01
   0.7997E-01
   0.7282E-01
   0.6639E-01
   0.6060E-01
   0.5540E-01
   0.5073E-01
   0.4654E-01
   0.1874E+00
   0.1699E+00
   0.1541E+00
   0.1398E+00
   0.1268E+00
   0.1151E+00
   0.1045E+00
   0.9494E-01
   0.8630E-01
   0.7851E-01
   0.7150E-01
   0.6518E-01
   0.5950E-01
   0.5439E-01
   0.4981E-01
   0.4569E-01
   0.1822E+00
   0.1653E+00
   0.1499E+00
   0.1359E+00
   0.1233E+00
   0.1119E+00
   0.1016E+00
   0.9232E-01
   0.8392E-01
   0.7635E-01
   0.6952E-01
   0.6338E-01
   0.5786E-01
   0.5289E-01
   0.4843E-01
   0.4443E-01
   0.1754E+00
   0.1591E+00
   0.1443E+00
   0.1309E+00
   0.1187E+00
   0.1077E+00
   0.9783E-01
   0.8887E-01
   0.8078E-01
   0.7349E-01
   0.6692E-01
   0.6101E-01
   0.5569E-01
   0.5091E-01
   0.4662E-01
   0.4277E-01
   0.1670E+00
   0.1514E+00
   0.1374E+00
   0.1246E+00
   0.1130E+00
   0.1026E+00
   0.9314E-01
   0.8461E-01
   0.7691E-01
   0.6997E-01
   0.6371E-01
   0.5809E-01
   0.5302E-01
   0.4847E-01
   0.4438E-01
   0.4072E-01
   0.1571E+00
   0.1424E+00
   0.1292E+00
   0.1172E+00
   0.1063E+00
   0.9649E-01
   0.8760E-01
   0.7958E-01
   0.7234E-01
   0.6581E-01
   0.5993E-01
   0.5463E-01
   0.4987E-01
   0.4559E-01
   0.4175E-01
   0.3830E-01
   0.1457E+00
   0.1322E+00
   0.1199E+00
   0.1087E+00
   0.9864E-01
   0.8952E-01
   0.8128E-01
   0.7383E-01
   0.6712E-01
   0.6106E-01
   0.5560E-01
   0.5069E-01
   0.4627E-01
   0.4230E-01
   0.3873E-01
   0.3553E-01
   0.1331E+00
   0.1207E+00
   0.1094E+00
   0.9928E-01
   0.9007E-01
   0.8174E-01
   0.7422E-01
   0.6742E-01
   0.6128E-01
   0.5575E-01
   0.5077E-01
   0.4628E-01
   0.4225E-01
   0.3862E-01
   0.3537E-01
   0.3244E-01
   0.1192E+00
   0.1081E+00
   0.9804E-01
   0.8893E-01
   0.8068E-01
   0.7322E-01
   0.6648E-01
   0.6039E-01
   0.5490E-01
   0.4994E-01
   0.4548E-01
   0.4146E-01
   0.3785E-01
   0.3460E-01
   0.3168E-01
   0.2906E-01
   0.1043E+00
   0.9454E-01
   0.8575E-01
   0.7778E-01
   0.7056E-01
   0.6404E-01
   0.5814E-01
   0.5282E-01
   0.4801E-01
   0.4368E-01
   0.3978E-01
   0.3626E-01
   0.3310E-01
   0.3026E-01
   0.2771E-01
   0.2542E-01
   0.8836E-01
   0.8013E-01
   0.7268E-01
   0.6592E-01
   0.5981E-01
   0.5428E-01
   0.4928E-01
   0.4477E-01
   0.4069E-01
   0.3702E-01
   0.3371E-01
   0.3073E-01
   0.2805E-01
   0.2565E-01
   0.2348E-01
   0.2154E-01
   0.7167E-01
   0.6499E-01
   0.5895E-01
   0.5347E-01
   0.4851E-01
   0.4402E-01
   0.3997E-01
   0.3631E-01
   0.3301E-01
   0.3003E-01
   0.2734E-01
   0.2493E-01
   0.2275E-01
   0.2080E-01
   0.1905E-01
   0.1747E-01
   0.5433E-01
   0.4927E-01
   0.4468E-01
   0.4053E-01
   0.3677E-01
   0.3337E-01
   0.3030E-01
   0.2752E-01
   0.2502E-01
   0.2276E-01
   0.2073E-01
   0.1890E-01
   0.1725E-01
   0.1577E-01
   0.1444E-01
   0.1325E-01
   0.3649E-01
   0.3310E-01
   0.3002E-01
   0.2723E-01
   0.2470E-01
   0.2242E-01
   0.2035E-01
   0.1849E-01
   0.1681E-01
   0.1529E-01
   0.1392E-01
   0.1269E-01
   0.1159E-01
   0.1059E-01
   0.9699E-02
   0.8898E-02
   0.1833E-01
   0.1662E-01
   0.1508E-01
   0.1367E-01
   0.1241E-01
   0.1126E-01
   0.1022E-01
   0.9287E-02
   0.8442E-02
   0.7680E-02
   0.6993E-02
   0.6376E-02
   0.5820E-02
   0.5320E-02
   0.4872E-02
   0.4469E-02
