   0.9760E-02
   0.9297E-02
   0.8857E-02
   0.8437E-02
   0.8037E-02
   0.7656E-02
   0.7294E-02
   0.6948E-02
   0.6619E-02
   0.6306E-02
   0.6007E-02
   0.5723E-02
   0.5453E-02
   0.5195E-02
   0.4949E-02
   0.4716E-02
   0.4493E-02
   0.4281E-02
   0.4079E-02
   0.3887E-02
   0.3704E-02
   0.3530E-02
   0.3365E-02
   0.3207E-02
   0.3057E-02
   0.2914E-02
   0.2777E-02
   0.2648E-02
   0.2525E-02
   0.2407E-02
   0.2295E-02
   0.2189E-02
   0.1950E-01
   0.1857E-01
   0.1769E-01
   0.1685E-01
   0.1606E-01
   0.1529E-01
   0.1457E-01
   0.1388E-01
   0.1322E-01
   0.1260E-01
   0.1200E-01
   0.1143E-01
   0.1089E-01
   0.1038E-01
   0.9887E-02
   0.9420E-02
   0.8976E-02
   0.8552E-02
   0.8149E-02
   0.7766E-02
   0.7400E-02
   0.7052E-02
   0.6721E-02
   0.6406E-02
   0.6106E-02
   0.5820E-02
   0.5548E-02
   0.5290E-02
   0.5043E-02
   0.4809E-02
   0.4585E-02
   0.4373E-02
   0.2919E-01
   0.2780E-01
   0.2649E-01
   0.2523E-01
   0.2404E-01
   0.2290E-01
   0.2181E-01
   0.2078E-01
   0.1980E-01
   0.1886E-01
   0.1797E-01
   0.1712E-01
   0.1631E-01
   0.1554E-01
   0.1480E-01
   0.1410E-01
   0.1344E-01
   0.1280E-01
   0.1220E-01
   0.1163E-01
   0.1108E-01
   0.1056E-01
   0.1006E-01
   0.9590E-02
   0.9141E-02
   0.8714E-02
   0.8306E-02
   0.7919E-02
   0.7550E-02
   0.7199E-02
   0.6865E-02
   0.6547E-02
   0.3881E-01
   0.3697E-01
   0.3522E-01
   0.3355E-01
   0.3196E-01
   0.3045E-01
   0.2900E-01
   0.2763E-01
   0.2632E-01
   0.2508E-01
   0.2389E-01
   0.2276E-01
   0.2168E-01
   0.2066E-01
   0.1968E-01
   0.1875E-01
   0.1787E-01
   0.1702E-01
   0.1622E-01
   0.1546E-01
   0.1473E-01
   0.1404E-01
   0.1338E-01
   0.1275E-01
   0.1216E-01
   0.1159E-01
   0.1105E-01
   0.1053E-01
   0.1004E-01
   0.9572E-02
   0.9128E-02
   0.8705E-02
   0.4834E-01
   0.4605E-01
   0.4387E-01
   0.4179E-01
   0.3981E-01
   0.3793E-01
   0.3613E-01
   0.3442E-01
   0.3279E-01
   0.3124E-01
   0.2976E-01
   0.2835E-01
   0.2701E-01
   0.2573E-01
   0.2452E-01
   0.2336E-01
   0.2226E-01
   0.2121E-01
   0.2021E-01
   0.1926E-01
   0.1835E-01
   0.1749E-01
   0.1667E-01
   0.1588E-01
   0.1514E-01
   0.1443E-01
   0.1376E-01
   0.1312E-01
   0.1251E-01
   0.1192E-01
   0.1137E-01
   0.1084E-01
   0.5776E-01
   0.5503E-01
   0.5242E-01
   0.4993E-01
   0.4757E-01
   0.4531E-01
   0.4317E-01
   0.4112E-01
   0.3918E-01
   0.3732E-01
   0.3556E-01
   0.3387E-01
   0.3227E-01
   0.3075E-01
   0.2929E-01
   0.2791E-01
   0.2659E-01
   0.2534E-01
   0.2414E-01
   0.2301E-01
   0.2193E-01
   0.2089E-01
   0.1991E-01
   0.1898E-01
   0.1809E-01
   0.1724E-01
   0.1644E-01
   0.1567E-01
   0.1494E-01
   0.1425E-01
   0.1359E-01
   0.1296E-01
   0.6705E-01
   0.6387E-01
   0.6084E-01
   0.5796E-01
   0.5521E-01
   0.5260E-01
   0.5011E-01
   0.4773E-01
   0.4547E-01
   0.4332E-01
   0.4127E-01
   0.3932E-01
   0.3746E-01
   0.3569E-01
   0.3400E-01
   0.3240E-01
   0.3087E-01
   0.2941E-01
   0.2803E-01
   0.2671E-01
   0.2545E-01
   0.2425E-01
   0.2311E-01
   0.2203E-01
   0.2100E-01
   0.2002E-01
   0.1908E-01
   0.1819E-01
   0.1734E-01
   0.1654E-01
   0.1577E-01
   0.1504E-01
   0.7618E-01
   0.7257E-01
   0.6913E-01
   0.6585E-01
   0.6273E-01
   0.5976E-01
   0.5693E-01
   0.5423E-01
   0.5166E-01
   0.4922E-01
   0.4689E-01
   0.4467E-01
   0.4256E-01
   0.4055E-01
   0.3863E-01
   0.3681E-01
   0.3507E-01
   0.3342E-01
   0.3184E-01
   0.3034E-01
   0.2891E-01
   0.2756E-01
   0.2626E-01
   0.2503E-01
   0.2386E-01
   0.2274E-01
   0.2168E-01
   0.2067E-01
   0.1970E-01
   0.1879E-01
   0.1792E-01
   0.1709E-01
   0.8513E-01
   0.8109E-01
   0.7725E-01
   0.7359E-01
   0.7010E-01
   0.6678E-01
   0.6362E-01
   0.6060E-01
   0.5773E-01
   0.5500E-01
   0.5240E-01
   0.4992E-01
   0.4756E-01
   0.4531E-01
   0.4317E-01
   0.4113E-01
   0.3919E-01
   0.3734E-01
   0.3558E-01
   0.3391E-01
   0.3231E-01
   0.3079E-01
   0.2935E-01
   0.2797E-01
   0.2666E-01
   0.2541E-01
   0.2423E-01
   0.2310E-01
   0.2202E-01
   0.2100E-01
   0.2002E-01
   0.1909E-01
   0.9388E-01
   0.8943E-01
   0.8519E-01
   0.8115E-01
   0.7731E-01
   0.7365E-01
   0.7016E-01
   0.6683E-01
   0.6367E-01
   0.6066E-01
   0.5779E-01
   0.5505E-01
   0.5245E-01
   0.4997E-01
   0.4761E-01
   0.4536E-01
   0.4322E-01
   0.4118E-01
   0.3924E-01
   0.3739E-01
   0.3563E-01
   0.3396E-01
   0.3236E-01
   0.3085E-01
   0.2940E-01
   0.2803E-01
   0.2672E-01
   0.2547E-01
   0.2428E-01
   0.2315E-01
   0.2208E-01
   0.2106E-01
   0.1024E+00
   0.9756E-01
   0.9293E-01
   0.8853E-01
   0.8434E-01
   0.8034E-01
   0.7653E-01
   0.7291E-01
   0.6946E-01
   0.6617E-01
   0.6304E-01
   0.6005E-01
   0.5721E-01
   0.5451E-01
   0.5193E-01
   0.4948E-01
   0.4715E-01
   0.4492E-01
   0.4281E-01
   0.4079E-01
   0.3887E-01
   0.3704E-01
   0.3531E-01
   0.3365E-01
   0.3207E-01
   0.3057E-01
   0.2914E-01
   0.2778E-01
   0.2649E-01
   0.2526E-01
   0.2409E-01
   0.2297E-01
   0.1107E+00
   0.1055E+00
   0.1005E+00
   0.9570E-01
   0.9116E-01
   0.8685E-01
   0.8273E-01
   0.7881E-01
   0.7508E-01
   0.7153E-01
   0.6814E-01
   0.6492E-01
   0.6185E-01
   0.5892E-01
   0.5614E-01
   0.5349E-01
   0.5096E-01
   0.4856E-01
   0.4627E-01
   0.4409E-01
   0.4202E-01
   0.4004E-01
   0.3816E-01
   0.3637E-01
   0.3467E-01
   0.3305E-01
   0.3150E-01
   0.3003E-01
   0.2864E-01
   0.2730E-01
   0.2604E-01
   0.2483E-01
   0.1187E+00
   0.1131E+00
   0.1078E+00
   0.1026E+00
   0.9778E-01
   0.9315E-01
   0.8874E-01
   0.8453E-01
   0.8053E-01
   0.7672E-01
   0.7309E-01
   0.6963E-01
   0.6634E-01
   0.6320E-01
   0.6021E-01
   0.5737E-01
   0.5466E-01
   0.5209E-01
   0.4963E-01
   0.4729E-01
   0.4507E-01
   0.4295E-01
   0.4093E-01
   0.3901E-01
   0.3719E-01
   0.3545E-01
   0.3379E-01
   0.3221E-01
   0.3071E-01
   0.2929E-01
   0.2793E-01
   0.2663E-01
   0.1265E+00
   0.1205E+00
   0.1148E+00
   0.1094E+00
   0.1042E+00
   0.9923E-01
   0.9453E-01
   0.9006E-01
   0.8579E-01
   0.8173E-01
   0.7786E-01
   0.7418E-01
   0.7067E-01
   0.6733E-01
   0.6415E-01
   0.6112E-01
   0.5823E-01
   0.5549E-01
   0.5287E-01
   0.5038E-01
   0.4801E-01
   0.4576E-01
   0.4361E-01
   0.4156E-01
   0.3962E-01
   0.3776E-01
   0.3600E-01
   0.3432E-01
   0.3272E-01
   0.3120E-01
   0.2975E-01
   0.2837E-01
   0.1340E+00
   0.1276E+00
   0.1216E+00
   0.1158E+00
   0.1103E+00
   0.1051E+00
   0.1001E+00
   0.9537E-01
   0.9085E-01
   0.8655E-01
   0.8245E-01
   0.7855E-01
   0.7484E-01
   0.7130E-01
   0.6793E-01
   0.6472E-01
   0.6167E-01
   0.5876E-01
   0.5599E-01
   0.5336E-01
   0.5085E-01
   0.4846E-01
   0.4618E-01
   0.4401E-01
   0.4195E-01
   0.3999E-01
   0.3812E-01
   0.3634E-01
   0.3465E-01
   0.3304E-01
   0.3151E-01
   0.3005E-01
   0.1411E+00
   0.1344E+00
   0.1280E+00
   0.1220E+00
   0.1162E+00
   0.1107E+00
   0.1055E+00
   0.1005E+00
   0.9570E-01
   0.9117E-01
   0.8686E-01
   0.8275E-01
   0.7883E-01
   0.7511E-01
   0.7156E-01
   0.6818E-01
   0.6496E-01
   0.6190E-01
   0.5898E-01
   0.5620E-01
   0.5356E-01
   0.5104E-01
   0.4865E-01
   0.4636E-01
   0.4419E-01
   0.4212E-01
   0.4016E-01
   0.3828E-01
   0.3650E-01
   0.3480E-01
   0.3319E-01
   0.3165E-01
   0.1479E+00
   0.1409E+00
   0.1342E+00
   0.1279E+00
   0.1218E+00
   0.1160E+00
   0.1105E+00
   0.1053E+00
   0.1003E+00
   0.9558E-01
   0.9105E-01
   0.8674E-01
   0.8264E-01
   0.7874E-01
   0.7502E-01
   0.7147E-01
   0.6810E-01
   0.6489E-01
   0.6183E-01
   0.5892E-01
   0.5615E-01
   0.5351E-01
   0.5100E-01
   0.4860E-01
   0.4633E-01
   0.4416E-01
   0.4210E-01
   0.4013E-01
   0.3826E-01
   0.3648E-01
   0.3479E-01
   0.3318E-01
   0.1544E+00
   0.1471E+00
   0.1401E+00
   0.1335E+00
   0.1271E+00
   0.1211E+00
   0.1154E+00
   0.1099E+00
   0.1047E+00
   0.9976E-01
   0.9504E-01
   0.9054E-01
   0.8626E-01
   0.8218E-01
   0.7830E-01
   0.7460E-01
   0.7108E-01
   0.6773E-01
   0.6454E-01
   0.6150E-01
   0.5860E-01
   0.5585E-01
   0.5323E-01
   0.5073E-01
   0.4835E-01
   0.4609E-01
   0.4394E-01
   0.4189E-01
   0.3994E-01
   0.3808E-01
   0.3631E-01
   0.3463E-01
   0.1605E+00
   0.1529E+00
   0.1457E+00
   0.1388E+00
   0.1322E+00
   0.1259E+00
   0.1200E+00
   0.1143E+00
   0.1089E+00
   0.1037E+00
   0.9880E-01
   0.9413E-01
   0.8967E-01
   0.8544E-01
   0.8140E-01
   0.7756E-01
   0.7390E-01
   0.7041E-01
   0.6709E-01
   0.6393E-01
   0.6092E-01
   0.5806E-01
   0.5534E-01
   0.5274E-01
   0.5027E-01
   0.4792E-01
   0.4568E-01
   0.4355E-01
   0.4152E-01
   0.3959E-01
   0.3775E-01
   0.3600E-01
   0.1663E+00
   0.1584E+00
   0.1509E+00
   0.1437E+00
   0.1369E+00
   0.1304E+00
   0.1242E+00
   0.1184E+00
   0.1128E+00
   0.1074E+00
   0.1023E+00
   0.9749E-01
   0.9288E-01
   0.8849E-01
   0.8431E-01
   0.8033E-01
   0.7654E-01
   0.7293E-01
   0.6949E-01
   0.6622E-01
   0.6310E-01
   0.6014E-01
   0.5731E-01
   0.5463E-01
   0.5207E-01
   0.4963E-01
   0.4731E-01
   0.4510E-01
   0.4300E-01
   0.4100E-01
   0.3910E-01
   0.3729E-01
   0.1716E+00
   0.1635E+00
   0.1557E+00
   0.1483E+00
   0.1413E+00
   0.1346E+00
   0.1282E+00
   0.1222E+00
   0.1164E+00
   0.1109E+00
   0.1056E+00
   0.1006E+00
   0.9587E-01
   0.9134E-01
   0.8702E-01
   0.8291E-01
   0.7900E-01
   0.7527E-01
   0.7173E-01
   0.6835E-01
   0.6513E-01
   0.6207E-01
   0.5916E-01
   0.5638E-01
   0.5374E-01
   0.5123E-01
   0.4883E-01
   0.4656E-01
   0.4439E-01
   0.4232E-01
   0.4036E-01
   0.3849E-01
   0.1765E+00
   0.1682E+00
   0.1602E+00
   0.1526E+00
   0.1454E+00
   0.1385E+00
   0.1319E+00
   0.1257E+00
   0.1197E+00
   0.1141E+00
   0.1087E+00
   0.1035E+00
   0.9863E-01
   0.9397E-01
   0.8953E-01
   0.8530E-01
   0.8128E-01
   0.7745E-01
   0.7380E-01
   0.7032E-01
   0.6701E-01
   0.6386E-01
   0.6086E-01
   0.5801E-01
   0.5529E-01
   0.5271E-01
   0.5024E-01
   0.4790E-01
   0.4567E-01
   0.4354E-01
   0.4152E-01
   0.3960E-01
   0.1811E+00
   0.1725E+00
   0.1643E+00
   0.1565E+00
   0.1491E+00
   0.1421E+00
   0.1353E+00
   0.1289E+00
   0.1228E+00
   0.1170E+00
   0.1115E+00
   0.1062E+00
   0.1012E+00
   0.9639E-01
   0.9183E-01
   0.8750E-01
   0.8337E-01
   0.7944E-01
   0.7569E-01
   0.7213E-01
   0.6873E-01
   0.6550E-01
   0.6243E-01
   0.5950E-01
   0.5671E-01
   0.5406E-01
   0.5153E-01
   0.4913E-01
   0.4684E-01
   0.4466E-01
   0.4259E-01
   0.4062E-01
   0.1852E+00
   0.1764E+00
   0.1681E+00
   0.1601E+00
   0.1525E+00
   0.1453E+00
   0.1384E+00
   0.1318E+00
   0.1256E+00
   0.1197E+00
   0.1140E+00
   0.1086E+00
   0.1035E+00
   0.9858E-01
   0.9392E-01
   0.8948E-01
   0.8526E-01
   0.8124E-01
   0.7741E-01
   0.7377E-01
   0.7030E-01
   0.6699E-01
   0.6385E-01
   0.6085E-01
   0.5800E-01
   0.5529E-01
   0.5270E-01
   0.5025E-01
   0.4791E-01
   0.4568E-01
   0.4356E-01
   0.4154E-01
   0.1889E+00
   0.1799E+00
   0.1714E+00
   0.1633E+00
   0.1555E+00
   0.1482E+00
   0.1412E+00
   0.1345E+00
   0.1281E+00
   0.1220E+00
   0.1163E+00
   0.1108E+00
   0.1055E+00
   0.1005E+00
   0.9579E-01
   0.9126E-01
   0.8696E-01
   0.8285E-01
   0.7895E-01
   0.7523E-01
   0.7169E-01
   0.6832E-01
   0.6512E-01
   0.6206E-01
   0.5915E-01
   0.5639E-01
   0.5375E-01
   0.5124E-01
   0.4886E-01
   0.4659E-01
   0.4442E-01
   0.4236E-01
   0.1921E+00
   0.1830E+00
   0.1743E+00
   0.1661E+00
   0.1582E+00
   0.1507E+00
   0.1436E+00
   0.1368E+00
   0.1303E+00
   0.1241E+00
   0.1183E+00
   0.1127E+00
   0.1073E+00
   0.1023E+00
   0.9743E-01
   0.9283E-01
   0.8845E-01
   0.8428E-01
   0.8030E-01
   0.7652E-01
   0.7292E-01
   0.6950E-01
   0.6623E-01
   0.6313E-01
   0.6017E-01
   0.5735E-01
   0.5467E-01
   0.5212E-01
   0.4970E-01
   0.4739E-01
   0.4519E-01
   0.4309E-01
   0.1949E+00
   0.1857E+00
   0.1769E+00
   0.1685E+00
   0.1605E+00
   0.1529E+00
   0.1457E+00
   0.1388E+00
   0.1322E+00
   0.1259E+00
   0.1200E+00
   0.1143E+00
   0.1089E+00
   0.1037E+00
   0.9884E-01
   0.9418E-01
   0.8973E-01
   0.8550E-01
   0.8147E-01
   0.7764E-01
   0.7398E-01
   0.7051E-01
   0.6719E-01
   0.6404E-01
   0.6104E-01
   0.5819E-01
   0.5547E-01
   0.5288E-01
   0.5042E-01
   0.4807E-01
   0.4584E-01
   0.4372E-01
   0.1973E+00
   0.1879E+00
   0.1790E+00
   0.1705E+00
   0.1624E+00
   0.1547E+00
   0.1474E+00
   0.1404E+00
   0.1338E+00
   0.1274E+00
   0.1214E+00
   0.1157E+00
   0.1102E+00
   0.1050E+00
   0.1000E+00
   0.9531E-01
   0.9081E-01
   0.8653E-01
   0.8245E-01
   0.7857E-01
   0.7487E-01
   0.7135E-01
   0.6800E-01
   0.6481E-01
   0.6178E-01
   0.5889E-01
   0.5613E-01
   0.5352E-01
   0.5102E-01
   0.4865E-01
   0.4639E-01
   0.4424E-01
   0.1991E+00
   0.1897E+00
   0.1807E+00
   0.1721E+00
   0.1640E+00
   0.1562E+00
   0.1488E+00
   0.1418E+00
   0.1351E+00
   0.1287E+00
   0.1226E+00
   0.1168E+00
   0.1112E+00
   0.1060E+00
   0.1010E+00
   0.9621E-01
   0.9167E-01
   0.8735E-01
   0.8323E-01
   0.7931E-01
   0.7558E-01
   0.7203E-01
   0.6865E-01
   0.6543E-01
   0.6236E-01
   0.5945E-01
   0.5667E-01
   0.5402E-01
   0.5151E-01
   0.4911E-01
   0.4683E-01
   0.4466E-01
   0.2005E+00
   0.1910E+00
   0.1820E+00
   0.1734E+00
   0.1651E+00
   0.1573E+00
   0.1499E+00
   0.1428E+00
   0.1360E+00
   0.1296E+00
   0.1234E+00
   0.1176E+00
   0.1120E+00
   0.1067E+00
   0.1017E+00
   0.9689E-01
   0.9232E-01
   0.8797E-01
   0.8382E-01
   0.7987E-01
   0.7612E-01
   0.7254E-01
   0.6913E-01
   0.6589E-01
   0.6280E-01
   0.5987E-01
   0.5707E-01
   0.5441E-01
   0.5187E-01
   0.4946E-01
   0.4716E-01
   0.4498E-01
   0.2015E+00
   0.1919E+00
   0.1828E+00
   0.1742E+00
   0.1659E+00
   0.1581E+00
   0.1506E+00
   0.1434E+00
   0.1366E+00
   0.1302E+00
   0.1240E+00
   0.1181E+00
   0.1126E+00
   0.1072E+00
   0.1022E+00
   0.9735E-01
   0.9275E-01
   0.8838E-01
   0.8422E-01
   0.8025E-01
   0.7647E-01
   0.7288E-01
   0.6946E-01
   0.6620E-01
   0.6310E-01
   0.6015E-01
   0.5734E-01
   0.5466E-01
   0.5212E-01
   0.4969E-01
   0.4739E-01
   0.4519E-01
   0.2020E+00
   0.1924E+00
   0.1833E+00
   0.1746E+00
   0.1663E+00
   0.1584E+00
   0.1509E+00
   0.1438E+00
   0.1370E+00
   0.1305E+00
   0.1243E+00
   0.1184E+00
   0.1128E+00
   0.1075E+00
   0.1024E+00
   0.9758E-01
   0.9297E-01
   0.8859E-01
   0.8441E-01
   0.8044E-01
   0.7665E-01
   0.7305E-01
   0.6962E-01
   0.6636E-01
   0.6325E-01
   0.6029E-01
   0.5747E-01
   0.5479E-01
   0.5224E-01
   0.4981E-01
   0.4750E-01
   0.4530E-01
   0.2020E+00
   0.1924E+00
   0.1833E+00
   0.1746E+00
   0.1663E+00
   0.1584E+00
   0.1509E+00
   0.1438E+00
   0.1370E+00
   0.1305E+00
   0.1243E+00
   0.1184E+00
   0.1128E+00
   0.1075E+00
   0.1024E+00
   0.9758E-01
   0.9297E-01
   0.8859E-01
   0.8441E-01
   0.8044E-01
   0.7665E-01
   0.7305E-01
   0.6962E-01
   0.6636E-01
   0.6325E-01
   0.6029E-01
   0.5747E-01
   0.5479E-01
   0.5224E-01
   0.4981E-01
   0.4750E-01
   0.4530E-01
   0.2015E+00
   0.1919E+00
   0.1828E+00
   0.1742E+00
   0.1659E+00
   0.1581E+00
   0.1506E+00
   0.1434E+00
   0.1366E+00
   0.1302E+00
   0.1240E+00
   0.1181E+00
   0.1126E+00
   0.1072E+00
   0.1022E+00
   0.9735E-01
   0.9275E-01
   0.8838E-01
   0.8422E-01
   0.8025E-01
   0.7647E-01
   0.7288E-01
   0.6946E-01
   0.6620E-01
   0.6310E-01
   0.6015E-01
   0.5734E-01
   0.5466E-01
   0.5212E-01
   0.4969E-01
   0.4739E-01
   0.4519E-01
   0.2005E+00
   0.1910E+00
   0.1820E+00
   0.1734E+00
   0.1651E+00
   0.1573E+00
   0.1499E+00
   0.1428E+00
   0.1360E+00
   0.1296E+00
   0.1234E+00
   0.1176E+00
   0.1120E+00
   0.1067E+00
   0.1017E+00
   0.9689E-01
   0.9232E-01
   0.8797E-01
   0.8382E-01
   0.7987E-01
   0.7612E-01
   0.7254E-01
   0.6913E-01
   0.6589E-01
   0.6280E-01
   0.5987E-01
   0.5707E-01
   0.5441E-01
   0.5187E-01
   0.4946E-01
   0.4716E-01
   0.4498E-01
   0.1991E+00
   0.1897E+00
   0.1807E+00
   0.1721E+00
   0.1640E+00
   0.1562E+00
   0.1488E+00
   0.1418E+00
   0.1351E+00
   0.1287E+00
   0.1226E+00
   0.1168E+00
   0.1112E+00
   0.1060E+00
   0.1010E+00
   0.9621E-01
   0.9167E-01
   0.8735E-01
   0.8323E-01
   0.7931E-01
   0.7558E-01
   0.7203E-01
   0.6865E-01
   0.6543E-01
   0.6236E-01
   0.5945E-01
   0.5667E-01
   0.5402E-01
   0.5151E-01
   0.4911E-01
   0.4683E-01
   0.4466E-01
   0.1973E+00
   0.1879E+00
   0.1790E+00
   0.1705E+00
   0.1624E+00
   0.1547E+00
   0.1474E+00
   0.1404E+00
   0.1338E+00
   0.1274E+00
   0.1214E+00
   0.1157E+00
   0.1102E+00
   0.1050E+00
   0.1000E+00
   0.9531E-01
   0.9081E-01
   0.8653E-01
   0.8245E-01
   0.7857E-01
   0.7487E-01
   0.7135E-01
   0.6800E-01
   0.6481E-01
   0.6178E-01
   0.5889E-01
   0.5613E-01
   0.5352E-01
   0.5102E-01
   0.4865E-01
   0.4639E-01
   0.4424E-01
   0.1949E+00
   0.1857E+00
   0.1769E+00
   0.1685E+00
   0.1605E+00
   0.1529E+00
   0.1457E+00
   0.1388E+00
   0.1322E+00
   0.1259E+00
   0.1200E+00
   0.1143E+00
   0.1089E+00
   0.1037E+00
   0.9884E-01
   0.9418E-01
   0.8973E-01
   0.8550E-01
   0.8147E-01
   0.7764E-01
   0.7398E-01
   0.7051E-01
   0.6719E-01
   0.6404E-01
   0.6104E-01
   0.5819E-01
   0.5547E-01
   0.5288E-01
   0.5042E-01
   0.4807E-01
   0.4584E-01
   0.4372E-01
   0.1921E+00
   0.1830E+00
   0.1743E+00
   0.1661E+00
   0.1582E+00
   0.1507E+00
   0.1436E+00
   0.1368E+00
   0.1303E+00
   0.1241E+00
   0.1183E+00
   0.1127E+00
   0.1073E+00
   0.1023E+00
   0.9743E-01
   0.9283E-01
   0.8845E-01
   0.8428E-01
   0.8030E-01
   0.7652E-01
   0.7292E-01
   0.6950E-01
   0.6623E-01
   0.6313E-01
   0.6017E-01
   0.5735E-01
   0.5467E-01
   0.5212E-01
   0.4970E-01
   0.4739E-01
   0.4519E-01
   0.4309E-01
   0.1889E+00
   0.1799E+00
   0.1714E+00
   0.1633E+00
   0.1555E+00
   0.1482E+00
   0.1412E+00
   0.1345E+00
   0.1281E+00
   0.1220E+00
   0.1163E+00
   0.1108E+00
   0.1055E+00
   0.1005E+00
   0.9579E-01
   0.9126E-01
   0.8696E-01
   0.8285E-01
   0.7895E-01
   0.7523E-01
   0.7169E-01
   0.6832E-01
   0.6512E-01
   0.6206E-01
   0.5915E-01
   0.5639E-01
   0.5375E-01
   0.5124E-01
   0.4886E-01
   0.4659E-01
   0.4442E-01
   0.4236E-01
   0.1852E+00
   0.1764E+00
   0.1681E+00
   0.1601E+00
   0.1525E+00
   0.1453E+00
   0.1384E+00
   0.1318E+00
   0.1256E+00
   0.1197E+00
   0.1140E+00
   0.1086E+00
   0.1035E+00
   0.9858E-01
   0.9392E-01
   0.8948E-01
   0.8526E-01
   0.8124E-01
   0.7741E-01
   0.7377E-01
   0.7030E-01
   0.6699E-01
   0.6385E-01
   0.6085E-01
   0.5800E-01
   0.5529E-01
   0.5270E-01
   0.5025E-01
   0.4791E-01
   0.4568E-01
   0.4356E-01
   0.4154E-01
   0.1811E+00
   0.1725E+00
   0.1643E+00
   0.1565E+00
   0.1491E+00
   0.1421E+00
   0.1353E+00
   0.1289E+00
   0.1228E+00
   0.1170E+00
   0.1115E+00
   0.1062E+00
   0.1012E+00
   0.9639E-01
   0.9183E-01
   0.8750E-01
   0.8337E-01
   0.7944E-01
   0.7569E-01
   0.7213E-01
   0.6873E-01
   0.6550E-01
   0.6243E-01
   0.5950E-01
   0.5671E-01
   0.5406E-01
   0.5153E-01
   0.4913E-01
   0.4684E-01
   0.4466E-01
   0.4259E-01
   0.4062E-01
   0.1765E+00
   0.1682E+00
   0.1602E+00
   0.1526E+00
   0.1454E+00
   0.1385E+00
   0.1319E+00
   0.1257E+00
   0.1197E+00
   0.1141E+00
   0.1087E+00
   0.1035E+00
   0.9863E-01
   0.9397E-01
   0.8953E-01
   0.8530E-01
   0.8128E-01
   0.7745E-01
   0.7380E-01
   0.7032E-01
   0.6701E-01
   0.6386E-01
   0.6086E-01
   0.5801E-01
   0.5529E-01
   0.5271E-01
   0.5024E-01
   0.4790E-01
   0.4567E-01
   0.4354E-01
   0.4152E-01
   0.3960E-01
   0.1716E+00
   0.1635E+00
   0.1557E+00
   0.1483E+00
   0.1413E+00
   0.1346E+00
   0.1282E+00
   0.1222E+00
   0.1164E+00
   0.1109E+00
   0.1056E+00
   0.1006E+00
   0.9587E-01
   0.9134E-01
   0.8702E-01
   0.8291E-01
   0.7900E-01
   0.7527E-01
   0.7173E-01
   0.6835E-01
   0.6513E-01
   0.6207E-01
   0.5916E-01
   0.5638E-01
   0.5374E-01
   0.5123E-01
   0.4883E-01
   0.4656E-01
   0.4439E-01
   0.4232E-01
   0.4036E-01
   0.3849E-01
   0.1663E+00
   0.1584E+00
   0.1509E+00
   0.1437E+00
   0.1369E+00
   0.1304E+00
   0.1242E+00
   0.1184E+00
   0.1128E+00
   0.1074E+00
   0.1023E+00
   0.9749E-01
   0.9288E-01
   0.8849E-01
   0.8431E-01
   0.8033E-01
   0.7654E-01
   0.7293E-01
   0.6949E-01
   0.6622E-01
   0.6310E-01
   0.6014E-01
   0.5731E-01
   0.5463E-01
   0.5207E-01
   0.4963E-01
   0.4731E-01
   0.4510E-01
   0.4300E-01
   0.4100E-01
   0.3910E-01
   0.3729E-01
   0.1605E+00
   0.1529E+00
   0.1457E+00
   0.1388E+00
   0.1322E+00
   0.1259E+00
   0.1200E+00
   0.1143E+00
   0.1089E+00
   0.1037E+00
   0.9880E-01
   0.9413E-01
   0.8967E-01
   0.8544E-01
   0.8140E-01
   0.7756E-01
   0.7390E-01
   0.7041E-01
   0.6709E-01
   0.6393E-01
   0.6092E-01
   0.5806E-01
   0.5534E-01
   0.5274E-01
   0.5027E-01
   0.4792E-01
   0.4568E-01
   0.4355E-01
   0.4152E-01
   0.3959E-01
   0.3775E-01
   0.3600E-01
   0.1544E+00
   0.1471E+00
   0.1401E+00
   0.1335E+00
   0.1271E+00
   0.1211E+00
   0.1154E+00
   0.1099E+00
   0.1047E+00
   0.9976E-01
   0.9504E-01
   0.9054E-01
   0.8626E-01
   0.8218E-01
   0.7830E-01
   0.7460E-01
   0.7108E-01
   0.6773E-01
   0.6454E-01
   0.6150E-01
   0.5860E-01
   0.5585E-01
   0.5323E-01
   0.5073E-01
   0.4835E-01
   0.4609E-01
   0.4394E-01
   0.4189E-01
   0.3994E-01
   0.3808E-01
   0.3631E-01
   0.3463E-01
   0.1479E+00
   0.1409E+00
   0.1342E+00
   0.1279E+00
   0.1218E+00
   0.1160E+00
   0.1105E+00
   0.1053E+00
   0.1003E+00
   0.9558E-01
   0.9105E-01
   0.8674E-01
   0.8264E-01
   0.7874E-01
   0.7502E-01
   0.7147E-01
   0.6810E-01
   0.6489E-01
   0.6183E-01
   0.5892E-01
   0.5615E-01
   0.5351E-01
   0.5100E-01
   0.4860E-01
   0.4633E-01
   0.4416E-01
   0.4210E-01
   0.4013E-01
   0.3826E-01
   0.3648E-01
   0.3479E-01
   0.3318E-01
   0.1411E+00
   0.1344E+00
   0.1280E+00
   0.1220E+00
   0.1162E+00
   0.1107E+00
   0.1055E+00
   0.1005E+00
   0.9570E-01
   0.9117E-01
   0.8686E-01
   0.8275E-01
   0.7883E-01
   0.7511E-01
   0.7156E-01
   0.6818E-01
   0.6496E-01
   0.6190E-01
   0.5898E-01
   0.5620E-01
   0.5356E-01
   0.5104E-01
   0.4865E-01
   0.4636E-01
   0.4419E-01
   0.4212E-01
   0.4016E-01
   0.3828E-01
   0.3650E-01
   0.3480E-01
   0.3319E-01
   0.3165E-01
   0.1340E+00
   0.1276E+00
   0.1216E+00
   0.1158E+00
   0.1103E+00
   0.1051E+00
   0.1001E+00
   0.9537E-01
   0.9085E-01
   0.8655E-01
   0.8245E-01
   0.7855E-01
   0.7484E-01
   0.7130E-01
   0.6793E-01
   0.6472E-01
   0.6167E-01
   0.5876E-01
   0.5599E-01
   0.5336E-01
   0.5085E-01
   0.4846E-01
   0.4618E-01
   0.4401E-01
   0.4195E-01
   0.3999E-01
   0.3812E-01
   0.3634E-01
   0.3465E-01
   0.3304E-01
   0.3151E-01
   0.3005E-01
   0.1265E+00
   0.1205E+00
   0.1148E+00
   0.1094E+00
   0.1042E+00
   0.9923E-01
   0.9453E-01
   0.9006E-01
   0.8579E-01
   0.8173E-01
   0.7786E-01
   0.7418E-01
   0.7067E-01
   0.6733E-01
   0.6415E-01
   0.6112E-01
   0.5823E-01
   0.5549E-01
   0.5287E-01
   0.5038E-01
   0.4801E-01
   0.4576E-01
   0.4361E-01
   0.4156E-01
   0.3962E-01
   0.3776E-01
   0.3600E-01
   0.3432E-01
   0.3272E-01
   0.3120E-01
   0.2975E-01
   0.2837E-01
   0.1187E+00
   0.1131E+00
   0.1078E+00
   0.1026E+00
   0.9778E-01
   0.9315E-01
   0.8874E-01
   0.8453E-01
   0.8053E-01
   0.7672E-01
   0.7309E-01
   0.6963E-01
   0.6634E-01
   0.6320E-01
   0.6021E-01
   0.5737E-01
   0.5466E-01
   0.5209E-01
   0.4963E-01
   0.4729E-01
   0.4507E-01
   0.4295E-01
   0.4093E-01
   0.3901E-01
   0.3719E-01
   0.3545E-01
   0.3379E-01
   0.3221E-01
   0.3071E-01
   0.2929E-01
   0.2793E-01
   0.2663E-01
   0.1107E+00
   0.1055E+00
   0.1005E+00
   0.9570E-01
   0.9116E-01
   0.8685E-01
   0.8273E-01
   0.7881E-01
   0.7508E-01
   0.7153E-01
   0.6814E-01
   0.6492E-01
   0.6185E-01
   0.5892E-01
   0.5614E-01
   0.5349E-01
   0.5096E-01
   0.4856E-01
   0.4627E-01
   0.4409E-01
   0.4202E-01
   0.4004E-01
   0.3816E-01
   0.3637E-01
   0.3467E-01
   0.3305E-01
   0.3150E-01
   0.3003E-01
   0.2864E-01
   0.2730E-01
   0.2604E-01
   0.2483E-01
   0.1024E+00
   0.9756E-01
   0.9293E-01
   0.8853E-01
   0.8434E-01
   0.8034E-01
   0.7653E-01
   0.7291E-01
   0.6946E-01
   0.6617E-01
   0.6304E-01
   0.6005E-01
   0.5721E-01
   0.5451E-01
   0.5193E-01
   0.4948E-01
   0.4715E-01
   0.4492E-01
   0.4281E-01
   0.4079E-01
   0.3887E-01
   0.3704E-01
   0.3531E-01
   0.3365E-01
   0.3207E-01
   0.3057E-01
   0.2914E-01
   0.2778E-01
   0.2649E-01
   0.2526E-01
   0.2409E-01
   0.2297E-01
   0.9388E-01
   0.8943E-01
   0.8519E-01
   0.8115E-01
   0.7731E-01
   0.7365E-01
   0.7016E-01
   0.6683E-01
   0.6367E-01
   0.6066E-01
   0.5779E-01
   0.5505E-01
   0.5245E-01
   0.4997E-01
   0.4761E-01
   0.4536E-01
   0.4322E-01
   0.4118E-01
   0.3924E-01
   0.3739E-01
   0.3563E-01
   0.3396E-01
   0.3236E-01
   0.3085E-01
   0.2940E-01
   0.2803E-01
   0.2672E-01
   0.2547E-01
   0.2428E-01
   0.2315E-01
   0.2208E-01
   0.2106E-01
   0.8513E-01
   0.8109E-01
   0.7725E-01
   0.7359E-01
   0.7010E-01
   0.6678E-01
   0.6362E-01
   0.6060E-01
   0.5773E-01
   0.5500E-01
   0.5240E-01
   0.4992E-01
   0.4756E-01
   0.4531E-01
   0.4317E-01
   0.4113E-01
   0.3919E-01
   0.3734E-01
   0.3558E-01
   0.3391E-01
   0.3231E-01
   0.3079E-01
   0.2935E-01
   0.2797E-01
   0.2666E-01
   0.2541E-01
   0.2423E-01
   0.2310E-01
   0.2202E-01
   0.2100E-01
   0.2002E-01
   0.1909E-01
   0.7618E-01
   0.7257E-01
   0.6913E-01
   0.6585E-01
   0.6273E-01
   0.5976E-01
   0.5693E-01
   0.5423E-01
   0.5166E-01
   0.4922E-01
   0.4689E-01
   0.4467E-01
   0.4256E-01
   0.4055E-01
   0.3863E-01
   0.3681E-01
   0.3507E-01
   0.3342E-01
   0.3184E-01
   0.3034E-01
   0.2891E-01
   0.2756E-01
   0.2626E-01
   0.2503E-01
   0.2386E-01
   0.2274E-01
   0.2168E-01
   0.2067E-01
   0.1970E-01
   0.1879E-01
   0.1792E-01
   0.1709E-01
   0.6705E-01
   0.6387E-01
   0.6084E-01
   0.5796E-01
   0.5521E-01
   0.5260E-01
   0.5011E-01
   0.4773E-01
   0.4547E-01
   0.4332E-01
   0.4127E-01
   0.3932E-01
   0.3746E-01
   0.3569E-01
   0.3400E-01
   0.3240E-01
   0.3087E-01
   0.2941E-01
   0.2803E-01
   0.2671E-01
   0.2545E-01
   0.2425E-01
   0.2311E-01
   0.2203E-01
   0.2100E-01
   0.2002E-01
   0.1908E-01
   0.1819E-01
   0.1734E-01
   0.1654E-01
   0.1577E-01
   0.1504E-01
   0.5776E-01
   0.5503E-01
   0.5242E-01
   0.4993E-01
   0.4757E-01
   0.4531E-01
   0.4317E-01
   0.4112E-01
   0.3918E-01
   0.3732E-01
   0.3556E-01
   0.3387E-01
   0.3227E-01
   0.3075E-01
   0.2929E-01
   0.2791E-01
   0.2659E-01
   0.2534E-01
   0.2414E-01
   0.2301E-01
   0.2193E-01
   0.2089E-01
   0.1991E-01
   0.1898E-01
   0.1809E-01
   0.1724E-01
   0.1644E-01
   0.1567E-01
   0.1494E-01
   0.1425E-01
   0.1359E-01
   0.1296E-01
   0.4834E-01
   0.4605E-01
   0.4387E-01
   0.4179E-01
   0.3981E-01
   0.3793E-01
   0.3613E-01
   0.3442E-01
   0.3279E-01
   0.3124E-01
   0.2976E-01
   0.2835E-01
   0.2701E-01
   0.2573E-01
   0.2452E-01
   0.2336E-01
   0.2226E-01
   0.2121E-01
   0.2021E-01
   0.1926E-01
   0.1835E-01
   0.1749E-01
   0.1667E-01
   0.1588E-01
   0.1514E-01
   0.1443E-01
   0.1376E-01
   0.1312E-01
   0.1251E-01
   0.1192E-01
   0.1137E-01
   0.1084E-01
   0.3881E-01
   0.3697E-01
   0.3522E-01
   0.3355E-01
   0.3196E-01
   0.3045E-01
   0.2900E-01
   0.2763E-01
   0.2632E-01
   0.2508E-01
   0.2389E-01
   0.2276E-01
   0.2168E-01
   0.2066E-01
   0.1968E-01
   0.1875E-01
   0.1787E-01
   0.1702E-01
   0.1622E-01
   0.1546E-01
   0.1473E-01
   0.1404E-01
   0.1338E-01
   0.1275E-01
   0.1216E-01
   0.1159E-01
   0.1105E-01
   0.1053E-01
   0.1004E-01
   0.9572E-02
   0.9128E-02
   0.8705E-02
   0.2919E-01
   0.2780E-01
   0.2649E-01
   0.2523E-01
   0.2404E-01
   0.2290E-01
   0.2181E-01
   0.2078E-01
   0.1980E-01
   0.1886E-01
   0.1797E-01
   0.1712E-01
   0.1631E-01
   0.1554E-01
   0.1480E-01
   0.1410E-01
   0.1344E-01
   0.1280E-01
   0.1220E-01
   0.1163E-01
   0.1108E-01
   0.1056E-01
   0.1006E-01
   0.9590E-02
   0.9141E-02
   0.8714E-02
   0.8306E-02
   0.7919E-02
   0.7550E-02
   0.7199E-02
   0.6865E-02
   0.6547E-02
   0.1950E-01
   0.1857E-01
   0.1769E-01
   0.1685E-01
   0.1606E-01
   0.1529E-01
   0.1457E-01
   0.1388E-01
   0.1322E-01
   0.1260E-01
   0.1200E-01
   0.1143E-01
   0.1089E-01
   0.1038E-01
   0.9887E-02
   0.9420E-02
   0.8976E-02
   0.8552E-02
   0.8149E-02
   0.7766E-02
   0.7400E-02
   0.7052E-02
   0.6721E-02
   0.6406E-02
   0.6106E-02
   0.5820E-02
   0.5548E-02
   0.5290E-02
   0.5043E-02
   0.4809E-02
   0.4585E-02
   0.4373E-02
   0.9760E-02
   0.9297E-02
   0.8857E-02
   0.8437E-02
   0.8037E-02
   0.7656E-02
   0.7294E-02
   0.6948E-02
   0.6619E-02
   0.6306E-02
   0.6007E-02
   0.5723E-02
   0.5453E-02
   0.5195E-02
   0.4949E-02
   0.4716E-02
   0.4493E-02
   0.4281E-02
   0.4079E-02
   0.3887E-02
   0.3704E-02
   0.3530E-02
   0.3365E-02
   0.3207E-02
   0.3057E-02
   0.2914E-02
   0.2777E-02
   0.2648E-02
   0.2525E-02
   0.2407E-02
   0.2295E-02
   0.2189E-02
