   0.1679E-01
   0.1510E-01
   0.1358E-01
   0.1223E-01
   0.1102E-01
   0.9941E-02
   0.8986E-02
   0.8141E-02
   0.7398E-02
   0.6747E-02
   0.6179E-02
   0.5686E-02
   0.5262E-02
   0.4898E-02
   0.4588E-02
   0.4327E-02
   0.3342E-01
   0.3006E-01
   0.2704E-01
   0.2434E-01
   0.2194E-01
   0.1979E-01
   0.1789E-01
   0.1621E-01
   0.1473E-01
   0.1343E-01
   0.1230E-01
   0.1132E-01
   0.1048E-01
   0.9751E-02
   0.9134E-02
   0.8614E-02
   0.4975E-01
   0.4475E-01
   0.4026E-01
   0.3624E-01
   0.3265E-01
   0.2946E-01
   0.2663E-01
   0.2413E-01
   0.2193E-01
   0.2000E-01
   0.1831E-01
   0.1685E-01
   0.1559E-01
   0.1452E-01
   0.1360E-01
   0.1282E-01
   0.6563E-01
   0.5903E-01
   0.5311E-01
   0.4781E-01
   0.4308E-01
   0.3887E-01
   0.3513E-01
   0.3183E-01
   0.2893E-01
   0.2638E-01
   0.2416E-01
   0.2223E-01
   0.2057E-01
   0.1915E-01
   0.1794E-01
   0.1692E-01
   0.8092E-01
   0.7278E-01
   0.6548E-01
   0.5894E-01
   0.5311E-01
   0.4792E-01
   0.4332E-01
   0.3925E-01
   0.3566E-01
   0.3252E-01
   0.2979E-01
   0.2741E-01
   0.2536E-01
   0.2361E-01
   0.2212E-01
   0.2086E-01
   0.9548E-01
   0.8587E-01
   0.7726E-01
   0.6955E-01
   0.6266E-01
   0.5654E-01
   0.5111E-01
   0.4631E-01
   0.4208E-01
   0.3837E-01
   0.3514E-01
   0.3234E-01
   0.2993E-01
   0.2786E-01
   0.2609E-01
   0.2461E-01
   0.1092E+00
   0.9818E-01
   0.8833E-01
   0.7952E-01
   0.7165E-01
   0.6465E-01
   0.5843E-01
   0.5294E-01
   0.4811E-01
   0.4388E-01
   0.4018E-01
   0.3698E-01
   0.3422E-01
   0.3185E-01
   0.2984E-01
   0.2814E-01
   0.1219E+00
   0.1096E+00
   0.9861E-01
   0.8877E-01
   0.7998E-01
   0.7217E-01
   0.6523E-01
   0.5910E-01
   0.5371E-01
   0.4898E-01
   0.4486E-01
   0.4128E-01
   0.3820E-01
   0.3556E-01
   0.3331E-01
   0.3141E-01
   0.1335E+00
   0.1200E+00
   0.1080E+00
   0.9722E-01
   0.8760E-01
   0.7903E-01
   0.7144E-01
   0.6473E-01
   0.5882E-01
   0.5364E-01
   0.4913E-01
   0.4521E-01
   0.4183E-01
   0.3894E-01
   0.3648E-01
   0.3440E-01
   0.1439E+00
   0.1294E+00
   0.1164E+00
   0.1048E+00
   0.9441E-01
   0.8519E-01
   0.7700E-01
   0.6977E-01
   0.6340E-01
   0.5782E-01
   0.5295E-01
   0.4873E-01
   0.4509E-01
   0.4197E-01
   0.3932E-01
   0.3708E-01
   0.1529E+00
   0.1376E+00
   0.1238E+00
   0.1114E+00
   0.1004E+00
   0.9057E-01
   0.8186E-01
   0.7417E-01
   0.6740E-01
   0.6147E-01
   0.5630E-01
   0.5181E-01
   0.4794E-01
   0.4462E-01
   0.4180E-01
   0.3942E-01
   0.1606E+00
   0.1445E+00
   0.1300E+00
   0.1170E+00
   0.1054E+00
   0.9513E-01
   0.8599E-01
   0.7791E-01
   0.7080E-01
   0.6457E-01
   0.5913E-01
   0.5442E-01
   0.5035E-01
   0.4687E-01
   0.4390E-01
   0.4140E-01
   0.1669E+00
   0.1501E+00
   0.1350E+00
   0.1216E+00
   0.1095E+00
   0.9883E-01
   0.8933E-01
   0.8094E-01
   0.7355E-01
   0.6708E-01
   0.6143E-01
   0.5653E-01
   0.5231E-01
   0.4869E-01
   0.4561E-01
   0.4301E-01
   0.1716E+00
   0.1544E+00
   0.1389E+00
   0.1250E+00
   0.1126E+00
   0.1016E+00
   0.9186E-01
   0.8323E-01
   0.7564E-01
   0.6898E-01
   0.6317E-01
   0.5814E-01
   0.5379E-01
   0.5007E-01
   0.4691E-01
   0.4423E-01
   0.1748E+00
   0.1572E+00
   0.1414E+00
   0.1273E+00
   0.1147E+00
   0.1035E+00
   0.9357E-01
   0.8478E-01
   0.7704E-01
   0.7026E-01
   0.6434E-01
   0.5921E-01
   0.5479E-01
   0.5100E-01
   0.4777E-01
   0.4505E-01
   0.1764E+00
   0.1587E+00
   0.1427E+00
   0.1285E+00
   0.1158E+00
   0.1045E+00
   0.9442E-01
   0.8555E-01
   0.7774E-01
   0.7090E-01
   0.6493E-01
   0.5975E-01
   0.5529E-01
   0.5146E-01
   0.4821E-01
   0.4546E-01
   0.1764E+00
   0.1587E+00
   0.1427E+00
   0.1285E+00
   0.1158E+00
   0.1045E+00
   0.9442E-01
   0.8555E-01
   0.7774E-01
   0.7090E-01
   0.6493E-01
   0.5975E-01
   0.5529E-01
   0.5146E-01
   0.4821E-01
   0.4546E-01
   0.1748E+00
   0.1572E+00
   0.1414E+00
   0.1273E+00
   0.1147E+00
   0.1035E+00
   0.9357E-01
   0.8478E-01
   0.7704E-01
   0.7026E-01
   0.6434E-01
   0.5921E-01
   0.5479E-01
   0.5100E-01
   0.4777E-01
   0.4505E-01
   0.1716E+00
   0.1544E+00
   0.1389E+00
   0.1250E+00
   0.1126E+00
   0.1016E+00
   0.9186E-01
   0.8323E-01
   0.7564E-01
   0.6898E-01
   0.6317E-01
   0.5814E-01
   0.5379E-01
   0.5007E-01
   0.4691E-01
   0.4423E-01
   0.1669E+00
   0.1501E+00
   0.1350E+00
   0.1216E+00
   0.1095E+00
   0.9883E-01
   0.8933E-01
   0.8094E-01
   0.7355E-01
   0.6708E-01
   0.6143E-01
   0.5653E-01
   0.5231E-01
   0.4869E-01
   0.4561E-01
   0.4301E-01
   0.1606E+00
   0.1445E+00
   0.1300E+00
   0.1170E+00
   0.1054E+00
   0.9513E-01
   0.8599E-01
   0.7791E-01
   0.7080E-01
   0.6457E-01
   0.5913E-01
   0.5442E-01
   0.5035E-01
   0.4687E-01
   0.4390E-01
   0.4140E-01
   0.1529E+00
   0.1376E+00
   0.1238E+00
   0.1114E+00
   0.1004E+00
   0.9057E-01
   0.8186E-01
   0.7417E-01
   0.6740E-01
   0.6147E-01
   0.5630E-01
   0.5181E-01
   0.4794E-01
   0.4462E-01
   0.4180E-01
   0.3942E-01
   0.1439E+00
   0.1294E+00
   0.1164E+00
   0.1048E+00
   0.9441E-01
   0.8519E-01
   0.7700E-01
   0.6977E-01
   0.6340E-01
   0.5782E-01
   0.5295E-01
   0.4873E-01
   0.4509E-01
   0.4197E-01
   0.3932E-01
   0.3708E-01
   0.1335E+00
   0.1200E+00
   0.1080E+00
   0.9722E-01
   0.8760E-01
   0.7903E-01
   0.7144E-01
   0.6473E-01
   0.5882E-01
   0.5364E-01
   0.4913E-01
   0.4521E-01
   0.4183E-01
   0.3894E-01
   0.3648E-01
   0.3440E-01
   0.1219E+00
   0.1096E+00
   0.9861E-01
   0.8877E-01
   0.7998E-01
   0.7217E-01
   0.6523E-01
   0.5910E-01
   0.5371E-01
   0.4898E-01
   0.4486E-01
   0.4128E-01
   0.3820E-01
   0.3556E-01
   0.3331E-01
   0.3141E-01
   0.1092E+00
   0.9818E-01
   0.8833E-01
   0.7952E-01
   0.7165E-01
   0.6465E-01
   0.5843E-01
   0.5294E-01
   0.4811E-01
   0.4388E-01
   0.4018E-01
   0.3698E-01
   0.3422E-01
   0.3185E-01
   0.2984E-01
   0.2814E-01
   0.9548E-01
   0.8587E-01
   0.7726E-01
   0.6955E-01
   0.6266E-01
   0.5654E-01
   0.5111E-01
   0.4631E-01
   0.4208E-01
   0.3837E-01
   0.3514E-01
   0.3234E-01
   0.2993E-01
   0.2786E-01
   0.2609E-01
   0.2461E-01
   0.8092E-01
   0.7278E-01
   0.6548E-01
   0.5894E-01
   0.5311E-01
   0.4792E-01
   0.4332E-01
   0.3925E-01
   0.3566E-01
   0.3252E-01
   0.2979E-01
   0.2741E-01
   0.2536E-01
   0.2361E-01
   0.2212E-01
   0.2086E-01
   0.6563E-01
   0.5903E-01
   0.5311E-01
   0.4781E-01
   0.4308E-01
   0.3887E-01
   0.3513E-01
   0.3183E-01
   0.2893E-01
   0.2638E-01
   0.2416E-01
   0.2223E-01
   0.2057E-01
   0.1915E-01
   0.1794E-01
   0.1692E-01
   0.4975E-01
   0.4475E-01
   0.4026E-01
   0.3624E-01
   0.3265E-01
   0.2946E-01
   0.2663E-01
   0.2413E-01
   0.2193E-01
   0.2000E-01
   0.1831E-01
   0.1685E-01
   0.1559E-01
   0.1452E-01
   0.1360E-01
   0.1282E-01
   0.3342E-01
   0.3006E-01
   0.2704E-01
   0.2434E-01
   0.2194E-01
   0.1979E-01
   0.1789E-01
   0.1621E-01
   0.1473E-01
   0.1343E-01
   0.1230E-01
   0.1132E-01
   0.1048E-01
   0.9751E-02
   0.9134E-02
   0.8614E-02
   0.1679E-01
   0.1510E-01
   0.1358E-01
   0.1223E-01
   0.1102E-01
   0.9941E-02
   0.8986E-02
   0.8141E-02
   0.7398E-02
   0.6747E-02
   0.6179E-02
   0.5686E-02
   0.5262E-02
   0.4898E-02
   0.4588E-02
   0.4327E-02
