   0.0000E+00
   0.1837E+00
   0.3612E+00
   0.5264E+00
   0.6737E+00
   0.7980E+00
   0.8952E+00
   0.9618E+00
   0.9957E+00
   0.9957E+00
   0.9618E+00
   0.8952E+00
   0.7980E+00
   0.6737E+00
   0.5264E+00
   0.3612E+00
   0.1837E+00
  -0.8742E-07
   0.0000E+00
   0.1528E+00
   0.3003E+00
   0.4376E+00
   0.5601E+00
   0.6634E+00
   0.7442E+00
   0.7996E+00
   0.8278E+00
   0.8278E+00
   0.7996E+00
   0.7442E+00
   0.6634E+00
   0.5601E+00
   0.4376E+00
   0.3003E+00
   0.1528E+00
   0.0000E+00
   0.0000E+00
   0.1270E+00
   0.2496E+00
   0.3638E+00
   0.4655E+00
   0.5514E+00
   0.6186E+00
   0.6646E+00
   0.6881E+00
   0.6881E+00
   0.6646E+00
   0.6186E+00
   0.5514E+00
   0.4655E+00
   0.3638E+00
   0.2496E+00
   0.1270E+00
   0.0000E+00
   0.0000E+00
   0.1055E+00
   0.2075E+00
   0.3023E+00
   0.3869E+00
   0.4583E+00
   0.5141E+00
   0.5524E+00
   0.5718E+00
   0.5718E+00
   0.5524E+00
   0.5141E+00
   0.4583E+00
   0.3869E+00
   0.3023E+00
   0.2075E+00
   0.1055E+00
   0.0000E+00
   0.0000E+00
   0.8768E-01
   0.1724E+00
   0.2512E+00
   0.3215E+00
   0.3808E+00
   0.4271E+00
   0.4589E+00
   0.4751E+00
   0.4751E+00
   0.4589E+00
   0.4271E+00
   0.3808E+00
   0.3215E+00
   0.2512E+00
   0.1724E+00
   0.8768E-01
   0.0000E+00
   0.0000E+00
   0.7283E-01
   0.1432E+00
   0.2087E+00
   0.2670E+00
   0.3163E+00
   0.3548E+00
   0.3812E+00
   0.3947E+00
   0.3947E+00
   0.3812E+00
   0.3548E+00
   0.3163E+00
   0.2670E+00
   0.2087E+00
   0.1432E+00
   0.7283E-01
   0.0000E+00
   0.0000E+00
   0.6049E-01
   0.1189E+00
   0.1733E+00
   0.2218E+00
   0.2627E+00
   0.2947E+00
   0.3166E+00
   0.3278E+00
   0.3278E+00
   0.3166E+00
   0.2947E+00
   0.2627E+00
   0.2218E+00
   0.1733E+00
   0.1189E+00
   0.6049E-01
   0.0000E+00
   0.0000E+00
   0.5023E-01
   0.9875E-01
   0.1439E+00
   0.1842E+00
   0.2181E+00
   0.2447E+00
   0.2629E+00
   0.2722E+00
   0.2722E+00
   0.2629E+00
   0.2447E+00
   0.2181E+00
   0.1842E+00
   0.1439E+00
   0.9875E-01
   0.5023E-01
   0.0000E+00
   0.0000E+00
   0.4170E-01
   0.8198E-01
   0.1195E+00
   0.1529E+00
   0.1811E+00
   0.2032E+00
   0.2183E+00
   0.2260E+00
   0.2260E+00
   0.2183E+00
   0.2032E+00
   0.1811E+00
   0.1529E+00
   0.1195E+00
   0.8198E-01
   0.4170E-01
   0.0000E+00
   0.0000E+00
   0.3462E-01
   0.6806E-01
   0.9918E-01
   0.1269E+00
   0.1503E+00
   0.1686E+00
   0.1812E+00
   0.1876E+00
   0.1876E+00
   0.1812E+00
   0.1686E+00
   0.1503E+00
   0.1269E+00
   0.9918E-01
   0.6806E-01
   0.3462E-01
   0.0000E+00
   0.0000E+00
   0.2874E-01
   0.5650E-01
   0.8233E-01
   0.1054E+00
   0.1248E+00
   0.1400E+00
   0.1504E+00
   0.1557E+00
   0.1557E+00
   0.1504E+00
   0.1400E+00
   0.1248E+00
   0.1054E+00
   0.8233E-01
   0.5650E-01
   0.2874E-01
   0.0000E+00
   0.0000E+00
   0.2386E-01
   0.4691E-01
   0.6836E-01
   0.8748E-01
   0.1036E+00
   0.1162E+00
   0.1249E+00
   0.1293E+00
   0.1293E+00
   0.1249E+00
   0.1162E+00
   0.1036E+00
   0.8748E-01
   0.6836E-01
   0.4691E-01
   0.2386E-01
   0.0000E+00
   0.0000E+00
   0.1982E-01
   0.3896E-01
   0.5678E-01
   0.7266E-01
   0.8607E-01
   0.9654E-01
   0.1037E+00
   0.1074E+00
   0.1074E+00
   0.1037E+00
   0.9654E-01
   0.8607E-01
   0.7266E-01
   0.5678E-01
   0.3896E-01
   0.1982E-01
   0.0000E+00
   0.0000E+00
   0.1647E-01
   0.3238E-01
   0.4718E-01
   0.6038E-01
   0.7152E-01
   0.8023E-01
   0.8620E-01
   0.8924E-01
   0.8924E-01
   0.8620E-01
   0.8023E-01
   0.7152E-01
   0.6038E-01
   0.4718E-01
   0.3238E-01
   0.1647E-01
   0.0000E+00
   0.0000E+00
   0.1370E-01
   0.2693E-01
   0.3924E-01
   0.5022E-01
   0.5948E-01
   0.6672E-01
   0.7169E-01
   0.7422E-01
   0.7422E-01
   0.7169E-01
   0.6672E-01
   0.5948E-01
   0.5022E-01
   0.3924E-01
   0.2693E-01
   0.1370E-01
   0.0000E+00
   0.0000E+00
   0.1140E-01
   0.2242E-01
   0.3267E-01
   0.4181E-01
   0.4952E-01
   0.5555E-01
   0.5969E-01
   0.6180E-01
   0.6180E-01
   0.5969E-01
   0.5555E-01
   0.4952E-01
   0.4181E-01
   0.3267E-01
   0.2242E-01
   0.1140E-01
   0.0000E+00
   0.0000E+00
   0.9508E-02
   0.1869E-01
   0.2724E-01
   0.3486E-01
   0.4129E-01
   0.4632E-01
   0.4977E-01
   0.5152E-01
   0.5152E-01
   0.4977E-01
   0.4632E-01
   0.4129E-01
   0.3486E-01
   0.2724E-01
   0.1869E-01
   0.9508E-02
   0.0000E+00
   0.0000E+00
   0.7941E-02
   0.1561E-01
   0.2275E-01
   0.2911E-01
   0.3449E-01
   0.3868E-01
   0.4156E-01
   0.4303E-01
   0.4303E-01
   0.4156E-01
   0.3868E-01
   0.3449E-01
   0.2911E-01
   0.2275E-01
   0.1561E-01
   0.7941E-02
  -0.3778E-08
