   0.0000E+00
   0.2074E-01
   0.4129E-01
   0.6146E-01
   0.8108E-01
   0.9996E-01
   0.1179E+00
   0.1349E+00
   0.1505E+00
   0.1649E+00
   0.1777E+00
   0.1889E+00
   0.1984E+00
   0.2062E+00
   0.2120E+00
   0.2159E+00
   0.2179E+00
   0.2179E+00
   0.2159E+00
   0.2120E+00
   0.2062E+00
   0.1984E+00
   0.1889E+00
   0.1777E+00
   0.1649E+00
   0.1505E+00
   0.1349E+00
   0.1179E+00
   0.9996E-01
   0.8108E-01
   0.6146E-01
   0.4129E-01
   0.2074E-01
   0.0000E+00
   0.0000E+00
   0.1885E-01
   0.3754E-01
   0.5588E-01
   0.7372E-01
   0.9089E-01
   0.1072E+00
   0.1226E+00
   0.1369E+00
   0.1499E+00
   0.1616E+00
   0.1718E+00
   0.1804E+00
   0.1874E+00
   0.1928E+00
   0.1963E+00
   0.1981E+00
   0.1981E+00
   0.1963E+00
   0.1928E+00
   0.1874E+00
   0.1804E+00
   0.1718E+00
   0.1616E+00
   0.1499E+00
   0.1369E+00
   0.1226E+00
   0.1072E+00
   0.9089E-01
   0.7372E-01
   0.5588E-01
   0.3754E-01
   0.1885E-01
   0.0000E+00
   0.0000E+00
   0.1714E-01
   0.3413E-01
   0.5081E-01
   0.6702E-01
   0.8263E-01
   0.9750E-01
   0.1115E+00
   0.1244E+00
   0.1363E+00
   0.1469E+00
   0.1562E+00
   0.1640E+00
   0.1704E+00
   0.1752E+00
   0.1785E+00
   0.1801E+00
   0.1801E+00
   0.1785E+00
   0.1752E+00
   0.1704E+00
   0.1640E+00
   0.1562E+00
   0.1469E+00
   0.1363E+00
   0.1244E+00
   0.1115E+00
   0.9750E-01
   0.8263E-01
   0.6702E-01
   0.5081E-01
   0.3413E-01
   0.1714E-01
   0.0000E+00
   0.0000E+00
   0.1559E-01
   0.3103E-01
   0.4619E-01
   0.6094E-01
   0.7513E-01
   0.8864E-01
   0.1014E+00
   0.1131E+00
   0.1239E+00
   0.1336E+00
   0.1420E+00
   0.1491E+00
   0.1549E+00
   0.1593E+00
   0.1623E+00
   0.1638E+00
   0.1638E+00
   0.1623E+00
   0.1593E+00
   0.1549E+00
   0.1491E+00
   0.1420E+00
   0.1336E+00
   0.1239E+00
   0.1131E+00
   0.1014E+00
   0.8864E-01
   0.7513E-01
   0.6094E-01
   0.4619E-01
   0.3103E-01
   0.1559E-01
   0.0000E+00
   0.0000E+00
   0.1417E-01
   0.2821E-01
   0.4200E-01
   0.5540E-01
   0.6831E-01
   0.8059E-01
   0.9215E-01
   0.1029E+00
   0.1127E+00
   0.1214E+00
   0.1291E+00
   0.1356E+00
   0.1409E+00
   0.1449E+00
   0.1476E+00
   0.1489E+00
   0.1489E+00
   0.1476E+00
   0.1449E+00
   0.1409E+00
   0.1356E+00
   0.1291E+00
   0.1214E+00
   0.1127E+00
   0.1029E+00
   0.9215E-01
   0.8059E-01
   0.6831E-01
   0.5540E-01
   0.4200E-01
   0.2821E-01
   0.1417E-01
   0.0000E+00
   0.0000E+00
   0.1288E-01
   0.2565E-01
   0.3818E-01
   0.5037E-01
   0.6210E-01
   0.7327E-01
   0.8378E-01
   0.9353E-01
   0.1024E+00
   0.1104E+00
   0.1174E+00
   0.1233E+00
   0.1281E+00
   0.1317E+00
   0.1342E+00
   0.1354E+00
   0.1354E+00
   0.1342E+00
   0.1317E+00
   0.1281E+00
   0.1233E+00
   0.1174E+00
   0.1104E+00
   0.1024E+00
   0.9353E-01
   0.8378E-01
   0.7327E-01
   0.6210E-01
   0.5037E-01
   0.3818E-01
   0.2565E-01
   0.1288E-01
   0.0000E+00
   0.0000E+00
   0.1171E-01
   0.2332E-01
   0.3472E-01
   0.4580E-01
   0.5646E-01
   0.6662E-01
   0.7617E-01
   0.8503E-01
   0.9313E-01
   0.1004E+00
   0.1067E+00
   0.1121E+00
   0.1164E+00
   0.1197E+00
   0.1220E+00
   0.1231E+00
   0.1231E+00
   0.1220E+00
   0.1197E+00
   0.1164E+00
   0.1121E+00
   0.1067E+00
   0.1004E+00
   0.9313E-01
   0.8503E-01
   0.7617E-01
   0.6662E-01
   0.5646E-01
   0.4580E-01
   0.3472E-01
   0.2332E-01
   0.1171E-01
   0.0000E+00
   0.0000E+00
   0.1065E-01
   0.2120E-01
   0.3156E-01
   0.4164E-01
   0.5134E-01
   0.6057E-01
   0.6925E-01
   0.7731E-01
   0.8467E-01
   0.9126E-01
   0.9702E-01
   0.1019E+00
   0.1059E+00
   0.1089E+00
   0.1109E+00
   0.1119E+00
   0.1119E+00
   0.1109E+00
   0.1089E+00
   0.1059E+00
   0.1019E+00
   0.9702E-01
   0.9126E-01
   0.8467E-01
   0.7731E-01
   0.6925E-01
   0.6057E-01
   0.5134E-01
   0.4164E-01
   0.3156E-01
   0.2120E-01
   0.1065E-01
   0.0000E+00
   0.0000E+00
   0.9682E-02
   0.1928E-01
   0.2870E-01
   0.3786E-01
   0.4667E-01
   0.5507E-01
   0.6296E-01
   0.7029E-01
   0.7698E-01
   0.8297E-01
   0.8821E-01
   0.9265E-01
   0.9625E-01
   0.9898E-01
   0.1008E+00
   0.1017E+00
   0.1017E+00
   0.1008E+00
   0.9898E-01
   0.9625E-01
   0.9265E-01
   0.8821E-01
   0.8297E-01
   0.7698E-01
   0.7029E-01
   0.6296E-01
   0.5507E-01
   0.4667E-01
   0.3786E-01
   0.2870E-01
   0.1928E-01
   0.9682E-02
   0.0000E+00
   0.0000E+00
   0.8803E-02
   0.1753E-01
   0.2609E-01
   0.3442E-01
   0.4243E-01
   0.5007E-01
   0.5724E-01
   0.6390E-01
   0.6999E-01
   0.7543E-01
   0.8020E-01
   0.8424E-01
   0.8751E-01
   0.8999E-01
   0.9166E-01
   0.9250E-01
   0.9250E-01
   0.9166E-01
   0.8999E-01
   0.8751E-01
   0.8424E-01
   0.8020E-01
   0.7543E-01
   0.6999E-01
   0.6390E-01
   0.5724E-01
   0.5007E-01
   0.4243E-01
   0.3442E-01
   0.2609E-01
   0.1753E-01
   0.8803E-02
   0.0000E+00
   0.0000E+00
   0.8003E-02
   0.1593E-01
   0.2372E-01
   0.3129E-01
   0.3858E-01
   0.4552E-01
   0.5204E-01
   0.5810E-01
   0.6363E-01
   0.6858E-01
   0.7291E-01
   0.7658E-01
   0.7956E-01
   0.8182E-01
   0.8334E-01
   0.8410E-01
   0.8410E-01
   0.8334E-01
   0.8182E-01
   0.7956E-01
   0.7658E-01
   0.7291E-01
   0.6858E-01
   0.6363E-01
   0.5810E-01
   0.5204E-01
   0.4552E-01
   0.3858E-01
   0.3129E-01
   0.2372E-01
   0.1593E-01
   0.8003E-02
   0.0000E+00
   0.0000E+00
   0.7276E-02
   0.1449E-01
   0.2157E-01
   0.2845E-01
   0.3508E-01
   0.4138E-01
   0.4732E-01
   0.5282E-01
   0.5785E-01
   0.6235E-01
   0.6629E-01
   0.6963E-01
   0.7234E-01
   0.7439E-01
   0.7577E-01
   0.7646E-01
   0.7646E-01
   0.7577E-01
   0.7439E-01
   0.7234E-01
   0.6963E-01
   0.6629E-01
   0.6235E-01
   0.5785E-01
   0.5282E-01
   0.4732E-01
   0.4138E-01
   0.3508E-01
   0.2845E-01
   0.2157E-01
   0.1449E-01
   0.7276E-02
   0.0000E+00
   0.0000E+00
   0.6615E-02
   0.1317E-01
   0.1961E-01
   0.2586E-01
   0.3189E-01
   0.3762E-01
   0.4302E-01
   0.4802E-01
   0.5259E-01
   0.5669E-01
   0.6027E-01
   0.6330E-01
   0.6576E-01
   0.6763E-01
   0.6888E-01
   0.6951E-01
   0.6951E-01
   0.6888E-01
   0.6763E-01
   0.6576E-01
   0.6330E-01
   0.6027E-01
   0.5669E-01
   0.5259E-01
   0.4802E-01
   0.4302E-01
   0.3762E-01
   0.3189E-01
   0.2586E-01
   0.1961E-01
   0.1317E-01
   0.6615E-02
   0.0000E+00
   0.0000E+00
   0.6014E-02
   0.1197E-01
   0.1782E-01
   0.2351E-01
   0.2899E-01
   0.3421E-01
   0.3911E-01
   0.4366E-01
   0.4782E-01
   0.5154E-01
   0.5479E-01
   0.5755E-01
   0.5979E-01
   0.6148E-01
   0.6262E-01
   0.6320E-01
   0.6320E-01
   0.6262E-01
   0.6148E-01
   0.5979E-01
   0.5755E-01
   0.5479E-01
   0.5154E-01
   0.4782E-01
   0.4366E-01
   0.3911E-01
   0.3421E-01
   0.2899E-01
   0.2351E-01
   0.1782E-01
   0.1197E-01
   0.6014E-02
   0.0000E+00
   0.0000E+00
   0.5468E-02
   0.1089E-01
   0.1621E-01
   0.2138E-01
   0.2636E-01
   0.3110E-01
   0.3556E-01
   0.3969E-01
   0.4347E-01
   0.4685E-01
   0.4981E-01
   0.5232E-01
   0.5436E-01
   0.5590E-01
   0.5693E-01
   0.5745E-01
   0.5745E-01
   0.5693E-01
   0.5590E-01
   0.5436E-01
   0.5232E-01
   0.4981E-01
   0.4685E-01
   0.4347E-01
   0.3969E-01
   0.3556E-01
   0.3110E-01
   0.2636E-01
   0.2138E-01
   0.1621E-01
   0.1089E-01
   0.5468E-02
   0.0000E+00
   0.0000E+00
   0.4971E-02
   0.9896E-02
   0.1473E-01
   0.1943E-01
   0.2396E-01
   0.2827E-01
   0.3232E-01
   0.3609E-01
   0.3952E-01
   0.4260E-01
   0.4529E-01
   0.4757E-01
   0.4942E-01
   0.5082E-01
   0.5176E-01
   0.5223E-01
   0.5223E-01
   0.5176E-01
   0.5082E-01
   0.4942E-01
   0.4757E-01
   0.4529E-01
   0.4260E-01
   0.3952E-01
   0.3609E-01
   0.3232E-01
   0.2827E-01
   0.2396E-01
   0.1943E-01
   0.1473E-01
   0.9896E-02
   0.4971E-02
   0.0000E+00
   0.0000E+00
   0.4519E-02
   0.8996E-02
   0.1339E-01
   0.1767E-01
   0.2178E-01
   0.2570E-01
   0.2939E-01
   0.3280E-01
   0.3593E-01
   0.3872E-01
   0.4117E-01
   0.4324E-01
   0.4492E-01
   0.4620E-01
   0.4705E-01
   0.4748E-01
   0.4748E-01
   0.4705E-01
   0.4620E-01
   0.4492E-01
   0.4324E-01
   0.4117E-01
   0.3872E-01
   0.3593E-01
   0.3280E-01
   0.2939E-01
   0.2570E-01
   0.2178E-01
   0.1767E-01
   0.1339E-01
   0.8996E-02
   0.4519E-02
   0.0000E+00
   0.0000E+00
   0.4108E-02
   0.8178E-02
   0.1217E-01
   0.1606E-01
   0.1980E-01
   0.2336E-01
   0.2671E-01
   0.2982E-01
   0.3266E-01
   0.3520E-01
   0.3742E-01
   0.3931E-01
   0.4084E-01
   0.4200E-01
   0.4277E-01
   0.4316E-01
   0.4316E-01
   0.4277E-01
   0.4200E-01
   0.4084E-01
   0.3931E-01
   0.3742E-01
   0.3520E-01
   0.3266E-01
   0.2982E-01
   0.2671E-01
   0.2336E-01
   0.1980E-01
   0.1606E-01
   0.1217E-01
   0.8178E-02
   0.4108E-02
  -0.1408E-07
