   0.0000E+00
   0.3089E-01
   0.6072E-01
   0.8849E-01
   0.1132E+00
   0.1341E+00
   0.1505E+00
   0.1617E+00
   0.1674E+00
   0.1674E+00
   0.1617E+00
   0.1505E+00
   0.1341E+00
   0.1132E+00
   0.8849E-01
   0.6072E-01
   0.3089E-01
   0.0000E+00
   0.0000E+00
   0.2403E-01
   0.4724E-01
   0.6884E-01
   0.8810E-01
   0.1044E+00
   0.1171E+00
   0.1258E+00
   0.1302E+00
   0.1302E+00
   0.1258E+00
   0.1171E+00
   0.1044E+00
   0.8810E-01
   0.6884E-01
   0.4724E-01
   0.2403E-01
   0.0000E+00
   0.0000E+00
   0.1872E-01
   0.3681E-01
   0.5364E-01
   0.6864E-01
   0.8131E-01
   0.9121E-01
   0.9800E-01
   0.1015E+00
   0.1015E+00
   0.9800E-01
   0.9121E-01
   0.8131E-01
   0.6864E-01
   0.5364E-01
   0.3681E-01
   0.1872E-01
   0.0000E+00
   0.0000E+00
   0.1472E-01
   0.2895E-01
   0.4218E-01
   0.5398E-01
   0.6395E-01
   0.7173E-01
   0.7707E-01
   0.7979E-01
   0.7979E-01
   0.7707E-01
   0.7173E-01
   0.6395E-01
   0.5398E-01
   0.4218E-01
   0.2895E-01
   0.1472E-01
   0.0000E+00
   0.0000E+00
   0.1182E-01
   0.2324E-01
   0.3387E-01
   0.4335E-01
   0.5135E-01
   0.5760E-01
   0.6189E-01
   0.6407E-01
   0.6407E-01
   0.6189E-01
   0.5760E-01
   0.5135E-01
   0.4335E-01
   0.3387E-01
   0.2324E-01
   0.1182E-01
   0.0000E+00
   0.0000E+00
   0.9829E-02
   0.1932E-01
   0.2816E-01
   0.3604E-01
   0.4269E-01
   0.4788E-01
   0.5145E-01
   0.5326E-01
   0.5326E-01
   0.5145E-01
   0.4788E-01
   0.4269E-01
   0.3604E-01
   0.2816E-01
   0.1932E-01
   0.9829E-02
   0.0000E+00
   0.0000E+00
   0.8577E-02
   0.1686E-01
   0.2457E-01
   0.3145E-01
   0.3725E-01
   0.4179E-01
   0.4490E-01
   0.4648E-01
   0.4648E-01
   0.4490E-01
   0.4179E-01
   0.3725E-01
   0.3145E-01
   0.2457E-01
   0.1686E-01
   0.8577E-02
   0.0000E+00
   0.0000E+00
   0.7926E-02
   0.1558E-01
   0.2271E-01
   0.2906E-01
   0.3442E-01
   0.3861E-01
   0.4149E-01
   0.4295E-01
   0.4295E-01
   0.4149E-01
   0.3861E-01
   0.3442E-01
   0.2906E-01
   0.2271E-01
   0.1558E-01
   0.7926E-02
   0.0000E+00
   0.0000E+00
   0.7750E-02
   0.1524E-01
   0.2220E-01
   0.2841E-01
   0.3366E-01
   0.3776E-01
   0.4057E-01
   0.4200E-01
   0.4200E-01
   0.4057E-01
   0.3776E-01
   0.3366E-01
   0.2841E-01
   0.2220E-01
   0.1524E-01
   0.7750E-02
   0.0000E+00
   0.0000E+00
   0.7941E-02
   0.1561E-01
   0.2275E-01
   0.2911E-01
   0.3449E-01
   0.3868E-01
   0.4156E-01
   0.4303E-01
   0.4303E-01
   0.4156E-01
   0.3868E-01
   0.3449E-01
   0.2911E-01
   0.2275E-01
   0.1561E-01
   0.7941E-02
  -0.3778E-08
