   0.0000E+00
   0.4831E-01
   0.9651E-01
   0.1445E+00
   0.1921E+00
   0.2393E+00
   0.2859E+00
   0.3319E+00
   0.3771E+00
   0.4214E+00
   0.4647E+00
   0.5070E+00
   0.5480E+00
   0.5878E+00
   0.6262E+00
   0.6631E+00
   0.6985E+00
   0.7323E+00
   0.7643E+00
   0.7946E+00
   0.8230E+00
   0.8495E+00
   0.8740E+00
   0.8964E+00
   0.9168E+00
   0.9350E+00
   0.9511E+00
   0.9649E+00
   0.9764E+00
   0.9857E+00
   0.9927E+00
   0.9974E+00
   0.9997E+00
   0.9997E+00
   0.9974E+00
   0.9927E+00
   0.9857E+00
   0.9764E+00
   0.9649E+00
   0.9511E+00
   0.9350E+00
   0.9168E+00
   0.8964E+00
   0.8740E+00
   0.8495E+00
   0.8230E+00
   0.7946E+00
   0.7643E+00
   0.7323E+00
   0.6985E+00
   0.6631E+00
   0.6262E+00
   0.5878E+00
   0.5480E+00
   0.5070E+00
   0.4647E+00
   0.4214E+00
   0.3771E+00
   0.3319E+00
   0.2859E+00
   0.2393E+00
   0.1921E+00
   0.1445E+00
   0.9651E-01
   0.4831E-01
  -0.8742E-07
   0.0000E+00
   0.4596E-01
   0.9180E-01
   0.1374E+00
   0.1828E+00
   0.2276E+00
   0.2720E+00
   0.3157E+00
   0.3587E+00
   0.4008E+00
   0.4420E+00
   0.4822E+00
   0.5213E+00
   0.5591E+00
   0.5956E+00
   0.6308E+00
   0.6644E+00
   0.6965E+00
   0.7270E+00
   0.7558E+00
   0.7828E+00
   0.8080E+00
   0.8313E+00
   0.8527E+00
   0.8721E+00
   0.8894E+00
   0.9047E+00
   0.9178E+00
   0.9288E+00
   0.9376E+00
   0.9443E+00
   0.9487E+00
   0.9509E+00
   0.9509E+00
   0.9487E+00
   0.9443E+00
   0.9376E+00
   0.9288E+00
   0.9178E+00
   0.9047E+00
   0.8894E+00
   0.8721E+00
   0.8527E+00
   0.8313E+00
   0.8080E+00
   0.7828E+00
   0.7558E+00
   0.7270E+00
   0.6965E+00
   0.6644E+00
   0.6308E+00
   0.5956E+00
   0.5591E+00
   0.5213E+00
   0.4822E+00
   0.4420E+00
   0.4008E+00
   0.3587E+00
   0.3157E+00
   0.2720E+00
   0.2276E+00
   0.1828E+00
   0.1374E+00
   0.9180E-01
   0.4596E-01
   0.0000E+00
   0.0000E+00
   0.4371E-01
   0.8731E-01
   0.1307E+00
   0.1738E+00
   0.2165E+00
   0.2587E+00
   0.3003E+00
   0.3411E+00
   0.3812E+00
   0.4204E+00
   0.4586E+00
   0.4958E+00
   0.5317E+00
   0.5665E+00
   0.5999E+00
   0.6319E+00
   0.6624E+00
   0.6914E+00
   0.7188E+00
   0.7445E+00
   0.7685E+00
   0.7906E+00
   0.8109E+00
   0.8294E+00
   0.8459E+00
   0.8604E+00
   0.8729E+00
   0.8833E+00
   0.8917E+00
   0.8980E+00
   0.9023E+00
   0.9044E+00
   0.9044E+00
   0.9023E+00
   0.8980E+00
   0.8917E+00
   0.8833E+00
   0.8729E+00
   0.8604E+00
   0.8459E+00
   0.8294E+00
   0.8109E+00
   0.7906E+00
   0.7685E+00
   0.7445E+00
   0.7188E+00
   0.6914E+00
   0.6624E+00
   0.6319E+00
   0.5999E+00
   0.5665E+00
   0.5317E+00
   0.4958E+00
   0.4586E+00
   0.4204E+00
   0.3812E+00
   0.3411E+00
   0.3003E+00
   0.2587E+00
   0.2165E+00
   0.1738E+00
   0.1307E+00
   0.8731E-01
   0.4371E-01
   0.0000E+00
   0.0000E+00
   0.4156E-01
   0.8302E-01
   0.1243E+00
   0.1653E+00
   0.2059E+00
   0.2460E+00
   0.2855E+00
   0.3244E+00
   0.3625E+00
   0.3998E+00
   0.4361E+00
   0.4714E+00
   0.5056E+00
   0.5386E+00
   0.5704E+00
   0.6009E+00
   0.6299E+00
   0.6575E+00
   0.6835E+00
   0.7079E+00
   0.7307E+00
   0.7518E+00
   0.7711E+00
   0.7886E+00
   0.8043E+00
   0.8181E+00
   0.8300E+00
   0.8399E+00
   0.8479E+00
   0.8539E+00
   0.8579E+00
   0.8600E+00
   0.8600E+00
   0.8579E+00
   0.8539E+00
   0.8479E+00
   0.8399E+00
   0.8300E+00
   0.8181E+00
   0.8043E+00
   0.7886E+00
   0.7711E+00
   0.7518E+00
   0.7307E+00
   0.7079E+00
   0.6835E+00
   0.6575E+00
   0.6299E+00
   0.6009E+00
   0.5704E+00
   0.5386E+00
   0.5056E+00
   0.4714E+00
   0.4361E+00
   0.3998E+00
   0.3625E+00
   0.3244E+00
   0.2855E+00
   0.2460E+00
   0.2059E+00
   0.1653E+00
   0.1243E+00
   0.8302E-01
   0.4156E-01
   0.0000E+00
   0.0000E+00
   0.3951E-01
   0.7893E-01
   0.1182E+00
   0.1571E+00
   0.1957E+00
   0.2338E+00
   0.2714E+00
   0.3084E+00
   0.3446E+00
   0.3801E+00
   0.4146E+00
   0.4482E+00
   0.4807E+00
   0.5121E+00
   0.5423E+00
   0.5712E+00
   0.5989E+00
   0.6251E+00
   0.6498E+00
   0.6730E+00
   0.6947E+00
   0.7147E+00
   0.7331E+00
   0.7498E+00
   0.7647E+00
   0.7778E+00
   0.7891E+00
   0.7985E+00
   0.8061E+00
   0.8118E+00
   0.8157E+00
   0.8176E+00
   0.8176E+00
   0.8157E+00
   0.8118E+00
   0.8061E+00
   0.7985E+00
   0.7891E+00
   0.7778E+00
   0.7647E+00
   0.7498E+00
   0.7331E+00
   0.7147E+00
   0.6947E+00
   0.6730E+00
   0.6498E+00
   0.6251E+00
   0.5989E+00
   0.5712E+00
   0.5423E+00
   0.5121E+00
   0.4807E+00
   0.4482E+00
   0.4146E+00
   0.3801E+00
   0.3446E+00
   0.3084E+00
   0.2714E+00
   0.2338E+00
   0.1957E+00
   0.1571E+00
   0.1182E+00
   0.7893E-01
   0.3951E-01
   0.0000E+00
   0.0000E+00
   0.3756E-01
   0.7502E-01
   0.1123E+00
   0.1493E+00
   0.1860E+00
   0.2223E+00
   0.2580E+00
   0.2931E+00
   0.3276E+00
   0.3612E+00
   0.3941E+00
   0.4260E+00
   0.4569E+00
   0.4868E+00
   0.5155E+00
   0.5430E+00
   0.5692E+00
   0.5941E+00
   0.6177E+00
   0.6397E+00
   0.6603E+00
   0.6794E+00
   0.6968E+00
   0.7127E+00
   0.7268E+00
   0.7393E+00
   0.7500E+00
   0.7590E+00
   0.7662E+00
   0.7717E+00
   0.7753E+00
   0.7771E+00
   0.7771E+00
   0.7753E+00
   0.7717E+00
   0.7662E+00
   0.7590E+00
   0.7500E+00
   0.7393E+00
   0.7268E+00
   0.7127E+00
   0.6968E+00
   0.6794E+00
   0.6603E+00
   0.6397E+00
   0.6177E+00
   0.5941E+00
   0.5692E+00
   0.5430E+00
   0.5155E+00
   0.4868E+00
   0.4569E+00
   0.4260E+00
   0.3941E+00
   0.3612E+00
   0.3276E+00
   0.2931E+00
   0.2580E+00
   0.2223E+00
   0.1860E+00
   0.1493E+00
   0.1123E+00
   0.7502E-01
   0.3756E-01
   0.0000E+00
   0.0000E+00
   0.3569E-01
   0.7130E-01
   0.1067E+00
   0.1419E+00
   0.1768E+00
   0.2112E+00
   0.2452E+00
   0.2786E+00
   0.3113E+00
   0.3433E+00
   0.3745E+00
   0.4048E+00
   0.4342E+00
   0.4626E+00
   0.4899E+00
   0.5160E+00
   0.5410E+00
   0.5646E+00
   0.5870E+00
   0.6080E+00
   0.6275E+00
   0.6456E+00
   0.6622E+00
   0.6773E+00
   0.6907E+00
   0.7026E+00
   0.7128E+00
   0.7213E+00
   0.7282E+00
   0.7334E+00
   0.7368E+00
   0.7385E+00
   0.7385E+00
   0.7368E+00
   0.7334E+00
   0.7282E+00
   0.7213E+00
   0.7128E+00
   0.7026E+00
   0.6907E+00
   0.6773E+00
   0.6622E+00
   0.6456E+00
   0.6275E+00
   0.6080E+00
   0.5870E+00
   0.5646E+00
   0.5410E+00
   0.5160E+00
   0.4899E+00
   0.4626E+00
   0.4342E+00
   0.4048E+00
   0.3745E+00
   0.3433E+00
   0.3113E+00
   0.2786E+00
   0.2452E+00
   0.2112E+00
   0.1768E+00
   0.1419E+00
   0.1067E+00
   0.7130E-01
   0.3569E-01
   0.0000E+00
   0.0000E+00
   0.3391E-01
   0.6774E-01
   0.1014E+00
   0.1349E+00
   0.1680E+00
   0.2007E+00
   0.2330E+00
   0.2647E+00
   0.2958E+00
   0.3262E+00
   0.3558E+00
   0.3847E+00
   0.4126E+00
   0.4395E+00
   0.4654E+00
   0.4903E+00
   0.5140E+00
   0.5365E+00
   0.5577E+00
   0.5777E+00
   0.5962E+00
   0.6134E+00
   0.6292E+00
   0.6435E+00
   0.6563E+00
   0.6676E+00
   0.6773E+00
   0.6854E+00
   0.6919E+00
   0.6968E+00
   0.7001E+00
   0.7017E+00
   0.7017E+00
   0.7001E+00
   0.6968E+00
   0.6919E+00
   0.6854E+00
   0.6773E+00
   0.6676E+00
   0.6563E+00
   0.6435E+00
   0.6292E+00
   0.6134E+00
   0.5962E+00
   0.5777E+00
   0.5577E+00
   0.5365E+00
   0.5140E+00
   0.4903E+00
   0.4654E+00
   0.4395E+00
   0.4126E+00
   0.3847E+00
   0.3558E+00
   0.3262E+00
   0.2958E+00
   0.2647E+00
   0.2330E+00
   0.2007E+00
   0.1680E+00
   0.1349E+00
   0.1014E+00
   0.6774E-01
   0.3391E-01
   0.0000E+00
   0.0000E+00
   0.3221E-01
   0.6435E-01
   0.9634E-01
   0.1281E+00
   0.1596E+00
   0.1907E+00
   0.2213E+00
   0.2514E+00
   0.2810E+00
   0.3099E+00
   0.3380E+00
   0.3654E+00
   0.3919E+00
   0.4175E+00
   0.4421E+00
   0.4657E+00
   0.4883E+00
   0.5096E+00
   0.5298E+00
   0.5487E+00
   0.5664E+00
   0.5827E+00
   0.5977E+00
   0.6113E+00
   0.6234E+00
   0.6341E+00
   0.6433E+00
   0.6511E+00
   0.6572E+00
   0.6619E+00
   0.6650E+00
   0.6666E+00
   0.6666E+00
   0.6650E+00
   0.6619E+00
   0.6572E+00
   0.6511E+00
   0.6433E+00
   0.6341E+00
   0.6234E+00
   0.6113E+00
   0.5977E+00
   0.5827E+00
   0.5664E+00
   0.5487E+00
   0.5298E+00
   0.5096E+00
   0.4883E+00
   0.4657E+00
   0.4421E+00
   0.4175E+00
   0.3919E+00
   0.3654E+00
   0.3380E+00
   0.3099E+00
   0.2810E+00
   0.2514E+00
   0.2213E+00
   0.1907E+00
   0.1596E+00
   0.1281E+00
   0.9634E-01
   0.6435E-01
   0.3221E-01
   0.0000E+00
   0.0000E+00
   0.3059E-01
   0.6112E-01
   0.9150E-01
   0.1217E+00
   0.1515E+00
   0.1811E+00
   0.2102E+00
   0.2388E+00
   0.2669E+00
   0.2943E+00
   0.3210E+00
   0.3470E+00
   0.3722E+00
   0.3965E+00
   0.4199E+00
   0.4423E+00
   0.4637E+00
   0.4840E+00
   0.5032E+00
   0.5212E+00
   0.5379E+00
   0.5534E+00
   0.5677E+00
   0.5806E+00
   0.5921E+00
   0.6023E+00
   0.6110E+00
   0.6183E+00
   0.6242E+00
   0.6286E+00
   0.6316E+00
   0.6331E+00
   0.6331E+00
   0.6316E+00
   0.6286E+00
   0.6242E+00
   0.6183E+00
   0.6110E+00
   0.6023E+00
   0.5921E+00
   0.5806E+00
   0.5677E+00
   0.5534E+00
   0.5379E+00
   0.5212E+00
   0.5032E+00
   0.4840E+00
   0.4637E+00
   0.4423E+00
   0.4199E+00
   0.3965E+00
   0.3722E+00
   0.3470E+00
   0.3210E+00
   0.2943E+00
   0.2669E+00
   0.2388E+00
   0.2102E+00
   0.1811E+00
   0.1515E+00
   0.1217E+00
   0.9150E-01
   0.6112E-01
   0.3059E-01
   0.0000E+00
   0.0000E+00
   0.2905E-01
   0.5803E-01
   0.8688E-01
   0.1155E+00
   0.1439E+00
   0.1719E+00
   0.1996E+00
   0.2267E+00
   0.2534E+00
   0.2794E+00
   0.3048E+00
   0.3295E+00
   0.3534E+00
   0.3765E+00
   0.3987E+00
   0.4200E+00
   0.4403E+00
   0.4596E+00
   0.4778E+00
   0.4948E+00
   0.5108E+00
   0.5255E+00
   0.5390E+00
   0.5512E+00
   0.5622E+00
   0.5719E+00
   0.5802E+00
   0.5871E+00
   0.5927E+00
   0.5969E+00
   0.5997E+00
   0.6011E+00
   0.6011E+00
   0.5997E+00
   0.5969E+00
   0.5927E+00
   0.5871E+00
   0.5802E+00
   0.5719E+00
   0.5622E+00
   0.5512E+00
   0.5390E+00
   0.5255E+00
   0.5108E+00
   0.4948E+00
   0.4778E+00
   0.4596E+00
   0.4403E+00
   0.4200E+00
   0.3987E+00
   0.3765E+00
   0.3534E+00
   0.3295E+00
   0.3048E+00
   0.2794E+00
   0.2534E+00
   0.2267E+00
   0.1996E+00
   0.1719E+00
   0.1439E+00
   0.1155E+00
   0.8688E-01
   0.5803E-01
   0.2905E-01
   0.0000E+00
   0.0000E+00
   0.2758E-01
   0.5509E-01
   0.8247E-01
   0.1097E+00
   0.1366E+00
   0.1632E+00
   0.1894E+00
   0.2152E+00
   0.2405E+00
   0.2653E+00
   0.2894E+00
   0.3128E+00
   0.3355E+00
   0.3574E+00
   0.3785E+00
   0.3987E+00
   0.4180E+00
   0.4363E+00
   0.4535E+00
   0.4698E+00
   0.4849E+00
   0.4989E+00
   0.5117E+00
   0.5233E+00
   0.5337E+00
   0.5429E+00
   0.5507E+00
   0.5573E+00
   0.5626E+00
   0.5666E+00
   0.5693E+00
   0.5706E+00
   0.5706E+00
   0.5693E+00
   0.5666E+00
   0.5626E+00
   0.5573E+00
   0.5507E+00
   0.5429E+00
   0.5337E+00
   0.5233E+00
   0.5117E+00
   0.4989E+00
   0.4849E+00
   0.4698E+00
   0.4535E+00
   0.4363E+00
   0.4180E+00
   0.3987E+00
   0.3785E+00
   0.3574E+00
   0.3355E+00
   0.3128E+00
   0.2894E+00
   0.2653E+00
   0.2405E+00
   0.2152E+00
   0.1894E+00
   0.1632E+00
   0.1366E+00
   0.1097E+00
   0.8247E-01
   0.5509E-01
   0.2758E-01
   0.0000E+00
   0.0000E+00
   0.2617E-01
   0.5228E-01
   0.7827E-01
   0.1041E+00
   0.1296E+00
   0.1549E+00
   0.1798E+00
   0.2043E+00
   0.2283E+00
   0.2517E+00
   0.2746E+00
   0.2969E+00
   0.3184E+00
   0.3392E+00
   0.3592E+00
   0.3784E+00
   0.3967E+00
   0.4140E+00
   0.4304E+00
   0.4458E+00
   0.4602E+00
   0.4734E+00
   0.4856E+00
   0.4966E+00
   0.5065E+00
   0.5152E+00
   0.5227E+00
   0.5290E+00
   0.5340E+00
   0.5378E+00
   0.5403E+00
   0.5416E+00
   0.5416E+00
   0.5403E+00
   0.5378E+00
   0.5340E+00
   0.5290E+00
   0.5227E+00
   0.5152E+00
   0.5065E+00
   0.4966E+00
   0.4856E+00
   0.4734E+00
   0.4602E+00
   0.4458E+00
   0.4304E+00
   0.4140E+00
   0.3967E+00
   0.3784E+00
   0.3592E+00
   0.3392E+00
   0.3184E+00
   0.2969E+00
   0.2746E+00
   0.2517E+00
   0.2283E+00
   0.2043E+00
   0.1798E+00
   0.1549E+00
   0.1296E+00
   0.1041E+00
   0.7827E-01
   0.5228E-01
   0.2617E-01
   0.0000E+00
   0.0000E+00
   0.2483E-01
   0.4961E-01
   0.7427E-01
   0.9875E-01
   0.1230E+00
   0.1470E+00
   0.1706E+00
   0.1938E+00
   0.2166E+00
   0.2389E+00
   0.2606E+00
   0.2817E+00
   0.3021E+00
   0.3219E+00
   0.3408E+00
   0.3590E+00
   0.3764E+00
   0.3929E+00
   0.4084E+00
   0.4230E+00
   0.4366E+00
   0.4492E+00
   0.4608E+00
   0.4712E+00
   0.4806E+00
   0.4888E+00
   0.4959E+00
   0.5019E+00
   0.5067E+00
   0.5103E+00
   0.5126E+00
   0.5138E+00
   0.5138E+00
   0.5126E+00
   0.5103E+00
   0.5067E+00
   0.5019E+00
   0.4959E+00
   0.4888E+00
   0.4806E+00
   0.4712E+00
   0.4608E+00
   0.4492E+00
   0.4366E+00
   0.4230E+00
   0.4084E+00
   0.3929E+00
   0.3764E+00
   0.3590E+00
   0.3408E+00
   0.3219E+00
   0.3021E+00
   0.2817E+00
   0.2606E+00
   0.2389E+00
   0.2166E+00
   0.1938E+00
   0.1706E+00
   0.1470E+00
   0.1230E+00
   0.9875E-01
   0.7427E-01
   0.4961E-01
   0.2483E-01
   0.0000E+00
   0.0000E+00
   0.2356E-01
   0.4706E-01
   0.7045E-01
   0.9368E-01
   0.1167E+00
   0.1394E+00
   0.1618E+00
   0.1839E+00
   0.2055E+00
   0.2266E+00
   0.2472E+00
   0.2672E+00
   0.2866E+00
   0.3053E+00
   0.3233E+00
   0.3406E+00
   0.3570E+00
   0.3727E+00
   0.3874E+00
   0.4013E+00
   0.4142E+00
   0.4261E+00
   0.4371E+00
   0.4470E+00
   0.4559E+00
   0.4637E+00
   0.4705E+00
   0.4761E+00
   0.4806E+00
   0.4840E+00
   0.4863E+00
   0.4874E+00
   0.4874E+00
   0.4863E+00
   0.4840E+00
   0.4806E+00
   0.4761E+00
   0.4705E+00
   0.4637E+00
   0.4559E+00
   0.4470E+00
   0.4371E+00
   0.4261E+00
   0.4142E+00
   0.4013E+00
   0.3874E+00
   0.3727E+00
   0.3570E+00
   0.3406E+00
   0.3233E+00
   0.3053E+00
   0.2866E+00
   0.2672E+00
   0.2472E+00
   0.2266E+00
   0.2055E+00
   0.1839E+00
   0.1618E+00
   0.1394E+00
   0.1167E+00
   0.9368E-01
   0.7045E-01
   0.4706E-01
   0.2356E-01
   0.0000E+00
   0.0000E+00
   0.2234E-01
   0.4463E-01
   0.6681E-01
   0.8884E-01
   0.1107E+00
   0.1322E+00
   0.1535E+00
   0.1744E+00
   0.1949E+00
   0.2149E+00
   0.2344E+00
   0.2534E+00
   0.2718E+00
   0.2895E+00
   0.3066E+00
   0.3230E+00
   0.3386E+00
   0.3534E+00
   0.3674E+00
   0.3805E+00
   0.3928E+00
   0.4041E+00
   0.4145E+00
   0.4239E+00
   0.4324E+00
   0.4398E+00
   0.4462E+00
   0.4515E+00
   0.4558E+00
   0.4590E+00
   0.4612E+00
   0.4623E+00
   0.4623E+00
   0.4612E+00
   0.4590E+00
   0.4558E+00
   0.4515E+00
   0.4462E+00
   0.4398E+00
   0.4324E+00
   0.4239E+00
   0.4145E+00
   0.4041E+00
   0.3928E+00
   0.3805E+00
   0.3674E+00
   0.3534E+00
   0.3386E+00
   0.3230E+00
   0.3066E+00
   0.2895E+00
   0.2718E+00
   0.2534E+00
   0.2344E+00
   0.2149E+00
   0.1949E+00
   0.1744E+00
   0.1535E+00
   0.1322E+00
   0.1107E+00
   0.8884E-01
   0.6681E-01
   0.4463E-01
   0.2234E-01
   0.0000E+00
   0.0000E+00
   0.2118E-01
   0.4231E-01
   0.6334E-01
   0.8423E-01
   0.1049E+00
   0.1254E+00
   0.1455E+00
   0.1653E+00
   0.1847E+00
   0.2037E+00
   0.2223E+00
   0.2403E+00
   0.2577E+00
   0.2745E+00
   0.2907E+00
   0.3062E+00
   0.3210E+00
   0.3351E+00
   0.3483E+00
   0.3608E+00
   0.3724E+00
   0.3832E+00
   0.3930E+00
   0.4019E+00
   0.4099E+00
   0.4169E+00
   0.4230E+00
   0.4281E+00
   0.4321E+00
   0.4352E+00
   0.4373E+00
   0.4383E+00
   0.4383E+00
   0.4373E+00
   0.4352E+00
   0.4321E+00
   0.4281E+00
   0.4230E+00
   0.4169E+00
   0.4099E+00
   0.4019E+00
   0.3930E+00
   0.3832E+00
   0.3724E+00
   0.3608E+00
   0.3483E+00
   0.3351E+00
   0.3210E+00
   0.3062E+00
   0.2907E+00
   0.2745E+00
   0.2577E+00
   0.2403E+00
   0.2223E+00
   0.2037E+00
   0.1847E+00
   0.1653E+00
   0.1455E+00
   0.1254E+00
   0.1049E+00
   0.8423E-01
   0.6334E-01
   0.4231E-01
   0.2118E-01
   0.0000E+00
   0.0000E+00
   0.2008E-01
   0.4011E-01
   0.6004E-01
   0.7984E-01
   0.9945E-01
   0.1188E+00
   0.1379E+00
   0.1567E+00
   0.1751E+00
   0.1931E+00
   0.2107E+00
   0.2277E+00
   0.2443E+00
   0.2602E+00
   0.2756E+00
   0.2903E+00
   0.3043E+00
   0.3176E+00
   0.3302E+00
   0.3420E+00
   0.3530E+00
   0.3632E+00
   0.3725E+00
   0.3810E+00
   0.3885E+00
   0.3952E+00
   0.4010E+00
   0.4058E+00
   0.4096E+00
   0.4125E+00
   0.4145E+00
   0.4154E+00
   0.4154E+00
   0.4145E+00
   0.4125E+00
   0.4096E+00
   0.4058E+00
   0.4010E+00
   0.3952E+00
   0.3885E+00
   0.3810E+00
   0.3725E+00
   0.3632E+00
   0.3530E+00
   0.3420E+00
   0.3302E+00
   0.3176E+00
   0.3043E+00
   0.2903E+00
   0.2756E+00
   0.2602E+00
   0.2443E+00
   0.2277E+00
   0.2107E+00
   0.1931E+00
   0.1751E+00
   0.1567E+00
   0.1379E+00
   0.1188E+00
   0.9945E-01
   0.7984E-01
   0.6004E-01
   0.4011E-01
   0.2008E-01
   0.0000E+00
   0.0000E+00
   0.1903E-01
   0.3801E-01
   0.5690E-01
   0.7566E-01
   0.9424E-01
   0.1126E+00
   0.1307E+00
   0.1485E+00
   0.1659E+00
   0.1830E+00
   0.1996E+00
   0.2158E+00
   0.2315E+00
   0.2466E+00
   0.2611E+00
   0.2751E+00
   0.2884E+00
   0.3010E+00
   0.3129E+00
   0.3241E+00
   0.3345E+00
   0.3442E+00
   0.3530E+00
   0.3610E+00
   0.3682E+00
   0.3745E+00
   0.3800E+00
   0.3845E+00
   0.3882E+00
   0.3909E+00
   0.3927E+00
   0.3937E+00
   0.3937E+00
   0.3927E+00
   0.3909E+00
   0.3882E+00
   0.3845E+00
   0.3800E+00
   0.3745E+00
   0.3682E+00
   0.3610E+00
   0.3530E+00
   0.3442E+00
   0.3345E+00
   0.3241E+00
   0.3129E+00
   0.3010E+00
   0.2884E+00
   0.2751E+00
   0.2611E+00
   0.2466E+00
   0.2315E+00
   0.2158E+00
   0.1996E+00
   0.1830E+00
   0.1659E+00
   0.1485E+00
   0.1307E+00
   0.1126E+00
   0.9424E-01
   0.7566E-01
   0.5690E-01
   0.3801E-01
   0.1903E-01
   0.0000E+00
   0.0000E+00
   0.1802E-01
   0.3601E-01
   0.5390E-01
   0.7167E-01
   0.8928E-01
   0.1067E+00
   0.1238E+00
   0.1407E+00
   0.1572E+00
   0.1734E+00
   0.1891E+00
   0.2044E+00
   0.2193E+00
   0.2336E+00
   0.2474E+00
   0.2606E+00
   0.2732E+00
   0.2851E+00
   0.2964E+00
   0.3070E+00
   0.3169E+00
   0.3260E+00
   0.3344E+00
   0.3420E+00
   0.3488E+00
   0.3548E+00
   0.3600E+00
   0.3643E+00
   0.3677E+00
   0.3703E+00
   0.3721E+00
   0.3730E+00
   0.3730E+00
   0.3721E+00
   0.3703E+00
   0.3677E+00
   0.3643E+00
   0.3600E+00
   0.3548E+00
   0.3488E+00
   0.3420E+00
   0.3344E+00
   0.3260E+00
   0.3169E+00
   0.3070E+00
   0.2964E+00
   0.2851E+00
   0.2732E+00
   0.2606E+00
   0.2474E+00
   0.2336E+00
   0.2193E+00
   0.2044E+00
   0.1891E+00
   0.1734E+00
   0.1572E+00
   0.1407E+00
   0.1238E+00
   0.1067E+00
   0.8928E-01
   0.7167E-01
   0.5390E-01
   0.3601E-01
   0.1802E-01
   0.0000E+00
   0.0000E+00
   0.1707E-01
   0.3410E-01
   0.5105E-01
   0.6788E-01
   0.8456E-01
   0.1010E+00
   0.1173E+00
   0.1332E+00
   0.1489E+00
   0.1642E+00
   0.1791E+00
   0.1936E+00
   0.2077E+00
   0.2213E+00
   0.2343E+00
   0.2468E+00
   0.2587E+00
   0.2701E+00
   0.2808E+00
   0.2908E+00
   0.3001E+00
   0.3088E+00
   0.3167E+00
   0.3239E+00
   0.3304E+00
   0.3360E+00
   0.3409E+00
   0.3450E+00
   0.3483E+00
   0.3508E+00
   0.3524E+00
   0.3532E+00
   0.3532E+00
   0.3524E+00
   0.3508E+00
   0.3483E+00
   0.3450E+00
   0.3409E+00
   0.3360E+00
   0.3304E+00
   0.3239E+00
   0.3167E+00
   0.3088E+00
   0.3001E+00
   0.2908E+00
   0.2808E+00
   0.2701E+00
   0.2587E+00
   0.2468E+00
   0.2343E+00
   0.2213E+00
   0.2077E+00
   0.1936E+00
   0.1791E+00
   0.1642E+00
   0.1489E+00
   0.1332E+00
   0.1173E+00
   0.1010E+00
   0.8456E-01
   0.6788E-01
   0.5105E-01
   0.3410E-01
   0.1707E-01
   0.0000E+00
   0.0000E+00
   0.1616E-01
   0.3229E-01
   0.4834E-01
   0.6428E-01
   0.8007E-01
   0.9567E-01
   0.1110E+00
   0.1262E+00
   0.1410E+00
   0.1555E+00
   0.1696E+00
   0.1833E+00
   0.1967E+00
   0.2095E+00
   0.2219E+00
   0.2337E+00
   0.2450E+00
   0.2557E+00
   0.2658E+00
   0.2753E+00
   0.2842E+00
   0.2924E+00
   0.2999E+00
   0.3067E+00
   0.3128E+00
   0.3182E+00
   0.3228E+00
   0.3267E+00
   0.3298E+00
   0.3321E+00
   0.3337E+00
   0.3345E+00
   0.3345E+00
   0.3337E+00
   0.3321E+00
   0.3298E+00
   0.3267E+00
   0.3228E+00
   0.3182E+00
   0.3128E+00
   0.3067E+00
   0.2999E+00
   0.2924E+00
   0.2842E+00
   0.2753E+00
   0.2658E+00
   0.2557E+00
   0.2450E+00
   0.2337E+00
   0.2219E+00
   0.2095E+00
   0.1967E+00
   0.1833E+00
   0.1696E+00
   0.1555E+00
   0.1410E+00
   0.1262E+00
   0.1110E+00
   0.9567E-01
   0.8007E-01
   0.6428E-01
   0.4834E-01
   0.3229E-01
   0.1616E-01
   0.0000E+00
   0.0000E+00
   0.1530E-01
   0.3057E-01
   0.4576E-01
   0.6085E-01
   0.7579E-01
   0.9056E-01
   0.1051E+00
   0.1194E+00
   0.1335E+00
   0.1472E+00
   0.1606E+00
   0.1736E+00
   0.1862E+00
   0.1983E+00
   0.2100E+00
   0.2212E+00
   0.2319E+00
   0.2421E+00
   0.2517E+00
   0.2606E+00
   0.2690E+00
   0.2768E+00
   0.2839E+00
   0.2904E+00
   0.2961E+00
   0.3012E+00
   0.3056E+00
   0.3092E+00
   0.3122E+00
   0.3144E+00
   0.3159E+00
   0.3166E+00
   0.3166E+00
   0.3159E+00
   0.3144E+00
   0.3122E+00
   0.3092E+00
   0.3056E+00
   0.3012E+00
   0.2961E+00
   0.2904E+00
   0.2839E+00
   0.2768E+00
   0.2690E+00
   0.2606E+00
   0.2517E+00
   0.2421E+00
   0.2319E+00
   0.2212E+00
   0.2100E+00
   0.1983E+00
   0.1862E+00
   0.1736E+00
   0.1606E+00
   0.1472E+00
   0.1335E+00
   0.1194E+00
   0.1051E+00
   0.9056E-01
   0.7579E-01
   0.6085E-01
   0.4576E-01
   0.3057E-01
   0.1530E-01
   0.0000E+00
   0.0000E+00
   0.1448E-01
   0.2893E-01
   0.4331E-01
   0.5759E-01
   0.7173E-01
   0.8571E-01
   0.9948E-01
   0.1130E+00
   0.1263E+00
   0.1393E+00
   0.1520E+00
   0.1643E+00
   0.1762E+00
   0.1877E+00
   0.1988E+00
   0.2094E+00
   0.2195E+00
   0.2291E+00
   0.2382E+00
   0.2467E+00
   0.2546E+00
   0.2620E+00
   0.2687E+00
   0.2748E+00
   0.2803E+00
   0.2851E+00
   0.2892E+00
   0.2927E+00
   0.2955E+00
   0.2975E+00
   0.2989E+00
   0.2996E+00
   0.2996E+00
   0.2989E+00
   0.2975E+00
   0.2955E+00
   0.2927E+00
   0.2892E+00
   0.2851E+00
   0.2803E+00
   0.2748E+00
   0.2687E+00
   0.2620E+00
   0.2546E+00
   0.2467E+00
   0.2382E+00
   0.2291E+00
   0.2195E+00
   0.2094E+00
   0.1988E+00
   0.1877E+00
   0.1762E+00
   0.1643E+00
   0.1520E+00
   0.1393E+00
   0.1263E+00
   0.1130E+00
   0.9948E-01
   0.8571E-01
   0.7173E-01
   0.5759E-01
   0.4331E-01
   0.2893E-01
   0.1448E-01
   0.0000E+00
   0.0000E+00
   0.1370E-01
   0.2737E-01
   0.4098E-01
   0.5449E-01
   0.6787E-01
   0.8109E-01
   0.9413E-01
   0.1069E+00
   0.1195E+00
   0.1318E+00
   0.1438E+00
   0.1554E+00
   0.1667E+00
   0.1776E+00
   0.1881E+00
   0.1981E+00
   0.2077E+00
   0.2168E+00
   0.2253E+00
   0.2334E+00
   0.2409E+00
   0.2479E+00
   0.2542E+00
   0.2600E+00
   0.2652E+00
   0.2697E+00
   0.2736E+00
   0.2769E+00
   0.2796E+00
   0.2815E+00
   0.2829E+00
   0.2835E+00
   0.2835E+00
   0.2829E+00
   0.2815E+00
   0.2796E+00
   0.2769E+00
   0.2736E+00
   0.2697E+00
   0.2652E+00
   0.2600E+00
   0.2542E+00
   0.2479E+00
   0.2409E+00
   0.2334E+00
   0.2253E+00
   0.2168E+00
   0.2077E+00
   0.1981E+00
   0.1881E+00
   0.1776E+00
   0.1667E+00
   0.1554E+00
   0.1438E+00
   0.1318E+00
   0.1195E+00
   0.1069E+00
   0.9413E-01
   0.8109E-01
   0.6787E-01
   0.5449E-01
   0.4098E-01
   0.2737E-01
   0.1370E-01
   0.0000E+00
   0.0000E+00
   0.1296E-01
   0.2589E-01
   0.3876E-01
   0.5154E-01
   0.6420E-01
   0.7671E-01
   0.8904E-01
   0.1012E+00
   0.1131E+00
   0.1247E+00
   0.1360E+00
   0.1470E+00
   0.1577E+00
   0.1680E+00
   0.1779E+00
   0.1874E+00
   0.1964E+00
   0.2050E+00
   0.2132E+00
   0.2208E+00
   0.2279E+00
   0.2345E+00
   0.2405E+00
   0.2459E+00
   0.2508E+00
   0.2551E+00
   0.2588E+00
   0.2620E+00
   0.2644E+00
   0.2663E+00
   0.2676E+00
   0.2682E+00
   0.2682E+00
   0.2676E+00
   0.2663E+00
   0.2644E+00
   0.2620E+00
   0.2588E+00
   0.2551E+00
   0.2508E+00
   0.2459E+00
   0.2405E+00
   0.2345E+00
   0.2279E+00
   0.2208E+00
   0.2132E+00
   0.2050E+00
   0.1964E+00
   0.1874E+00
   0.1779E+00
   0.1680E+00
   0.1577E+00
   0.1470E+00
   0.1360E+00
   0.1247E+00
   0.1131E+00
   0.1012E+00
   0.8904E-01
   0.7671E-01
   0.6420E-01
   0.5154E-01
   0.3876E-01
   0.2589E-01
   0.1296E-01
   0.0000E+00
   0.0000E+00
   0.1226E-01
   0.2449E-01
   0.3666E-01
   0.4875E-01
   0.6072E-01
   0.7255E-01
   0.8421E-01
   0.9567E-01
   0.1069E+00
   0.1179E+00
   0.1286E+00
   0.1390E+00
   0.1491E+00
   0.1589E+00
   0.1682E+00
   0.1772E+00
   0.1858E+00
   0.1939E+00
   0.2016E+00
   0.2088E+00
   0.2155E+00
   0.2217E+00
   0.2274E+00
   0.2326E+00
   0.2372E+00
   0.2413E+00
   0.2448E+00
   0.2477E+00
   0.2501E+00
   0.2519E+00
   0.2530E+00
   0.2536E+00
   0.2536E+00
   0.2530E+00
   0.2519E+00
   0.2501E+00
   0.2477E+00
   0.2448E+00
   0.2413E+00
   0.2372E+00
   0.2326E+00
   0.2274E+00
   0.2217E+00
   0.2155E+00
   0.2088E+00
   0.2016E+00
   0.1939E+00
   0.1858E+00
   0.1772E+00
   0.1682E+00
   0.1589E+00
   0.1491E+00
   0.1390E+00
   0.1286E+00
   0.1179E+00
   0.1069E+00
   0.9567E-01
   0.8421E-01
   0.7255E-01
   0.6072E-01
   0.4875E-01
   0.3666E-01
   0.2449E-01
   0.1226E-01
   0.0000E+00
   0.0000E+00
   0.1159E-01
   0.2315E-01
   0.3466E-01
   0.4609E-01
   0.5741E-01
   0.6860E-01
   0.7962E-01
   0.9046E-01
   0.1011E+00
   0.1115E+00
   0.1216E+00
   0.1315E+00
   0.1410E+00
   0.1502E+00
   0.1591E+00
   0.1676E+00
   0.1757E+00
   0.1834E+00
   0.1906E+00
   0.1974E+00
   0.2038E+00
   0.2097E+00
   0.2151E+00
   0.2199E+00
   0.2243E+00
   0.2282E+00
   0.2315E+00
   0.2342E+00
   0.2365E+00
   0.2382E+00
   0.2393E+00
   0.2398E+00
   0.2398E+00
   0.2393E+00
   0.2382E+00
   0.2365E+00
   0.2342E+00
   0.2315E+00
   0.2282E+00
   0.2243E+00
   0.2199E+00
   0.2151E+00
   0.2097E+00
   0.2038E+00
   0.1974E+00
   0.1906E+00
   0.1834E+00
   0.1757E+00
   0.1676E+00
   0.1591E+00
   0.1502E+00
   0.1410E+00
   0.1315E+00
   0.1216E+00
   0.1115E+00
   0.1011E+00
   0.9046E-01
   0.7962E-01
   0.6860E-01
   0.5741E-01
   0.4609E-01
   0.3466E-01
   0.2315E-01
   0.1159E-01
   0.0000E+00
   0.0000E+00
   0.1096E-01
   0.2189E-01
   0.3277E-01
   0.4357E-01
   0.5428E-01
   0.6485E-01
   0.7527E-01
   0.8552E-01
   0.9557E-01
   0.1054E+00
   0.1150E+00
   0.1243E+00
   0.1333E+00
   0.1420E+00
   0.1504E+00
   0.1584E+00
   0.1661E+00
   0.1733E+00
   0.1802E+00
   0.1866E+00
   0.1927E+00
   0.1982E+00
   0.2033E+00
   0.2079E+00
   0.2121E+00
   0.2157E+00
   0.2188E+00
   0.2214E+00
   0.2236E+00
   0.2251E+00
   0.2262E+00
   0.2267E+00
   0.2267E+00
   0.2262E+00
   0.2251E+00
   0.2236E+00
   0.2214E+00
   0.2188E+00
   0.2157E+00
   0.2121E+00
   0.2079E+00
   0.2033E+00
   0.1982E+00
   0.1927E+00
   0.1866E+00
   0.1802E+00
   0.1733E+00
   0.1661E+00
   0.1584E+00
   0.1504E+00
   0.1420E+00
   0.1333E+00
   0.1243E+00
   0.1150E+00
   0.1054E+00
   0.9557E-01
   0.8552E-01
   0.7527E-01
   0.6485E-01
   0.5428E-01
   0.4357E-01
   0.3277E-01
   0.2189E-01
   0.1096E-01
   0.0000E+00
   0.0000E+00
   0.1036E-01
   0.2069E-01
   0.3097E-01
   0.4119E-01
   0.5130E-01
   0.6130E-01
   0.7115E-01
   0.8084E-01
   0.9033E-01
   0.9962E-01
   0.1087E+00
   0.1175E+00
   0.1260E+00
   0.1342E+00
   0.1422E+00
   0.1497E+00
   0.1570E+00
   0.1638E+00
   0.1703E+00
   0.1764E+00
   0.1821E+00
   0.1873E+00
   0.1922E+00
   0.1965E+00
   0.2004E+00
   0.2039E+00
   0.2068E+00
   0.2093E+00
   0.2113E+00
   0.2128E+00
   0.2138E+00
   0.2143E+00
   0.2143E+00
   0.2138E+00
   0.2128E+00
   0.2113E+00
   0.2093E+00
   0.2068E+00
   0.2039E+00
   0.2004E+00
   0.1965E+00
   0.1922E+00
   0.1873E+00
   0.1821E+00
   0.1764E+00
   0.1703E+00
   0.1638E+00
   0.1570E+00
   0.1497E+00
   0.1422E+00
   0.1342E+00
   0.1260E+00
   0.1175E+00
   0.1087E+00
   0.9962E-01
   0.9033E-01
   0.8084E-01
   0.7115E-01
   0.6130E-01
   0.5130E-01
   0.4119E-01
   0.3097E-01
   0.2069E-01
   0.1036E-01
   0.0000E+00
   0.0000E+00
   0.9788E-02
   0.1955E-01
   0.2927E-01
   0.3892E-01
   0.4848E-01
   0.5793E-01
   0.6724E-01
   0.7640E-01
   0.8537E-01
   0.9415E-01
   0.1027E+00
   0.1110E+00
   0.1191E+00
   0.1269E+00
   0.1343E+00
   0.1415E+00
   0.1483E+00
   0.1548E+00
   0.1610E+00
   0.1667E+00
   0.1721E+00
   0.1771E+00
   0.1816E+00
   0.1857E+00
   0.1894E+00
   0.1927E+00
   0.1955E+00
   0.1978E+00
   0.1997E+00
   0.2011E+00
   0.2021E+00
   0.2025E+00
   0.2025E+00
   0.2021E+00
   0.2011E+00
   0.1997E+00
   0.1978E+00
   0.1955E+00
   0.1927E+00
   0.1894E+00
   0.1857E+00
   0.1816E+00
   0.1771E+00
   0.1721E+00
   0.1667E+00
   0.1610E+00
   0.1548E+00
   0.1483E+00
   0.1415E+00
   0.1343E+00
   0.1269E+00
   0.1191E+00
   0.1110E+00
   0.1027E+00
   0.9415E-01
   0.8537E-01
   0.7640E-01
   0.6724E-01
   0.5793E-01
   0.4848E-01
   0.3892E-01
   0.2927E-01
   0.1955E-01
   0.9788E-02
   0.0000E+00
   0.0000E+00
   0.9249E-02
   0.1848E-01
   0.2766E-01
   0.3678E-01
   0.4581E-01
   0.5474E-01
   0.6354E-01
   0.7219E-01
   0.8067E-01
   0.8897E-01
   0.9705E-01
   0.1049E+00
   0.1125E+00
   0.1199E+00
   0.1269E+00
   0.1337E+00
   0.1402E+00
   0.1463E+00
   0.1521E+00
   0.1575E+00
   0.1626E+00
   0.1673E+00
   0.1716E+00
   0.1755E+00
   0.1790E+00
   0.1821E+00
   0.1847E+00
   0.1869E+00
   0.1887E+00
   0.1900E+00
   0.1909E+00
   0.1914E+00
   0.1914E+00
   0.1909E+00
   0.1900E+00
   0.1887E+00
   0.1869E+00
   0.1847E+00
   0.1821E+00
   0.1790E+00
   0.1755E+00
   0.1716E+00
   0.1673E+00
   0.1626E+00
   0.1575E+00
   0.1521E+00
   0.1463E+00
   0.1402E+00
   0.1337E+00
   0.1269E+00
   0.1199E+00
   0.1125E+00
   0.1049E+00
   0.9705E-01
   0.8897E-01
   0.8067E-01
   0.7219E-01
   0.6354E-01
   0.5474E-01
   0.4581E-01
   0.3678E-01
   0.2766E-01
   0.1848E-01
   0.9249E-02
   0.0000E+00
   0.0000E+00
   0.8739E-02
   0.1746E-01
   0.2614E-01
   0.3475E-01
   0.4329E-01
   0.5172E-01
   0.6004E-01
   0.6821E-01
   0.7622E-01
   0.8406E-01
   0.9170E-01
   0.9913E-01
   0.1063E+00
   0.1133E+00
   0.1199E+00
   0.1263E+00
   0.1325E+00
   0.1383E+00
   0.1437E+00
   0.1489E+00
   0.1537E+00
   0.1581E+00
   0.1621E+00
   0.1658E+00
   0.1691E+00
   0.1720E+00
   0.1745E+00
   0.1766E+00
   0.1783E+00
   0.1796E+00
   0.1804E+00
   0.1808E+00
   0.1808E+00
   0.1804E+00
   0.1796E+00
   0.1783E+00
   0.1766E+00
   0.1745E+00
   0.1720E+00
   0.1691E+00
   0.1658E+00
   0.1621E+00
   0.1581E+00
   0.1537E+00
   0.1489E+00
   0.1437E+00
   0.1383E+00
   0.1325E+00
   0.1263E+00
   0.1199E+00
   0.1133E+00
   0.1063E+00
   0.9913E-01
   0.9170E-01
   0.8406E-01
   0.7622E-01
   0.6821E-01
   0.6004E-01
   0.5172E-01
   0.4329E-01
   0.3475E-01
   0.2614E-01
   0.1746E-01
   0.8739E-02
   0.0000E+00
   0.0000E+00
   0.8257E-02
   0.1649E-01
   0.2469E-01
   0.3283E-01
   0.4090E-01
   0.4887E-01
   0.5672E-01
   0.6445E-01
   0.7202E-01
   0.7942E-01
   0.8664E-01
   0.9366E-01
   0.1005E+00
   0.1070E+00
   0.1133E+00
   0.1194E+00
   0.1251E+00
   0.1306E+00
   0.1358E+00
   0.1406E+00
   0.1452E+00
   0.1494E+00
   0.1532E+00
   0.1567E+00
   0.1598E+00
   0.1625E+00
   0.1649E+00
   0.1669E+00
   0.1685E+00
   0.1697E+00
   0.1705E+00
   0.1709E+00
   0.1709E+00
   0.1705E+00
   0.1697E+00
   0.1685E+00
   0.1669E+00
   0.1649E+00
   0.1625E+00
   0.1598E+00
   0.1567E+00
   0.1532E+00
   0.1494E+00
   0.1452E+00
   0.1406E+00
   0.1358E+00
   0.1306E+00
   0.1251E+00
   0.1194E+00
   0.1133E+00
   0.1070E+00
   0.1005E+00
   0.9366E-01
   0.8664E-01
   0.7942E-01
   0.7202E-01
   0.6445E-01
   0.5672E-01
   0.4887E-01
   0.4090E-01
   0.3283E-01
   0.2469E-01
   0.1649E-01
   0.8257E-02
   0.0000E+00
