   0.0000E+00
   0.4831E-01
   0.9651E-01
   0.1445E+00
   0.1921E+00
   0.2393E+00
   0.2859E+00
   0.3319E+00
   0.3771E+00
   0.4214E+00
   0.4647E+00
   0.5070E+00
   0.5480E+00
   0.5878E+00
   0.6262E+00
   0.6631E+00
   0.6985E+00
   0.7323E+00
   0.7643E+00
   0.7946E+00
   0.8230E+00
   0.8495E+00
   0.8740E+00
   0.8964E+00
   0.9168E+00
   0.9350E+00
   0.9511E+00
   0.9649E+00
   0.9764E+00
   0.9857E+00
   0.9927E+00
   0.9974E+00
   0.9997E+00
   0.9997E+00
   0.9974E+00
   0.9927E+00
   0.9857E+00
   0.9764E+00
   0.9649E+00
   0.9511E+00
   0.9350E+00
   0.9168E+00
   0.8964E+00
   0.8740E+00
   0.8495E+00
   0.8230E+00
   0.7946E+00
   0.7643E+00
   0.7323E+00
   0.6985E+00
   0.6631E+00
   0.6262E+00
   0.5878E+00
   0.5480E+00
   0.5070E+00
   0.4647E+00
   0.4214E+00
   0.3771E+00
   0.3319E+00
   0.2859E+00
   0.2393E+00
   0.1921E+00
   0.1445E+00
   0.9651E-01
   0.4831E-01
  -0.8742E-07
   0.0000E+00
   0.4603E-01
   0.9196E-01
   0.1377E+00
   0.1831E+00
   0.2280E+00
   0.2724E+00
   0.3162E+00
   0.3593E+00
   0.4015E+00
   0.4428E+00
   0.4830E+00
   0.5221E+00
   0.5600E+00
   0.5966E+00
   0.6318E+00
   0.6655E+00
   0.6977E+00
   0.7282E+00
   0.7571E+00
   0.7841E+00
   0.8094E+00
   0.8327E+00
   0.8541E+00
   0.8735E+00
   0.8909E+00
   0.9061E+00
   0.9193E+00
   0.9303E+00
   0.9392E+00
   0.9458E+00
   0.9503E+00
   0.9525E+00
   0.9525E+00
   0.9503E+00
   0.9458E+00
   0.9392E+00
   0.9303E+00
   0.9193E+00
   0.9061E+00
   0.8909E+00
   0.8735E+00
   0.8541E+00
   0.8327E+00
   0.8094E+00
   0.7841E+00
   0.7571E+00
   0.7282E+00
   0.6977E+00
   0.6655E+00
   0.6318E+00
   0.5966E+00
   0.5600E+00
   0.5221E+00
   0.4830E+00
   0.4428E+00
   0.4015E+00
   0.3593E+00
   0.3162E+00
   0.2724E+00
   0.2280E+00
   0.1831E+00
   0.1377E+00
   0.9196E-01
   0.4603E-01
   0.0000E+00
   0.0000E+00
   0.4386E-01
   0.8761E-01
   0.1312E+00
   0.1744E+00
   0.2172E+00
   0.2596E+00
   0.3013E+00
   0.3423E+00
   0.3825E+00
   0.4219E+00
   0.4602E+00
   0.4975E+00
   0.5336E+00
   0.5684E+00
   0.6020E+00
   0.6341E+00
   0.6647E+00
   0.6938E+00
   0.7213E+00
   0.7471E+00
   0.7711E+00
   0.7934E+00
   0.8138E+00
   0.8322E+00
   0.8488E+00
   0.8634E+00
   0.8759E+00
   0.8864E+00
   0.8948E+00
   0.9012E+00
   0.9054E+00
   0.9075E+00
   0.9075E+00
   0.9054E+00
   0.9012E+00
   0.8948E+00
   0.8864E+00
   0.8759E+00
   0.8634E+00
   0.8488E+00
   0.8322E+00
   0.8138E+00
   0.7934E+00
   0.7711E+00
   0.7471E+00
   0.7213E+00
   0.6938E+00
   0.6647E+00
   0.6341E+00
   0.6020E+00
   0.5684E+00
   0.5336E+00
   0.4975E+00
   0.4602E+00
   0.4219E+00
   0.3825E+00
   0.3423E+00
   0.3013E+00
   0.2596E+00
   0.2172E+00
   0.1744E+00
   0.1312E+00
   0.8761E-01
   0.4386E-01
   0.0000E+00
   0.0000E+00
   0.4179E-01
   0.8348E-01
   0.1250E+00
   0.1662E+00
   0.2070E+00
   0.2473E+00
   0.2871E+00
   0.3262E+00
   0.3645E+00
   0.4019E+00
   0.4385E+00
   0.4740E+00
   0.5084E+00
   0.5416E+00
   0.5735E+00
   0.6041E+00
   0.6333E+00
   0.6611E+00
   0.6872E+00
   0.7118E+00
   0.7347E+00
   0.7559E+00
   0.7753E+00
   0.7929E+00
   0.8087E+00
   0.8226E+00
   0.8345E+00
   0.8445E+00
   0.8526E+00
   0.8586E+00
   0.8626E+00
   0.8647E+00
   0.8647E+00
   0.8626E+00
   0.8586E+00
   0.8526E+00
   0.8445E+00
   0.8345E+00
   0.8226E+00
   0.8087E+00
   0.7929E+00
   0.7753E+00
   0.7559E+00
   0.7347E+00
   0.7118E+00
   0.6872E+00
   0.6611E+00
   0.6333E+00
   0.6041E+00
   0.5735E+00
   0.5416E+00
   0.5084E+00
   0.4740E+00
   0.4385E+00
   0.4019E+00
   0.3645E+00
   0.3262E+00
   0.2871E+00
   0.2473E+00
   0.2070E+00
   0.1662E+00
   0.1250E+00
   0.8348E-01
   0.4179E-01
   0.0000E+00
   0.0000E+00
   0.3981E-01
   0.7953E-01
   0.1191E+00
   0.1583E+00
   0.1972E+00
   0.2356E+00
   0.2735E+00
   0.3107E+00
   0.3473E+00
   0.3830E+00
   0.4178E+00
   0.4516E+00
   0.4844E+00
   0.5160E+00
   0.5465E+00
   0.5756E+00
   0.6034E+00
   0.6298E+00
   0.6548E+00
   0.6782E+00
   0.7000E+00
   0.7202E+00
   0.7387E+00
   0.7555E+00
   0.7705E+00
   0.7837E+00
   0.7951E+00
   0.8046E+00
   0.8123E+00
   0.8180E+00
   0.8219E+00
   0.8238E+00
   0.8238E+00
   0.8219E+00
   0.8180E+00
   0.8123E+00
   0.8046E+00
   0.7951E+00
   0.7837E+00
   0.7705E+00
   0.7555E+00
   0.7387E+00
   0.7202E+00
   0.7000E+00
   0.6782E+00
   0.6548E+00
   0.6298E+00
   0.6034E+00
   0.5756E+00
   0.5465E+00
   0.5160E+00
   0.4844E+00
   0.4516E+00
   0.4178E+00
   0.3830E+00
   0.3473E+00
   0.3107E+00
   0.2735E+00
   0.2356E+00
   0.1972E+00
   0.1583E+00
   0.1191E+00
   0.7953E-01
   0.3981E-01
   0.0000E+00
   0.0000E+00
   0.3793E-01
   0.7578E-01
   0.1134E+00
   0.1508E+00
   0.1879E+00
   0.2245E+00
   0.2606E+00
   0.2961E+00
   0.3309E+00
   0.3649E+00
   0.3980E+00
   0.4303E+00
   0.4615E+00
   0.4916E+00
   0.5206E+00
   0.5484E+00
   0.5749E+00
   0.6001E+00
   0.6238E+00
   0.6461E+00
   0.6669E+00
   0.6862E+00
   0.7038E+00
   0.7198E+00
   0.7341E+00
   0.7467E+00
   0.7576E+00
   0.7666E+00
   0.7739E+00
   0.7794E+00
   0.7831E+00
   0.7849E+00
   0.7849E+00
   0.7831E+00
   0.7794E+00
   0.7739E+00
   0.7666E+00
   0.7576E+00
   0.7467E+00
   0.7341E+00
   0.7198E+00
   0.7038E+00
   0.6862E+00
   0.6669E+00
   0.6461E+00
   0.6238E+00
   0.6001E+00
   0.5749E+00
   0.5484E+00
   0.5206E+00
   0.4916E+00
   0.4615E+00
   0.4303E+00
   0.3980E+00
   0.3649E+00
   0.3309E+00
   0.2961E+00
   0.2606E+00
   0.2245E+00
   0.1879E+00
   0.1508E+00
   0.1134E+00
   0.7578E-01
   0.3793E-01
   0.0000E+00
   0.0000E+00
   0.3614E-01
   0.7220E-01
   0.1081E+00
   0.1437E+00
   0.1790E+00
   0.2139E+00
   0.2483E+00
   0.2821E+00
   0.3152E+00
   0.3476E+00
   0.3792E+00
   0.4099E+00
   0.4397E+00
   0.4684E+00
   0.4960E+00
   0.5225E+00
   0.5478E+00
   0.5717E+00
   0.5944E+00
   0.6156E+00
   0.6354E+00
   0.6538E+00
   0.6706E+00
   0.6858E+00
   0.6994E+00
   0.7114E+00
   0.7218E+00
   0.7304E+00
   0.7374E+00
   0.7426E+00
   0.7461E+00
   0.7478E+00
   0.7478E+00
   0.7461E+00
   0.7426E+00
   0.7374E+00
   0.7304E+00
   0.7218E+00
   0.7114E+00
   0.6994E+00
   0.6858E+00
   0.6706E+00
   0.6538E+00
   0.6354E+00
   0.6156E+00
   0.5944E+00
   0.5717E+00
   0.5478E+00
   0.5225E+00
   0.4960E+00
   0.4684E+00
   0.4397E+00
   0.4099E+00
   0.3792E+00
   0.3476E+00
   0.3152E+00
   0.2821E+00
   0.2483E+00
   0.2139E+00
   0.1790E+00
   0.1437E+00
   0.1081E+00
   0.7220E-01
   0.3614E-01
   0.0000E+00
   0.0000E+00
   0.3443E-01
   0.6878E-01
   0.1030E+00
   0.1369E+00
   0.1706E+00
   0.2038E+00
   0.2365E+00
   0.2688E+00
   0.3003E+00
   0.3312E+00
   0.3613E+00
   0.3906E+00
   0.4189E+00
   0.4463E+00
   0.4726E+00
   0.4978E+00
   0.5219E+00
   0.5447E+00
   0.5663E+00
   0.5865E+00
   0.6054E+00
   0.6229E+00
   0.6389E+00
   0.6534E+00
   0.6664E+00
   0.6778E+00
   0.6877E+00
   0.6959E+00
   0.7025E+00
   0.7075E+00
   0.7108E+00
   0.7125E+00
   0.7125E+00
   0.7108E+00
   0.7075E+00
   0.7025E+00
   0.6959E+00
   0.6877E+00
   0.6778E+00
   0.6664E+00
   0.6534E+00
   0.6389E+00
   0.6229E+00
   0.6054E+00
   0.5865E+00
   0.5663E+00
   0.5447E+00
   0.5219E+00
   0.4978E+00
   0.4726E+00
   0.4463E+00
   0.4189E+00
   0.3906E+00
   0.3613E+00
   0.3312E+00
   0.3003E+00
   0.2688E+00
   0.2365E+00
   0.2038E+00
   0.1706E+00
   0.1369E+00
   0.1030E+00
   0.6878E-01
   0.3443E-01
   0.0000E+00
   0.0000E+00
   0.3281E-01
   0.6553E-01
   0.9811E-01
   0.1305E+00
   0.1625E+00
   0.1942E+00
   0.2254E+00
   0.2561E+00
   0.2861E+00
   0.3156E+00
   0.3442E+00
   0.3721E+00
   0.3991E+00
   0.4252E+00
   0.4503E+00
   0.4743E+00
   0.4972E+00
   0.5190E+00
   0.5395E+00
   0.5588E+00
   0.5768E+00
   0.5934E+00
   0.6087E+00
   0.6225E+00
   0.6349E+00
   0.6458E+00
   0.6552E+00
   0.6630E+00
   0.6693E+00
   0.6741E+00
   0.6772E+00
   0.6788E+00
   0.6788E+00
   0.6772E+00
   0.6741E+00
   0.6693E+00
   0.6630E+00
   0.6552E+00
   0.6458E+00
   0.6349E+00
   0.6225E+00
   0.6087E+00
   0.5934E+00
   0.5768E+00
   0.5588E+00
   0.5395E+00
   0.5190E+00
   0.4972E+00
   0.4743E+00
   0.4503E+00
   0.4252E+00
   0.3991E+00
   0.3721E+00
   0.3442E+00
   0.3156E+00
   0.2861E+00
   0.2561E+00
   0.2254E+00
   0.1942E+00
   0.1625E+00
   0.1305E+00
   0.9811E-01
   0.6553E-01
   0.3281E-01
   0.0000E+00
   0.0000E+00
   0.3125E-01
   0.6244E-01
   0.9347E-01
   0.1243E+00
   0.1548E+00
   0.1850E+00
   0.2147E+00
   0.2439E+00
   0.2726E+00
   0.3006E+00
   0.3280E+00
   0.3545E+00
   0.3802E+00
   0.4051E+00
   0.4290E+00
   0.4519E+00
   0.4737E+00
   0.4944E+00
   0.5140E+00
   0.5324E+00
   0.5495E+00
   0.5654E+00
   0.5799E+00
   0.5931E+00
   0.6049E+00
   0.6153E+00
   0.6242E+00
   0.6317E+00
   0.6377E+00
   0.6422E+00
   0.6452E+00
   0.6467E+00
   0.6467E+00
   0.6452E+00
   0.6422E+00
   0.6377E+00
   0.6317E+00
   0.6242E+00
   0.6153E+00
   0.6049E+00
   0.5931E+00
   0.5799E+00
   0.5654E+00
   0.5495E+00
   0.5324E+00
   0.5140E+00
   0.4944E+00
   0.4737E+00
   0.4519E+00
   0.4290E+00
   0.4051E+00
   0.3802E+00
   0.3545E+00
   0.3280E+00
   0.3006E+00
   0.2726E+00
   0.2439E+00
   0.2147E+00
   0.1850E+00
   0.1548E+00
   0.1243E+00
   0.9347E-01
   0.6244E-01
   0.3125E-01
   0.0000E+00
   0.0000E+00
   0.2978E-01
   0.5949E-01
   0.8905E-01
   0.1184E+00
   0.1475E+00
   0.1762E+00
   0.2046E+00
   0.2324E+00
   0.2597E+00
   0.2864E+00
   0.3125E+00
   0.3378E+00
   0.3623E+00
   0.3859E+00
   0.4087E+00
   0.4305E+00
   0.4513E+00
   0.4711E+00
   0.4897E+00
   0.5072E+00
   0.5236E+00
   0.5387E+00
   0.5525E+00
   0.5651E+00
   0.5763E+00
   0.5862E+00
   0.5947E+00
   0.6018E+00
   0.6075E+00
   0.6118E+00
   0.6147E+00
   0.6162E+00
   0.6162E+00
   0.6147E+00
   0.6118E+00
   0.6075E+00
   0.6018E+00
   0.5947E+00
   0.5862E+00
   0.5763E+00
   0.5651E+00
   0.5525E+00
   0.5387E+00
   0.5236E+00
   0.5072E+00
   0.4897E+00
   0.4711E+00
   0.4513E+00
   0.4305E+00
   0.4087E+00
   0.3859E+00
   0.3623E+00
   0.3378E+00
   0.3125E+00
   0.2864E+00
   0.2597E+00
   0.2324E+00
   0.2046E+00
   0.1762E+00
   0.1475E+00
   0.1184E+00
   0.8905E-01
   0.5949E-01
   0.2978E-01
   0.0000E+00
   0.0000E+00
   0.2837E-01
   0.5667E-01
   0.8484E-01
   0.1128E+00
   0.1405E+00
   0.1679E+00
   0.1949E+00
   0.2214E+00
   0.2474E+00
   0.2729E+00
   0.2977E+00
   0.3218E+00
   0.3451E+00
   0.3677E+00
   0.3894E+00
   0.4102E+00
   0.4300E+00
   0.4488E+00
   0.4666E+00
   0.4833E+00
   0.4988E+00
   0.5132E+00
   0.5264E+00
   0.5383E+00
   0.5490E+00
   0.5585E+00
   0.5666E+00
   0.5734E+00
   0.5788E+00
   0.5829E+00
   0.5857E+00
   0.5870E+00
   0.5870E+00
   0.5857E+00
   0.5829E+00
   0.5788E+00
   0.5734E+00
   0.5666E+00
   0.5585E+00
   0.5490E+00
   0.5383E+00
   0.5264E+00
   0.5132E+00
   0.4988E+00
   0.4833E+00
   0.4666E+00
   0.4488E+00
   0.4300E+00
   0.4102E+00
   0.3894E+00
   0.3677E+00
   0.3451E+00
   0.3218E+00
   0.2977E+00
   0.2729E+00
   0.2474E+00
   0.2214E+00
   0.1949E+00
   0.1679E+00
   0.1405E+00
   0.1128E+00
   0.8484E-01
   0.5667E-01
   0.2837E-01
   0.0000E+00
   0.0000E+00
   0.2703E-01
   0.5399E-01
   0.8083E-01
   0.1075E+00
   0.1339E+00
   0.1600E+00
   0.1857E+00
   0.2110E+00
   0.2357E+00
   0.2600E+00
   0.2836E+00
   0.3066E+00
   0.3288E+00
   0.3503E+00
   0.3710E+00
   0.3908E+00
   0.4097E+00
   0.4276E+00
   0.4445E+00
   0.4604E+00
   0.4752E+00
   0.4889E+00
   0.5015E+00
   0.5129E+00
   0.5231E+00
   0.5321E+00
   0.5398E+00
   0.5463E+00
   0.5515E+00
   0.5554E+00
   0.5580E+00
   0.5593E+00
   0.5593E+00
   0.5580E+00
   0.5554E+00
   0.5515E+00
   0.5463E+00
   0.5398E+00
   0.5321E+00
   0.5231E+00
   0.5129E+00
   0.5015E+00
   0.4889E+00
   0.4752E+00
   0.4604E+00
   0.4445E+00
   0.4276E+00
   0.4097E+00
   0.3908E+00
   0.3710E+00
   0.3503E+00
   0.3288E+00
   0.3066E+00
   0.2836E+00
   0.2600E+00
   0.2357E+00
   0.2110E+00
   0.1857E+00
   0.1600E+00
   0.1339E+00
   0.1075E+00
   0.8083E-01
   0.5399E-01
   0.2703E-01
   0.0000E+00
   0.0000E+00
   0.2575E-01
   0.5144E-01
   0.7701E-01
   0.1024E+00
   0.1276E+00
   0.1524E+00
   0.1769E+00
   0.2010E+00
   0.2246E+00
   0.2477E+00
   0.2702E+00
   0.2921E+00
   0.3133E+00
   0.3337E+00
   0.3534E+00
   0.3723E+00
   0.3903E+00
   0.4074E+00
   0.4235E+00
   0.4386E+00
   0.4528E+00
   0.4658E+00
   0.4778E+00
   0.4886E+00
   0.4983E+00
   0.5069E+00
   0.5143E+00
   0.5204E+00
   0.5254E+00
   0.5291E+00
   0.5316E+00
   0.5328E+00
   0.5328E+00
   0.5316E+00
   0.5291E+00
   0.5254E+00
   0.5204E+00
   0.5143E+00
   0.5069E+00
   0.4983E+00
   0.4886E+00
   0.4778E+00
   0.4658E+00
   0.4528E+00
   0.4386E+00
   0.4235E+00
   0.4074E+00
   0.3903E+00
   0.3723E+00
   0.3534E+00
   0.3337E+00
   0.3133E+00
   0.2921E+00
   0.2702E+00
   0.2477E+00
   0.2246E+00
   0.2010E+00
   0.1769E+00
   0.1524E+00
   0.1276E+00
   0.1024E+00
   0.7701E-01
   0.5144E-01
   0.2575E-01
   0.0000E+00
   0.0000E+00
   0.2453E-01
   0.4901E-01
   0.7337E-01
   0.9756E-01
   0.1215E+00
   0.1452E+00
   0.1685E+00
   0.1915E+00
   0.2140E+00
   0.2360E+00
   0.2574E+00
   0.2783E+00
   0.2985E+00
   0.3180E+00
   0.3367E+00
   0.3547E+00
   0.3718E+00
   0.3881E+00
   0.4035E+00
   0.4179E+00
   0.4313E+00
   0.4438E+00
   0.4552E+00
   0.4655E+00
   0.4748E+00
   0.4829E+00
   0.4899E+00
   0.4958E+00
   0.5005E+00
   0.5041E+00
   0.5064E+00
   0.5076E+00
   0.5076E+00
   0.5064E+00
   0.5041E+00
   0.5005E+00
   0.4958E+00
   0.4899E+00
   0.4829E+00
   0.4748E+00
   0.4655E+00
   0.4552E+00
   0.4438E+00
   0.4313E+00
   0.4179E+00
   0.4035E+00
   0.3881E+00
   0.3718E+00
   0.3547E+00
   0.3367E+00
   0.3180E+00
   0.2985E+00
   0.2783E+00
   0.2574E+00
   0.2360E+00
   0.2140E+00
   0.1915E+00
   0.1685E+00
   0.1452E+00
   0.1215E+00
   0.9756E-01
   0.7337E-01
   0.4901E-01
   0.2453E-01
   0.0000E+00
   0.0000E+00
   0.2337E-01
   0.4669E-01
   0.6990E-01
   0.9294E-01
   0.1158E+00
   0.1383E+00
   0.1606E+00
   0.1824E+00
   0.2039E+00
   0.2248E+00
   0.2452E+00
   0.2651E+00
   0.2843E+00
   0.3029E+00
   0.3208E+00
   0.3379E+00
   0.3542E+00
   0.3697E+00
   0.3844E+00
   0.3981E+00
   0.4109E+00
   0.4228E+00
   0.4337E+00
   0.4435E+00
   0.4523E+00
   0.4601E+00
   0.4668E+00
   0.4724E+00
   0.4769E+00
   0.4802E+00
   0.4825E+00
   0.4836E+00
   0.4836E+00
   0.4825E+00
   0.4802E+00
   0.4769E+00
   0.4724E+00
   0.4668E+00
   0.4601E+00
   0.4523E+00
   0.4435E+00
   0.4337E+00
   0.4228E+00
   0.4109E+00
   0.3981E+00
   0.3844E+00
   0.3697E+00
   0.3542E+00
   0.3379E+00
   0.3208E+00
   0.3029E+00
   0.2843E+00
   0.2651E+00
   0.2452E+00
   0.2248E+00
   0.2039E+00
   0.1824E+00
   0.1606E+00
   0.1383E+00
   0.1158E+00
   0.9294E-01
   0.6990E-01
   0.4669E-01
   0.2337E-01
   0.0000E+00
   0.0000E+00
   0.2227E-01
   0.4448E-01
   0.6659E-01
   0.8855E-01
   0.1103E+00
   0.1318E+00
   0.1530E+00
   0.1738E+00
   0.1942E+00
   0.2142E+00
   0.2336E+00
   0.2526E+00
   0.2709E+00
   0.2886E+00
   0.3056E+00
   0.3219E+00
   0.3375E+00
   0.3523E+00
   0.3662E+00
   0.3793E+00
   0.3915E+00
   0.4028E+00
   0.4131E+00
   0.4225E+00
   0.4309E+00
   0.4383E+00
   0.4447E+00
   0.4500E+00
   0.4543E+00
   0.4575E+00
   0.4597E+00
   0.4607E+00
   0.4607E+00
   0.4597E+00
   0.4575E+00
   0.4543E+00
   0.4500E+00
   0.4447E+00
   0.4383E+00
   0.4309E+00
   0.4225E+00
   0.4131E+00
   0.4028E+00
   0.3915E+00
   0.3793E+00
   0.3662E+00
   0.3523E+00
   0.3375E+00
   0.3219E+00
   0.3056E+00
   0.2886E+00
   0.2709E+00
   0.2526E+00
   0.2336E+00
   0.2142E+00
   0.1942E+00
   0.1738E+00
   0.1530E+00
   0.1318E+00
   0.1103E+00
   0.8855E-01
   0.6659E-01
   0.4448E-01
   0.2227E-01
   0.0000E+00
   0.0000E+00
   0.2121E-01
   0.4238E-01
   0.6344E-01
   0.8436E-01
   0.1051E+00
   0.1255E+00
   0.1457E+00
   0.1656E+00
   0.1850E+00
   0.2040E+00
   0.2226E+00
   0.2406E+00
   0.2581E+00
   0.2749E+00
   0.2912E+00
   0.3067E+00
   0.3215E+00
   0.3356E+00
   0.3489E+00
   0.3613E+00
   0.3730E+00
   0.3837E+00
   0.3936E+00
   0.4025E+00
   0.4105E+00
   0.4176E+00
   0.4236E+00
   0.4287E+00
   0.4328E+00
   0.4359E+00
   0.4379E+00
   0.4389E+00
   0.4389E+00
   0.4379E+00
   0.4359E+00
   0.4328E+00
   0.4287E+00
   0.4236E+00
   0.4176E+00
   0.4105E+00
   0.4025E+00
   0.3936E+00
   0.3837E+00
   0.3730E+00
   0.3613E+00
   0.3489E+00
   0.3356E+00
   0.3215E+00
   0.3067E+00
   0.2912E+00
   0.2749E+00
   0.2581E+00
   0.2406E+00
   0.2226E+00
   0.2040E+00
   0.1850E+00
   0.1656E+00
   0.1457E+00
   0.1255E+00
   0.1051E+00
   0.8436E-01
   0.6344E-01
   0.4238E-01
   0.2121E-01
   0.0000E+00
   0.0000E+00
   0.2021E-01
   0.4037E-01
   0.6044E-01
   0.8036E-01
   0.1001E+00
   0.1196E+00
   0.1388E+00
   0.1577E+00
   0.1763E+00
   0.1944E+00
   0.2121E+00
   0.2292E+00
   0.2459E+00
   0.2619E+00
   0.2774E+00
   0.2922E+00
   0.3063E+00
   0.3197E+00
   0.3324E+00
   0.3442E+00
   0.3553E+00
   0.3656E+00
   0.3750E+00
   0.3835E+00
   0.3911E+00
   0.3978E+00
   0.4036E+00
   0.4084E+00
   0.4123E+00
   0.4152E+00
   0.4172E+00
   0.4182E+00
   0.4182E+00
   0.4172E+00
   0.4152E+00
   0.4123E+00
   0.4084E+00
   0.4036E+00
   0.3978E+00
   0.3911E+00
   0.3835E+00
   0.3750E+00
   0.3656E+00
   0.3553E+00
   0.3442E+00
   0.3324E+00
   0.3197E+00
   0.3063E+00
   0.2922E+00
   0.2774E+00
   0.2619E+00
   0.2459E+00
   0.2292E+00
   0.2121E+00
   0.1944E+00
   0.1763E+00
   0.1577E+00
   0.1388E+00
   0.1196E+00
   0.1001E+00
   0.8036E-01
   0.6044E-01
   0.4037E-01
   0.2021E-01
   0.0000E+00
   0.0000E+00
   0.1925E-01
   0.3846E-01
   0.5758E-01
   0.7656E-01
   0.9537E-01
   0.1139E+00
   0.1323E+00
   0.1503E+00
   0.1679E+00
   0.1852E+00
   0.2020E+00
   0.2184E+00
   0.2342E+00
   0.2495E+00
   0.2643E+00
   0.2784E+00
   0.2918E+00
   0.3046E+00
   0.3166E+00
   0.3280E+00
   0.3385E+00
   0.3483E+00
   0.3572E+00
   0.3653E+00
   0.3726E+00
   0.3790E+00
   0.3845E+00
   0.3891E+00
   0.3928E+00
   0.3956E+00
   0.3974E+00
   0.3984E+00
   0.3984E+00
   0.3974E+00
   0.3956E+00
   0.3928E+00
   0.3891E+00
   0.3845E+00
   0.3790E+00
   0.3726E+00
   0.3653E+00
   0.3572E+00
   0.3483E+00
   0.3385E+00
   0.3280E+00
   0.3166E+00
   0.3046E+00
   0.2918E+00
   0.2784E+00
   0.2643E+00
   0.2495E+00
   0.2342E+00
   0.2184E+00
   0.2020E+00
   0.1852E+00
   0.1679E+00
   0.1503E+00
   0.1323E+00
   0.1139E+00
   0.9537E-01
   0.7656E-01
   0.5758E-01
   0.3846E-01
   0.1925E-01
   0.0000E+00
   0.0000E+00
   0.1834E-01
   0.3664E-01
   0.5485E-01
   0.7294E-01
   0.9085E-01
   0.1086E+00
   0.1260E+00
   0.1432E+00
   0.1600E+00
   0.1764E+00
   0.1925E+00
   0.2080E+00
   0.2231E+00
   0.2377E+00
   0.2517E+00
   0.2652E+00
   0.2780E+00
   0.2902E+00
   0.3016E+00
   0.3124E+00
   0.3225E+00
   0.3318E+00
   0.3403E+00
   0.3480E+00
   0.3550E+00
   0.3611E+00
   0.3663E+00
   0.3707E+00
   0.3742E+00
   0.3769E+00
   0.3786E+00
   0.3795E+00
   0.3795E+00
   0.3786E+00
   0.3769E+00
   0.3742E+00
   0.3707E+00
   0.3663E+00
   0.3611E+00
   0.3550E+00
   0.3480E+00
   0.3403E+00
   0.3318E+00
   0.3225E+00
   0.3124E+00
   0.3016E+00
   0.2902E+00
   0.2780E+00
   0.2652E+00
   0.2517E+00
   0.2377E+00
   0.2231E+00
   0.2080E+00
   0.1925E+00
   0.1764E+00
   0.1600E+00
   0.1432E+00
   0.1260E+00
   0.1086E+00
   0.9085E-01
   0.7294E-01
   0.5485E-01
   0.3664E-01
   0.1834E-01
   0.0000E+00
   0.0000E+00
   0.1747E-01
   0.3491E-01
   0.5226E-01
   0.6948E-01
   0.8655E-01
   0.1034E+00
   0.1200E+00
   0.1364E+00
   0.1524E+00
   0.1681E+00
   0.1833E+00
   0.1982E+00
   0.2126E+00
   0.2265E+00
   0.2398E+00
   0.2526E+00
   0.2648E+00
   0.2764E+00
   0.2874E+00
   0.2976E+00
   0.3072E+00
   0.3161E+00
   0.3242E+00
   0.3316E+00
   0.3382E+00
   0.3440E+00
   0.3490E+00
   0.3531E+00
   0.3565E+00
   0.3590E+00
   0.3607E+00
   0.3616E+00
   0.3616E+00
   0.3607E+00
   0.3590E+00
   0.3565E+00
   0.3531E+00
   0.3490E+00
   0.3440E+00
   0.3382E+00
   0.3316E+00
   0.3242E+00
   0.3161E+00
   0.3072E+00
   0.2976E+00
   0.2874E+00
   0.2764E+00
   0.2648E+00
   0.2526E+00
   0.2398E+00
   0.2265E+00
   0.2126E+00
   0.1982E+00
   0.1833E+00
   0.1681E+00
   0.1524E+00
   0.1364E+00
   0.1200E+00
   0.1034E+00
   0.8655E-01
   0.6948E-01
   0.5226E-01
   0.3491E-01
   0.1747E-01
   0.0000E+00
   0.0000E+00
   0.1665E-01
   0.3325E-01
   0.4978E-01
   0.6619E-01
   0.8245E-01
   0.9852E-01
   0.1144E+00
   0.1299E+00
   0.1452E+00
   0.1601E+00
   0.1747E+00
   0.1888E+00
   0.2025E+00
   0.2157E+00
   0.2285E+00
   0.2407E+00
   0.2523E+00
   0.2633E+00
   0.2738E+00
   0.2835E+00
   0.2927E+00
   0.3011E+00
   0.3089E+00
   0.3159E+00
   0.3221E+00
   0.3277E+00
   0.3324E+00
   0.3364E+00
   0.3396E+00
   0.3420E+00
   0.3436E+00
   0.3444E+00
   0.3444E+00
   0.3436E+00
   0.3420E+00
   0.3396E+00
   0.3364E+00
   0.3324E+00
   0.3277E+00
   0.3221E+00
   0.3159E+00
   0.3089E+00
   0.3011E+00
   0.2927E+00
   0.2835E+00
   0.2738E+00
   0.2633E+00
   0.2523E+00
   0.2407E+00
   0.2285E+00
   0.2157E+00
   0.2025E+00
   0.1888E+00
   0.1747E+00
   0.1601E+00
   0.1452E+00
   0.1299E+00
   0.1144E+00
   0.9852E-01
   0.8245E-01
   0.6619E-01
   0.4978E-01
   0.3325E-01
   0.1665E-01
   0.0000E+00
   0.0000E+00
   0.1586E-01
   0.3168E-01
   0.4742E-01
   0.6306E-01
   0.7855E-01
   0.9385E-01
   0.1089E+00
   0.1238E+00
   0.1383E+00
   0.1525E+00
   0.1664E+00
   0.1799E+00
   0.1929E+00
   0.2055E+00
   0.2177E+00
   0.2293E+00
   0.2403E+00
   0.2509E+00
   0.2608E+00
   0.2701E+00
   0.2788E+00
   0.2869E+00
   0.2942E+00
   0.3009E+00
   0.3069E+00
   0.3122E+00
   0.3167E+00
   0.3205E+00
   0.3235E+00
   0.3258E+00
   0.3274E+00
   0.3281E+00
   0.3281E+00
   0.3274E+00
   0.3258E+00
   0.3235E+00
   0.3205E+00
   0.3167E+00
   0.3122E+00
   0.3069E+00
   0.3009E+00
   0.2942E+00
   0.2869E+00
   0.2788E+00
   0.2701E+00
   0.2608E+00
   0.2509E+00
   0.2403E+00
   0.2293E+00
   0.2177E+00
   0.2055E+00
   0.1929E+00
   0.1799E+00
   0.1664E+00
   0.1525E+00
   0.1383E+00
   0.1238E+00
   0.1089E+00
   0.9385E-01
   0.7855E-01
   0.6306E-01
   0.4742E-01
   0.3168E-01
   0.1586E-01
   0.0000E+00
   0.0000E+00
   0.1511E-01
   0.3018E-01
   0.4518E-01
   0.6007E-01
   0.7483E-01
   0.8941E-01
   0.1038E+00
   0.1179E+00
   0.1318E+00
   0.1453E+00
   0.1585E+00
   0.1714E+00
   0.1838E+00
   0.1958E+00
   0.2073E+00
   0.2184E+00
   0.2290E+00
   0.2390E+00
   0.2484E+00
   0.2573E+00
   0.2656E+00
   0.2733E+00
   0.2803E+00
   0.2867E+00
   0.2924E+00
   0.2974E+00
   0.3017E+00
   0.3053E+00
   0.3082E+00
   0.3104E+00
   0.3119E+00
   0.3126E+00
   0.3126E+00
   0.3119E+00
   0.3104E+00
   0.3082E+00
   0.3053E+00
   0.3017E+00
   0.2974E+00
   0.2924E+00
   0.2867E+00
   0.2803E+00
   0.2733E+00
   0.2656E+00
   0.2573E+00
   0.2484E+00
   0.2390E+00
   0.2290E+00
   0.2184E+00
   0.2073E+00
   0.1958E+00
   0.1838E+00
   0.1714E+00
   0.1585E+00
   0.1453E+00
   0.1318E+00
   0.1179E+00
   0.1038E+00
   0.8941E-01
   0.7483E-01
   0.6007E-01
   0.4518E-01
   0.3018E-01
   0.1511E-01
   0.0000E+00
   0.0000E+00
   0.1439E-01
   0.2875E-01
   0.4304E-01
   0.5723E-01
   0.7128E-01
   0.8517E-01
   0.9886E-01
   0.1123E+00
   0.1255E+00
   0.1384E+00
   0.1510E+00
   0.1632E+00
   0.1751E+00
   0.1865E+00
   0.1975E+00
   0.2081E+00
   0.2181E+00
   0.2277E+00
   0.2367E+00
   0.2451E+00
   0.2530E+00
   0.2603E+00
   0.2670E+00
   0.2731E+00
   0.2785E+00
   0.2833E+00
   0.2874E+00
   0.2909E+00
   0.2936E+00
   0.2957E+00
   0.2971E+00
   0.2978E+00
   0.2978E+00
   0.2971E+00
   0.2957E+00
   0.2936E+00
   0.2909E+00
   0.2874E+00
   0.2833E+00
   0.2785E+00
   0.2731E+00
   0.2670E+00
   0.2603E+00
   0.2530E+00
   0.2451E+00
   0.2367E+00
   0.2277E+00
   0.2181E+00
   0.2081E+00
   0.1975E+00
   0.1865E+00
   0.1751E+00
   0.1632E+00
   0.1510E+00
   0.1384E+00
   0.1255E+00
   0.1123E+00
   0.9886E-01
   0.8517E-01
   0.7128E-01
   0.5723E-01
   0.4304E-01
   0.2875E-01
   0.1439E-01
   0.0000E+00
   0.0000E+00
   0.1371E-01
   0.2739E-01
   0.4100E-01
   0.5452E-01
   0.6791E-01
   0.8114E-01
   0.9418E-01
   0.1070E+00
   0.1196E+00
   0.1319E+00
   0.1439E+00
   0.1555E+00
   0.1668E+00
   0.1777E+00
   0.1882E+00
   0.1982E+00
   0.2078E+00
   0.2169E+00
   0.2255E+00
   0.2335E+00
   0.2410E+00
   0.2480E+00
   0.2544E+00
   0.2601E+00
   0.2653E+00
   0.2699E+00
   0.2738E+00
   0.2771E+00
   0.2797E+00
   0.2817E+00
   0.2830E+00
   0.2837E+00
   0.2837E+00
   0.2830E+00
   0.2817E+00
   0.2797E+00
   0.2771E+00
   0.2738E+00
   0.2699E+00
   0.2653E+00
   0.2601E+00
   0.2544E+00
   0.2480E+00
   0.2410E+00
   0.2335E+00
   0.2255E+00
   0.2169E+00
   0.2078E+00
   0.1982E+00
   0.1882E+00
   0.1777E+00
   0.1668E+00
   0.1555E+00
   0.1439E+00
   0.1319E+00
   0.1196E+00
   0.1070E+00
   0.9418E-01
   0.8114E-01
   0.6791E-01
   0.5452E-01
   0.4100E-01
   0.2739E-01
   0.1371E-01
   0.0000E+00
   0.0000E+00
   0.1306E-01
   0.2609E-01
   0.3906E-01
   0.5193E-01
   0.6469E-01
   0.7730E-01
   0.8972E-01
   0.1019E+00
   0.1139E+00
   0.1256E+00
   0.1370E+00
   0.1481E+00
   0.1589E+00
   0.1693E+00
   0.1793E+00
   0.1888E+00
   0.1979E+00
   0.2066E+00
   0.2148E+00
   0.2225E+00
   0.2296E+00
   0.2362E+00
   0.2423E+00
   0.2478E+00
   0.2527E+00
   0.2571E+00
   0.2608E+00
   0.2639E+00
   0.2665E+00
   0.2683E+00
   0.2696E+00
   0.2702E+00
   0.2702E+00
   0.2696E+00
   0.2683E+00
   0.2665E+00
   0.2639E+00
   0.2608E+00
   0.2571E+00
   0.2527E+00
   0.2478E+00
   0.2423E+00
   0.2362E+00
   0.2296E+00
   0.2225E+00
   0.2148E+00
   0.2066E+00
   0.1979E+00
   0.1888E+00
   0.1793E+00
   0.1693E+00
   0.1589E+00
   0.1481E+00
   0.1370E+00
   0.1256E+00
   0.1139E+00
   0.1019E+00
   0.8972E-01
   0.7730E-01
   0.6469E-01
   0.5193E-01
   0.3906E-01
   0.2609E-01
   0.1306E-01
   0.0000E+00
   0.0000E+00
   0.1244E-01
   0.2485E-01
   0.3721E-01
   0.4947E-01
   0.6163E-01
   0.7363E-01
   0.8547E-01
   0.9710E-01
   0.1085E+00
   0.1197E+00
   0.1305E+00
   0.1411E+00
   0.1514E+00
   0.1612E+00
   0.1708E+00
   0.1799E+00
   0.1886E+00
   0.1968E+00
   0.2046E+00
   0.2119E+00
   0.2187E+00
   0.2251E+00
   0.2308E+00
   0.2361E+00
   0.2408E+00
   0.2449E+00
   0.2485E+00
   0.2514E+00
   0.2538E+00
   0.2556E+00
   0.2568E+00
   0.2574E+00
   0.2574E+00
   0.2568E+00
   0.2556E+00
   0.2538E+00
   0.2514E+00
   0.2485E+00
   0.2449E+00
   0.2408E+00
   0.2361E+00
   0.2308E+00
   0.2251E+00
   0.2187E+00
   0.2119E+00
   0.2046E+00
   0.1968E+00
   0.1886E+00
   0.1799E+00
   0.1708E+00
   0.1612E+00
   0.1514E+00
   0.1411E+00
   0.1305E+00
   0.1197E+00
   0.1085E+00
   0.9710E-01
   0.8547E-01
   0.7363E-01
   0.6163E-01
   0.4947E-01
   0.3721E-01
   0.2485E-01
   0.1244E-01
   0.0000E+00
   0.0000E+00
   0.1185E-01
   0.2368E-01
   0.3544E-01
   0.4713E-01
   0.5871E-01
   0.7014E-01
   0.8142E-01
   0.9250E-01
   0.1034E+00
   0.1140E+00
   0.1244E+00
   0.1344E+00
   0.1442E+00
   0.1536E+00
   0.1627E+00
   0.1713E+00
   0.1796E+00
   0.1875E+00
   0.1949E+00
   0.2019E+00
   0.2084E+00
   0.2144E+00
   0.2199E+00
   0.2249E+00
   0.2294E+00
   0.2333E+00
   0.2367E+00
   0.2395E+00
   0.2418E+00
   0.2435E+00
   0.2447E+00
   0.2452E+00
   0.2452E+00
   0.2447E+00
   0.2435E+00
   0.2418E+00
   0.2395E+00
   0.2367E+00
   0.2333E+00
   0.2294E+00
   0.2249E+00
   0.2199E+00
   0.2144E+00
   0.2084E+00
   0.2019E+00
   0.1949E+00
   0.1875E+00
   0.1796E+00
   0.1713E+00
   0.1627E+00
   0.1536E+00
   0.1442E+00
   0.1344E+00
   0.1244E+00
   0.1140E+00
   0.1034E+00
   0.9250E-01
   0.8142E-01
   0.7014E-01
   0.5871E-01
   0.4713E-01
   0.3544E-01
   0.2368E-01
   0.1185E-01
   0.0000E+00
   0.0000E+00
   0.1129E-01
   0.2255E-01
   0.3376E-01
   0.4490E-01
   0.5592E-01
   0.6682E-01
   0.7756E-01
   0.8812E-01
   0.9847E-01
   0.1086E+00
   0.1185E+00
   0.1281E+00
   0.1374E+00
   0.1463E+00
   0.1550E+00
   0.1632E+00
   0.1711E+00
   0.1786E+00
   0.1857E+00
   0.1923E+00
   0.1985E+00
   0.2042E+00
   0.2095E+00
   0.2142E+00
   0.2185E+00
   0.2222E+00
   0.2255E+00
   0.2282E+00
   0.2303E+00
   0.2320E+00
   0.2331E+00
   0.2336E+00
   0.2336E+00
   0.2331E+00
   0.2320E+00
   0.2303E+00
   0.2282E+00
   0.2255E+00
   0.2222E+00
   0.2185E+00
   0.2142E+00
   0.2095E+00
   0.2042E+00
   0.1985E+00
   0.1923E+00
   0.1857E+00
   0.1786E+00
   0.1711E+00
   0.1632E+00
   0.1550E+00
   0.1463E+00
   0.1374E+00
   0.1281E+00
   0.1185E+00
   0.1086E+00
   0.9847E-01
   0.8812E-01
   0.7756E-01
   0.6682E-01
   0.5592E-01
   0.4490E-01
   0.3376E-01
   0.2255E-01
   0.1129E-01
   0.0000E+00
   0.0000E+00
   0.1075E-01
   0.2148E-01
   0.3216E-01
   0.4277E-01
   0.5327E-01
   0.6365E-01
   0.7389E-01
   0.8394E-01
   0.9381E-01
   0.1035E+00
   0.1129E+00
   0.1220E+00
   0.1308E+00
   0.1394E+00
   0.1476E+00
   0.1555E+00
   0.1630E+00
   0.1701E+00
   0.1769E+00
   0.1832E+00
   0.1891E+00
   0.1946E+00
   0.1996E+00
   0.2041E+00
   0.2081E+00
   0.2117E+00
   0.2148E+00
   0.2174E+00
   0.2194E+00
   0.2210E+00
   0.2220E+00
   0.2225E+00
   0.2225E+00
   0.2220E+00
   0.2210E+00
   0.2194E+00
   0.2174E+00
   0.2148E+00
   0.2117E+00
   0.2081E+00
   0.2041E+00
   0.1996E+00
   0.1946E+00
   0.1891E+00
   0.1832E+00
   0.1769E+00
   0.1701E+00
   0.1630E+00
   0.1555E+00
   0.1476E+00
   0.1394E+00
   0.1308E+00
   0.1220E+00
   0.1129E+00
   0.1035E+00
   0.9381E-01
   0.8394E-01
   0.7389E-01
   0.6365E-01
   0.5327E-01
   0.4277E-01
   0.3216E-01
   0.2148E-01
   0.1075E-01
   0.0000E+00
   0.0000E+00
   0.1025E-01
   0.2047E-01
   0.3064E-01
   0.4074E-01
   0.5075E-01
   0.6064E-01
   0.7038E-01
   0.7997E-01
   0.8936E-01
   0.9855E-01
   0.1075E+00
   0.1162E+00
   0.1246E+00
   0.1328E+00
   0.1406E+00
   0.1481E+00
   0.1553E+00
   0.1621E+00
   0.1685E+00
   0.1745E+00
   0.1801E+00
   0.1853E+00
   0.1901E+00
   0.1944E+00
   0.1983E+00
   0.2017E+00
   0.2046E+00
   0.2071E+00
   0.2090E+00
   0.2105E+00
   0.2115E+00
   0.2120E+00
   0.2120E+00
   0.2115E+00
   0.2105E+00
   0.2090E+00
   0.2071E+00
   0.2046E+00
   0.2017E+00
   0.1983E+00
   0.1944E+00
   0.1901E+00
   0.1853E+00
   0.1801E+00
   0.1745E+00
   0.1685E+00
   0.1621E+00
   0.1553E+00
   0.1481E+00
   0.1406E+00
   0.1328E+00
   0.1246E+00
   0.1162E+00
   0.1075E+00
   0.9855E-01
   0.8936E-01
   0.7997E-01
   0.7038E-01
   0.6064E-01
   0.5075E-01
   0.4074E-01
   0.3064E-01
   0.2047E-01
   0.1025E-01
   0.0000E+00
   0.0000E+00
   0.9760E-02
   0.1950E-01
   0.2919E-01
   0.3881E-01
   0.4834E-01
   0.5776E-01
   0.6705E-01
   0.7618E-01
   0.8513E-01
   0.9388E-01
   0.1024E+00
   0.1107E+00
   0.1187E+00
   0.1265E+00
   0.1340E+00
   0.1411E+00
   0.1479E+00
   0.1544E+00
   0.1605E+00
   0.1663E+00
   0.1716E+00
   0.1765E+00
   0.1811E+00
   0.1852E+00
   0.1889E+00
   0.1921E+00
   0.1949E+00
   0.1973E+00
   0.1991E+00
   0.2005E+00
   0.2015E+00
   0.2020E+00
   0.2020E+00
   0.2015E+00
   0.2005E+00
   0.1991E+00
   0.1973E+00
   0.1949E+00
   0.1921E+00
   0.1889E+00
   0.1852E+00
   0.1811E+00
   0.1765E+00
   0.1716E+00
   0.1663E+00
   0.1605E+00
   0.1544E+00
   0.1479E+00
   0.1411E+00
   0.1340E+00
   0.1265E+00
   0.1187E+00
   0.1107E+00
   0.1024E+00
   0.9388E-01
   0.8513E-01
   0.7618E-01
   0.6705E-01
   0.5776E-01
   0.4834E-01
   0.3881E-01
   0.2919E-01
   0.1950E-01
   0.9760E-02
   0.0000E+00
   0.0000E+00
   0.1630-321
   0.1148-315
   0.2356-309
   0.1581-321
   0.1265-320
   0.5857-311
   0.0000E+00
   0.0000E+00
   0.0000E+00
   0.0000E+00
   0.0000E+00
   0.1155-315
   0.6366-313
   0.2122-313
   0.1157-315
   0.1159-315
   0.1155-315
   0.9881-323
   0.1157-315
   0.1159-315
   0.0000E+00
   0.0000E+00
   0.0000E+00
   0.0000E+00
   0.0000E+00
   0.0000E+00
   0.0000E+00
   0.0000E+00
   0.0000E+00
   0.0000E+00
   0.0000E+00
   0.0000E+00
   0.0000E+00
   0.0000E+00
   0.0000E+00
   0.2122-313
   0.2535-320
   0.4941-323
   0.0000E+00
   0.0000E+00
   0.0000E+00
   0.0000E+00
   0.0000E+00
   0.0000E+00
   0.0000E+00
   0.0000E+00
   0.0000E+00
   0.0000E+00
   0.0000E+00
   0.0000E+00
   0.0000E+00
   0.0000E+00
   0.0000E+00
   0.0000E+00
   0.0000E+00
   0.2356-309
   0.0000E+00
   0.2356-309
   0.0000E+00
   0.2356-309
   0.0000E+00
   0.2356-309
   0.0000E+00
   0.2356-309
   0.0000E+00
   0.2356-309
   0.0000E+00
   0.2356-309
   0.0000E+00
   0.2356-309
   0.0000E+00
   0.2356-309
   0.0000E+00
   0.2356-309
   0.0000E+00
   0.2356-309
   0.0000E+00
   0.2356-309
   0.0000E+00
   0.2356-309
   0.0000E+00
   0.2356-309
   0.0000E+00
   0.2356-309
   0.0000E+00
   0.0000E+00
   0.0000E+00
   0.0000E+00
   0.0000E+00
   0.0000E+00
   0.0000E+00
   0.0000E+00
   0.0000E+00
   0.0000E+00
   0.0000E+00
   0.0000E+00
   0.0000E+00
   0.0000E+00
   0.0000E+00
   0.0000E+00
   0.2614-320
   0.0000E+00
   0.0000E+00
   0.0000E+00
   0.0000E+00
   0.0000E+00
   0.0000E+00
   0.0000E+00
   0.0000E+00
   0.0000E+00
   0.0000E+00
   0.0000E+00
   0.0000E+00
   0.0000E+00
   0.0000E+00
   0.0000E+00
   0.0000E+00
   0.0000E+00
   0.0000E+00
   0.0000E+00
   0.0000E+00
   0.0000E+00
   0.0000E+00
   0.0000E+00
   0.0000E+00
   0.0000E+00
   0.0000E+00
   0.0000E+00
   0.0000E+00
   0.0000E+00
   0.0000E+00
   0.0000E+00
   0.0000E+00
   0.0000E+00
   0.0000E+00
   0.0000E+00
   0.0000E+00
   0.0000E+00
   0.0000E+00
   0.0000E+00
   0.0000E+00
   0.0000E+00
   0.0000E+00
   0.0000E+00
   0.0000E+00
   0.0000E+00
   0.0000E+00
   0.0000E+00
   0.0000E+00
   0.0000E+00
   0.0000E+00
   0.0000E+00
   0.0000E+00
   0.0000E+00
   0.0000E+00
   0.1152-315
   0.4941-323
   0.0000E+00
   0.0000E+00
   0.0000E+00
   0.0000E+00
   0.0000E+00
   0.0000E+00
   0.0000E+00
   0.0000E+00
   0.9507-311
   0.2851-320
   0.2356-309
   0.2356-309
   0.0000E+00
   0.0000E+00
   0.1155-315
   0.0000E+00
   0.2122-313
   0.0000E+00
   0.0000E+00
   0.0000E+00
   0.0000E+00
   0.1157-315
   0.1157-315
   0.0000E+00
   0.0000E+00
   0.0000E+00
   0.0000E+00
   0.0000E+00
   0.0000E+00
   0.0000E+00
   0.0000E+00
   0.0000E+00
   0.0000E+00
   0.0000E+00
   0.0000E+00
   0.0000E+00
   0.0000E+00
   0.0000E+00
   0.6324-320
   0.1265-320
   0.9655-311
   0.0000E+00
   0.0000E+00
   0.0000E+00
   0.0000E+00
   0.0000E+00
   0.1157-315
   0.0000E+00
   0.2122-313
   0.0000E+00
   0.0000E+00
   0.0000E+00
   0.0000E+00
   0.1157-315
   0.1157-315
   0.0000E+00
   0.0000E+00
   0.1157-315
   0.1157-315
   0.0000E+00
   0.0000E+00
   0.0000E+00
   0.0000E+00
   0.0000E+00
   0.0000E+00
   0.0000E+00
   0.0000E+00
   0.0000E+00
   0.0000E+00
   0.0000E+00
   0.7589-320
   0.2372-321
   0.1157-315
   0.1170-313
   0.1052-320
   0.1532-254
   0.4941-323
   0.1630-321
   0.1159-315
   0.1151-315
   0.2846-320
   0.1107-320
   0.1148-315
   0.1148-315
   0.1148-315
   0.1149-315
   0.1149-315
   0.1149-315
   0.1149-315
   0.1149-315
   0.1149-315
   0.1149-315
   0.1149-315
   0.1149-315
   0.1150-315
   0.1150-315
   0.1150-315
   0.1150-315
   0.1150-315
   0.1150-315
   0.1150-315
   0.1150-315
   0.1150-315
   0.1150-315
   0.1151-315
   0.1151-315
   0.0000E+00
   0.0000E+00
   0.1107-320
   0.1744-320
   0.2356-309
   0.2356-309
   0.2470-322
   0.0000E+00
   0.0000E+00
   0.1507-320
   0.1157-315
   0.2356-309
   0.1148-315
   0.1149-315
   0.1149-315
   0.1149-315
   0.1149-315
   0.1149-315
   0.1149-315
   0.1149-315
   0.1149-315
   0.1149-315
   0.1149-315
   0.1150-315
   0.1150-315
   0.1150-315
   0.1150-315
   0.1150-315
   0.1150-315
   0.1150-315
   0.1150-315
   0.1150-315
   0.1151-315
   0.1151-315
   0.0000E+00
   0.2421-321
   0.2356-309
   0.2356-309
   0.0000E+00
   0.0000E+00
   0.1265-320
   0.2372-321
   0.1157-315
   0.1979-276
   0.2470-322
   0.0000E+00
   0.1739-320
   0.1265-320
   0.1057-310
   0.0000E+00
   0.0000E+00
   0.0000E+00
   0.0000E+00
   0.0000E+00
   0.1157-315
   0.1061-312
   0.2122-313
   0.1157-315
   0.1157-315
   0.1155-315
   0.1976-322
   0.0000E+00
   0.1157-315
   0.9881-323
   0.1153-315
   0.1159-315
   0.1164-315
   0.0000E+00
   0.0000E+00
   0.0000E+00
   0.0000E+00
   0.0000E+00
   0.0000E+00
   0.0000E+00
   0.0000E+00
   0.0000E+00
   0.0000E+00
   0.0000E+00
   0.2122-313
   0.2421-321
   0.1003-302
   0.1979-276
   0.2470-322
   0.0000E+00
   0.0000E+00
   0.1349-320
   0.2356-309
   0.2356-309
   0.2356-309
   0.2356-309
   0.2356-309
   0.2356-309
   0.2356-309
   0.2356-309
   0.2356-309
   0.2356-309
   0.2356-309
   0.2356-309
   0.2356-309
   0.2356-309
   0.2356-309
   0.2356-309
   0.2356-309
   0.2356-309
   0.2356-309
   0.2356-309
   0.2356-309
   0.2356-309
   0.2356-309
   0.2356-309
   0.2356-309
   0.2356-309
   0.2356-309
   0.2356-309
   0.2356-309
   0.2356-309
   0.2356-309
   0.2356-309
   0.0000E+00
   0.1630-321
   0.1157-315
   0.1148-315
   0.1581-321
   0.1265-320
   0.8692-310
   0.0000E+00
   0.0000E+00
   0.0000E+00
   0.0000E+00
   0.0000E+00
   0.1157-315
   0.2122-313
   0.2122-313
   0.1159-315
   0.0000E+00
   0.1155-315
   0.0000E+00
   0.1159-315
   0.0000E+00
   0.9881-323
   0.1153-315
   0.1159-315
   0.1159-315
   0.0000E+00
   0.0000E+00
   0.0000E+00
   0.0000E+00
   0.0000E+00
   0.0000E+00
   0.0000E+00
   0.0000E+00
   0.0000E+00
   0.0000E+00
   0.0000E+00
   0.2122-313
   0.2421-321
   0.1223-295
   0.5582-306
   0.0000E+00
   0.0000E+00
   0.0000E+00
   0.2535-320
   0.1482-322
   0.2356-309
   0.2356-309
   0.2356-309
   0.2356-309
   0.2356-309
   0.2356-309
   0.2356-309
   0.2356-309
   0.2356-309
   0.2356-309
   0.2356-309
   0.2356-309
   0.2356-309
   0.2356-309
   0.2356-309
   0.2356-309
   0.0000E+00
   0.2356-309
   0.0000E+00
   0.2356-309
   0.0000E+00
   0.2356-309
   0.0000E+00
   0.2356-309
   0.0000E+00
   0.2356-309
   0.0000E+00
   0.2356-309
   0.0000E+00
   0.2356-309
   0.0000E+00
   0.2356-309
   0.0000E+00
   0.2356-309
   0.0000E+00
   0.2356-309
   0.0000E+00
   0.2356-309
   0.0000E+00
   0.2356-309
   0.0000E+00
   0.2356-309
   0.0000E+00
   0.2356-309
   0.0000E+00
   0.2356-309
   0.0000E+00
   0.2356-309
   0.0000E+00
   0.2356-309
   0.0000E+00
   0.0000E+00
   0.2356-309
   0.2356-309
   0.2356-309
   0.2356-309
   0.2356-309
   0.2356-309
   0.2356-309
   0.2356-309
   0.2356-309
   0.2356-309
   0.1981-320
   0.1155-315
   0.2356-309
          NaN
          NaN
          NaN
          NaN
          NaN
          NaN
          NaN
          NaN
          NaN
          NaN
          NaN
          NaN
          NaN
          NaN
          NaN
          NaN
          NaN
          NaN
          NaN
          NaN
          NaN
          NaN
          NaN
          NaN
          NaN
          NaN
          NaN
          NaN
          NaN
          NaN
   0.0000E+00
   0.6373-321
   0.1148-315
   0.2356-309
   0.0000E+00
   0.0000E+00
   0.0000E+00
   0.0000E+00
   0.0000E+00
   0.0000E+00
   0.1265-320
   0.2372-321
   0.1157-315
   0.9422-317
   0.0000E+00
   0.1798-254
   0.1976-320
   0.1028-320
   0.1148-315
   0.1148-315
   0.1148-315
   0.1148-315
   0.1149-315
   0.1149-315
   0.1149-315
   0.1149-315
   0.1149-315
   0.1149-315
   0.1149-315
   0.1149-315
   0.1149-315
   0.1150-315
   0.1150-315
   0.1150-315
   0.1150-315
   0.1150-315
   0.1150-315
   0.1150-315
   0.1150-315
   0.1150-315
   0.1150-315
   0.1151-315
   0.0000E+00
   0.2421-321
   0.0000E+00
   0.2356-309
   0.2122-313
   0.2122-313
   0.2372-321
   0.2421-321
   0.2122-313
   0.0000E+00
   0.2122-313
   0.1137-315
   0.1137-315
   0.1270-320
   0.8692-309
   0.0000E+00
   0.0000E+00
   0.0000E+00
   0.0000E+00
   0.0000E+00
   0.1157-315
   0.8488-313
   0.2122-313
   0.1157-315
   0.1156-315
   0.1155-315
   0.1482-322
   0.1157-315
   0.1156-315
   0.0000E+00
   0.0000E+00
   0.0000E+00
   0.0000E+00
   0.0000E+00
   0.0000E+00
   0.0000E+00
   0.0000E+00
   0.0000E+00
   0.0000E+00
   0.0000E+00
   0.0000E+00
   0.0000E+00
   0.0000E+00
   0.0000E+00
   0.2122-313
   0.2421-321
   0.3132-293
   0.1979-276
   0.4941-323
   0.0000E+00
   0.0000E+00
   0.1033-320
   0.1148-315
   0.1148-315
   0.1148-315
   0.1149-315
   0.1149-315
   0.1149-315
   0.1149-315
   0.1149-315
   0.1149-315
   0.1149-315
   0.1149-315
   0.1149-315
   0.1149-315
   0.1150-315
   0.1150-315
   0.1150-315
   0.1150-315
   0.1150-315
   0.1150-315
   0.1150-315
   0.1150-315
   0.1150-315
   0.1151-315
   0.1151-315
   0.0000E+00
   0.2535-320
   0.1976-322
   0.2356-309
   0.2356-309
   0.2356-309
   0.2356-309
   0.2356-309
   0.2356-309
   0.2356-309
   0.2356-309
   0.2356-309
   0.2356-309
   0.2356-309
   0.2356-309
   0.2356-309
   0.2356-309
   0.2356-309
   0.2356-309
   0.0000E+00
   0.2356-309
   0.0000E+00
   0.2356-309
   0.0000E+00
   0.2356-309
   0.0000E+00
   0.2356-309
   0.0000E+00
   0.2356-309
   0.0000E+00
   0.2356-309
   0.0000E+00
   0.2356-309
   0.0000E+00
   0.2356-309
   0.0000E+00
   0.2356-309
   0.0000E+00
   0.2356-309
   0.0000E+00
   0.2356-309
   0.0000E+00
   0.2356-309
   0.0000E+00
   0.2356-309
   0.0000E+00
   0.2356-309
   0.0000E+00
   0.2356-309
   0.0000E+00
   0.2356-309
   0.0000E+00
   0.2356-309
   0.0000E+00
   0.0000E+00
   0.2356-309
   0.2356-309
   0.2356-309
   0.2356-309
   0.2356-309
   0.2356-309
   0.2356-309
   0.2356-309
   0.2356-309
   0.2356-309
   0.2535-320
   0.1976-322
   0.2356-309
   0.2356-309
   0.2356-309
   0.2356-309
   0.2356-309
   0.2356-309
   0.2356-309
   0.2356-309
   0.2356-309
   0.2356-309
   0.2356-309
   0.2356-309
   0.2356-309
   0.2356-309
   0.2356-309
   0.2356-309
   0.0000E+00
   0.2356-309
   0.0000E+00
   0.2356-309
   0.0000E+00
   0.2356-309
   0.0000E+00
   0.2356-309
   0.0000E+00
   0.2356-309
   0.0000E+00
   0.2356-309
   0.0000E+00
   0.2356-309
   0.0000E+00
   0.2356-309
   0.0000E+00
   0.2356-309
   0.0000E+00
   0.2356-309
   0.0000E+00
   0.2356-309
   0.0000E+00
   0.2356-309
   0.0000E+00
   0.2356-309
   0.0000E+00
   0.2356-309
   0.0000E+00
   0.2356-309
   0.0000E+00
   0.2356-309
   0.0000E+00
   0.2356-309
   0.0000E+00
   0.0000E+00
   0.2356-309
   0.2356-309
   0.2356-309
   0.2356-309
   0.2356-309
   0.2356-309
   0.2356-309
   0.2356-309
   0.2356-309
   0.2356-309
   0.2535-320
   0.1976-322
   0.2356-309
   0.2356-309
   0.2356-309
   0.2356-309
   0.2356-309
   0.2356-309
   0.2356-309
   0.2356-309
   0.2356-309
   0.2356-309
   0.2356-309
   0.2356-309
   0.2356-309
   0.2356-309
   0.2356-309
   0.2356-309
   0.0000E+00
   0.2356-309
   0.0000E+00
   0.2356-309
   0.0000E+00
   0.2356-309
   0.0000E+00
   0.2356-309
   0.0000E+00
   0.2356-309
   0.0000E+00
   0.2356-309
   0.0000E+00
   0.2356-309
   0.0000E+00
   0.2356-309
   0.0000E+00
   0.2356-309
   0.0000E+00
   0.2356-309
   0.0000E+00
   0.2356-309
   0.0000E+00
   0.2356-309
   0.0000E+00
   0.2356-309
   0.0000E+00
   0.2356-309
   0.0000E+00
   0.2356-309
   0.0000E+00
   0.2356-309
   0.0000E+00
   0.2356-309
   0.0000E+00
   0.0000E+00
   0.2356-309
   0.2356-309
   0.2356-309
   0.2356-309
   0.2356-309
   0.2356-309
   0.2356-309
   0.2356-309
   0.2356-309
   0.2356-309
   0.2421-321
   0.2122-313
   0.0000E+00
   0.2122-313
   0.1137-315
   0.1157-315
   0.1630-321
   0.1151-315
   0.1157-315
   0.1581-321
   0.1265-320
   0.1121-307
   0.0000E+00
   0.0000E+00
   0.0000E+00
   0.0000E+00
   0.0000E+00
   0.1157-315
   0.1273-312
   0.2122-313
   0.1157-315
   0.1157-315
   0.1155-315
   0.0000E+00
   0.1157-315
   0.0000E+00
   0.4941-323
   0.1151-315
   0.1159-315
   0.1159-315
   0.0000E+00
   0.0000E+00
   0.0000E+00
   0.0000E+00
   0.0000E+00
   0.0000E+00
   0.0000E+00
   0.0000E+00
   0.0000E+00
   0.0000E+00
   0.0000E+00
   0.2122-313
   0.2421-321
   0.4778-298
   0.1979-276
   0.4941-323
   0.0000E+00
   0.0000E+00
   0.1270-320
   0.1121-307
   0.0000E+00
   0.0000E+00
   0.0000E+00
   0.0000E+00
   0.0000E+00
   0.1157-315
   0.1485-312
   0.2122-313
   0.0000E+00
   0.1157-315
   0.1155-315
   0.4941-323
   0.0000E+00
   0.1157-315
   0.4941-323
   0.1151-315
   0.1159-315
   0.1159-315
   0.0000E+00
   0.0000E+00
   0.0000E+00
   0.0000E+00
   0.0000E+00
   0.0000E+00
   0.0000E+00
   0.0000E+00
   0.0000E+00
   0.0000E+00
   0.0000E+00
   0.2122-313
   0.2421-321
   0.4778-298
   0.1979-276
   0.4941-323
   0.0000E+00
   0.0000E+00
   0.4056-319
   0.3518+175
   0.1203-152
   0.6963E-76
   0.1264E-75
   0.6013-153
   0.6013-153
   0.6013-153
   0.6013-153
   0.6013-153
   0.6013-153
   0.6013-153
   0.6013-153
   0.6013-153
   0.6013-153
   0.6013-153
   0.6013-153
   0.6817-312
   0.0000E+00
   0.0000E+00
   0.0000E+00
   0.0000E+00
   0.0000E+00
   0.0000E+00
   0.0000E+00
   0.0000E+00
   0.0000E+00
   0.0000E+00
   0.0000E+00
   0.0000E+00
   0.0000E+00
   0.1265-320
   0.2372-321
   0.1155-315
   0.1979-276
   0.9881-323
   0.0000E+00
   0.0000E+00
   0.1079-318
   0.1155-315
   0.2356-309
   0.0000E+00
   0.0000E+00
   0.0000E+00
   0.0000E+00
   0.1157-315
   0.0000E+00
   0.2122-313
   0.0000E+00
   0.0000E+00
   0.0000E+00
   0.0000E+00
   0.1157-315
   0.1157-315
   0.0000E+00
   0.0000E+00
   0.0000E+00
   0.0000E+00
   0.0000E+00
   0.0000E+00
   0.0000E+00
   0.0000E+00
   0.0000E+00
   0.0000E+00
   0.0000E+00
   0.0000E+00
   0.0000E+00
   0.0000E+00
   0.0000E+00
   0.1265-320
   0.2372-321
   0.1157-315
   0.1979-276
   0.9881-323
   0.0000E+00
   0.0000E+00
   0.1064-318
   0.1155-315
   0.2356-309
   0.0000E+00
   0.0000E+00
   0.0000E+00
   0.0000E+00
   0.1157-315
   0.0000E+00
   0.2122-313
   0.0000E+00
   0.0000E+00
   0.0000E+00
   0.0000E+00
   0.1157-315
   0.1157-315
   0.0000E+00
   0.0000E+00
   0.0000E+00
   0.0000E+00
   0.0000E+00
   0.0000E+00
   0.0000E+00
   0.0000E+00
   0.0000E+00
   0.0000E+00
   0.0000E+00
   0.0000E+00
   0.0000E+00
   0.0000E+00
   0.0000E+00
   0.1265-320
   0.2372-321
   0.1157-315
   0.1979-276
   0.9881-323
   0.0000E+00
   0.0000E+00
   0.1049-318
   0.1155-315
   0.2356-309
   0.0000E+00
   0.0000E+00
   0.0000E+00
   0.0000E+00
   0.1157-315
   0.0000E+00
   0.2122-313
   0.0000E+00
   0.0000E+00
   0.0000E+00
   0.0000E+00
   0.1157-315
   0.1157-315
   0.0000E+00
   0.0000E+00
   0.0000E+00
   0.0000E+00
   0.0000E+00
   0.0000E+00
   0.0000E+00
   0.0000E+00
   0.0000E+00
   0.0000E+00
   0.0000E+00
   0.0000E+00
   0.0000E+00
   0.0000E+00
   0.0000E+00
   0.1265-320
   0.2372-321
   0.1157-315
   0.1979-276
   0.9881-323
   0.0000E+00
   0.0000E+00
   0.1034-318
   0.1155-315
   0.2356-309
   0.0000E+00
   0.0000E+00
   0.0000E+00
   0.0000E+00
   0.1157-315
   0.0000E+00
   0.2122-313
   0.0000E+00
   0.0000E+00
   0.0000E+00
   0.0000E+00
   0.1157-315
   0.1157-315
   0.0000E+00
   0.0000E+00
   0.0000E+00
   0.0000E+00
   0.0000E+00
   0.0000E+00
   0.0000E+00
   0.0000E+00
   0.0000E+00
   0.0000E+00
   0.0000E+00
   0.0000E+00
   0.0000E+00
   0.0000E+00
   0.0000E+00
   0.1265-320
   0.2372-321
   0.1157-315
   0.1979-276
   0.9881-323
   0.0000E+00
   0.0000E+00
   0.1019-318
   0.1155-315
   0.2356-309
   0.0000E+00
   0.0000E+00
   0.0000E+00
   0.0000E+00
   0.1157-315
   0.0000E+00
   0.2122-313
   0.0000E+00
   0.0000E+00
   0.0000E+00
   0.0000E+00
   0.1157-315
   0.1157-315
   0.0000E+00
   0.0000E+00
   0.0000E+00
   0.0000E+00
   0.0000E+00
   0.0000E+00
   0.0000E+00
   0.0000E+00
   0.0000E+00
   0.0000E+00
   0.0000E+00
   0.0000E+00
   0.0000E+00
   0.0000E+00
   0.0000E+00
   0.1265-320
   0.2372-321
   0.1157-315
   0.1979-276
   0.9881-323
   0.0000E+00
   0.0000E+00
   0.1004-318
   0.1155-315
   0.2356-309
   0.0000E+00
   0.0000E+00
   0.0000E+00
   0.0000E+00
   0.1157-315
   0.0000E+00
   0.2122-313
   0.0000E+00
   0.0000E+00
   0.0000E+00
   0.0000E+00
   0.1157-315
   0.1157-315
   0.0000E+00
   0.0000E+00
   0.0000E+00
   0.0000E+00
   0.0000E+00
   0.0000E+00
   0.0000E+00
   0.0000E+00
   0.0000E+00
   0.0000E+00
   0.0000E+00
   0.0000E+00
   0.0000E+00
   0.0000E+00
   0.0000E+00
   0.1265-320
   0.2372-321
   0.1157-315
   0.1979-276
   0.9881-323
   0.0000E+00
   0.0000E+00
   0.9890-319
   0.1155-315
   0.2356-309
   0.0000E+00
   0.0000E+00
   0.0000E+00
   0.0000E+00
   0.1157-315
   0.0000E+00
   0.2122-313
   0.0000E+00
   0.0000E+00
   0.0000E+00
   0.0000E+00
   0.1157-315
   0.1157-315
   0.0000E+00
   0.0000E+00
   0.0000E+00
   0.0000E+00
   0.0000E+00
   0.0000E+00
   0.0000E+00
   0.0000E+00
   0.0000E+00
   0.0000E+00
   0.0000E+00
   0.0000E+00
   0.0000E+00
   0.0000E+00
   0.0000E+00
   0.1265-320
   0.2372-321
   0.1157-315
   0.1979-276
   0.9881-323
   0.0000E+00
   0.0000E+00
   0.9740-319
   0.1155-315
   0.2356-309
   0.0000E+00
   0.0000E+00
   0.0000E+00
   0.0000E+00
   0.1157-315
   0.0000E+00
   0.2122-313
   0.0000E+00
   0.0000E+00
   0.0000E+00
   0.0000E+00
   0.1157-315
   0.1157-315
   0.0000E+00
   0.0000E+00
   0.0000E+00
   0.0000E+00
   0.0000E+00
   0.0000E+00
   0.0000E+00
   0.0000E+00
   0.0000E+00
   0.0000E+00
   0.0000E+00
   0.0000E+00
   0.0000E+00
   0.0000E+00
   0.0000E+00
   0.1265-320
   0.2372-321
   0.1157-315
   0.1979-276
   0.9881-323
   0.0000E+00
   0.0000E+00
   0.9589-319
   0.1155-315
   0.2356-309
   0.0000E+00
   0.0000E+00
   0.0000E+00
   0.0000E+00
   0.1157-315
   0.0000E+00
   0.2122-313
   0.0000E+00
   0.0000E+00
   0.0000E+00
   0.0000E+00
   0.1157-315
   0.1157-315
   0.0000E+00
   0.0000E+00
   0.0000E+00
   0.0000E+00
   0.0000E+00
   0.0000E+00
   0.0000E+00
   0.0000E+00
   0.0000E+00
   0.0000E+00
   0.0000E+00
   0.0000E+00
   0.0000E+00
   0.0000E+00
   0.0000E+00
   0.1265-320
   0.2372-321
   0.1157-315
   0.1979-276
   0.9881-323
   0.0000E+00
   0.0000E+00
   0.9439-319
   0.1155-315
   0.2356-309
   0.0000E+00
   0.0000E+00
   0.0000E+00
   0.0000E+00
   0.1157-315
   0.0000E+00
   0.2122-313
   0.0000E+00
   0.0000E+00
   0.0000E+00
   0.0000E+00
   0.1157-315
   0.1157-315
   0.0000E+00
   0.0000E+00
   0.0000E+00
   0.0000E+00
   0.0000E+00
   0.0000E+00
   0.0000E+00
   0.0000E+00
   0.0000E+00
   0.0000E+00
   0.0000E+00
   0.0000E+00
   0.0000E+00
   0.0000E+00
   0.0000E+00
   0.1265-320
   0.2372-321
   0.1157-315
   0.1979-276
   0.9881-323
   0.0000E+00
   0.0000E+00
   0.9289-319
   0.1155-315
   0.2356-309
   0.0000E+00
   0.0000E+00
   0.0000E+00
   0.0000E+00
   0.1157-315
   0.0000E+00
   0.2122-313
   0.0000E+00
   0.0000E+00
   0.0000E+00
   0.0000E+00
   0.1157-315
   0.1157-315
   0.0000E+00
   0.0000E+00
   0.0000E+00
   0.0000E+00
   0.0000E+00
   0.0000E+00
   0.0000E+00
   0.0000E+00
   0.0000E+00
   0.0000E+00
   0.0000E+00
   0.0000E+00
   0.0000E+00
   0.0000E+00
   0.0000E+00
   0.1265-320
   0.2372-321
   0.1157-315
   0.1979-276
   0.9881-323
   0.0000E+00
   0.0000E+00
   0.9139-319
   0.1155-315
   0.2356-309
   0.0000E+00
   0.0000E+00
   0.0000E+00
   0.0000E+00
   0.1157-315
   0.0000E+00
   0.2122-313
   0.0000E+00
   0.0000E+00
   0.0000E+00
   0.0000E+00
   0.1157-315
   0.1157-315
   0.0000E+00
   0.0000E+00
   0.0000E+00
   0.0000E+00
   0.0000E+00
   0.0000E+00
   0.0000E+00
   0.0000E+00
   0.0000E+00
   0.0000E+00
   0.0000E+00
   0.0000E+00
   0.0000E+00
   0.0000E+00
   0.0000E+00
   0.1265-320
   0.2372-321
   0.1157-315
   0.1979-276
   0.9881-323
   0.0000E+00
   0.0000E+00
   0.8989-319
   0.1155-315
   0.2356-309
   0.0000E+00
   0.0000E+00
   0.0000E+00
   0.0000E+00
   0.1157-315
   0.0000E+00
   0.2122-313
   0.0000E+00
   0.0000E+00
   0.0000E+00
   0.0000E+00
   0.1157-315
   0.1157-315
   0.0000E+00
   0.0000E+00
   0.0000E+00
   0.0000E+00
   0.0000E+00
   0.0000E+00
   0.0000E+00
   0.0000E+00
   0.0000E+00
   0.0000E+00
   0.0000E+00
   0.0000E+00
   0.0000E+00
   0.0000E+00
   0.0000E+00
   0.1265-320
   0.2372-321
   0.1157-315
   0.1979-276
   0.9881-323
   0.0000E+00
   0.0000E+00
   0.8838-319
   0.1155-315
   0.2356-309
   0.0000E+00
   0.0000E+00
   0.0000E+00
   0.0000E+00
   0.1157-315
   0.0000E+00
   0.2122-313
   0.0000E+00
   0.0000E+00
   0.0000E+00
   0.0000E+00
   0.1157-315
   0.1157-315
   0.0000E+00
   0.0000E+00
   0.0000E+00
   0.0000E+00
   0.0000E+00
   0.0000E+00
   0.0000E+00
   0.0000E+00
   0.0000E+00
   0.0000E+00
   0.0000E+00
   0.0000E+00
   0.0000E+00
   0.0000E+00
   0.0000E+00
   0.1265-320
   0.2372-321
   0.1157-315
   0.1979-276
   0.9881-323
   0.0000E+00
   0.0000E+00
   0.8688-319
   0.1155-315
   0.2356-309
   0.0000E+00
   0.0000E+00
   0.0000E+00
   0.0000E+00
   0.1157-315
   0.0000E+00
   0.2122-313
   0.0000E+00
   0.0000E+00
   0.0000E+00
   0.0000E+00
   0.1157-315
   0.1157-315
   0.0000E+00
   0.0000E+00
   0.0000E+00
   0.0000E+00
   0.0000E+00
   0.0000E+00
   0.0000E+00
   0.0000E+00
   0.0000E+00
   0.0000E+00
   0.0000E+00
   0.0000E+00
   0.0000E+00
   0.0000E+00
   0.0000E+00
   0.1265-320
   0.2372-321
   0.1157-315
   0.1979-276
   0.9881-323
   0.0000E+00
   0.0000E+00
   0.8538-319
   0.1155-315
   0.2356-309
   0.0000E+00
   0.0000E+00
   0.0000E+00
   0.0000E+00
   0.1157-315
   0.0000E+00
   0.2122-313
   0.0000E+00
   0.0000E+00
   0.0000E+00
   0.0000E+00
   0.1157-315
   0.1157-315
   0.0000E+00
   0.0000E+00
   0.0000E+00
   0.0000E+00
   0.0000E+00
   0.0000E+00
   0.0000E+00
   0.0000E+00
   0.0000E+00
   0.0000E+00
   0.0000E+00
   0.0000E+00
   0.0000E+00
   0.0000E+00
   0.0000E+00
   0.1265-320
   0.2372-321
   0.1157-315
   0.1979-276
   0.9881-323
   0.0000E+00
   0.0000E+00
   0.8388-319
   0.1155-315
   0.2356-309
   0.0000E+00
   0.0000E+00
   0.0000E+00
   0.0000E+00
   0.1157-315
   0.0000E+00
   0.2122-313
   0.0000E+00
   0.0000E+00
   0.0000E+00
   0.0000E+00
   0.1157-315
   0.1157-315
   0.0000E+00
   0.0000E+00
   0.0000E+00
   0.0000E+00
   0.0000E+00
   0.0000E+00
   0.0000E+00
   0.0000E+00
   0.0000E+00
   0.0000E+00
   0.0000E+00
   0.0000E+00
   0.0000E+00
   0.0000E+00
   0.0000E+00
   0.1265-320
   0.2372-321
   0.1157-315
   0.1979-276
   0.9881-323
   0.0000E+00
   0.0000E+00
   0.8238-319
   0.1155-315
   0.2356-309
   0.0000E+00
   0.0000E+00
   0.0000E+00
   0.0000E+00
   0.1157-315
   0.0000E+00
   0.2122-313
   0.0000E+00
   0.0000E+00
   0.0000E+00
   0.0000E+00
   0.1157-315
   0.1157-315
   0.0000E+00
   0.0000E+00
   0.0000E+00
   0.0000E+00
   0.0000E+00
   0.0000E+00
   0.0000E+00
   0.0000E+00
   0.0000E+00
   0.0000E+00
   0.0000E+00
   0.0000E+00
   0.0000E+00
   0.0000E+00
   0.0000E+00
   0.1265-320
   0.2372-321
   0.1157-315
   0.1979-276
   0.9881-323
   0.0000E+00
   0.0000E+00
   0.8087-319
   0.1155-315
   0.2356-309
   0.0000E+00
   0.0000E+00
   0.0000E+00
   0.0000E+00
   0.1157-315
   0.0000E+00
   0.2122-313
   0.0000E+00
   0.0000E+00
   0.0000E+00
   0.0000E+00
   0.1157-315
   0.1157-315
   0.0000E+00
   0.0000E+00
   0.0000E+00
   0.0000E+00
   0.0000E+00
   0.0000E+00
   0.0000E+00
   0.0000E+00
   0.0000E+00
   0.0000E+00
   0.0000E+00
   0.0000E+00
   0.0000E+00
   0.0000E+00
   0.0000E+00
   0.1265-320
   0.2372-321
   0.1157-315
   0.1979-276
   0.9881-323
   0.0000E+00
   0.0000E+00
   0.7937-319
   0.1155-315
   0.2356-309
   0.0000E+00
   0.0000E+00
   0.0000E+00
   0.0000E+00
   0.1157-315
   0.0000E+00
   0.2122-313
   0.0000E+00
   0.0000E+00
   0.0000E+00
   0.0000E+00
   0.1157-315
   0.1157-315
   0.0000E+00
   0.0000E+00
   0.0000E+00
   0.0000E+00
   0.0000E+00
   0.0000E+00
   0.0000E+00
   0.0000E+00
   0.0000E+00
   0.0000E+00
   0.0000E+00
   0.0000E+00
   0.0000E+00
   0.0000E+00
   0.0000E+00
   0.1265-320
   0.2372-321
   0.1157-315
   0.1979-276
   0.9881-323
   0.0000E+00
   0.0000E+00
   0.7787-319
   0.1155-315
   0.2356-309
   0.0000E+00
   0.0000E+00
   0.0000E+00
   0.0000E+00
   0.1157-315
   0.0000E+00
   0.2122-313
   0.0000E+00
   0.0000E+00
   0.0000E+00
   0.0000E+00
   0.1157-315
   0.1157-315
   0.0000E+00
   0.0000E+00
   0.0000E+00
   0.0000E+00
   0.0000E+00
   0.0000E+00
   0.0000E+00
   0.0000E+00
   0.0000E+00
   0.0000E+00
   0.0000E+00
   0.0000E+00
   0.0000E+00
   0.0000E+00
   0.0000E+00
   0.1265-320
   0.2372-321
   0.1157-315
   0.3976-314
   0.9881-323
   0.0000E+00
   0.0000E+00
   0.7637-319
   0.1155-315
   0.2356-309
   0.0000E+00
   0.0000E+00
   0.0000E+00
   0.0000E+00
   0.1157-315
   0.0000E+00
   0.2122-313
   0.0000E+00
   0.0000E+00
   0.0000E+00
   0.0000E+00
   0.1157-315
   0.1157-315
   0.0000E+00
   0.0000E+00
   0.0000E+00
   0.0000E+00
   0.0000E+00
   0.0000E+00
   0.0000E+00
   0.0000E+00
   0.0000E+00
   0.0000E+00
   0.0000E+00
   0.0000E+00
   0.0000E+00
   0.0000E+00
   0.0000E+00
   0.1265-320
   0.2372-321
   0.1157-315
   0.3977-314
   0.9881-323
   0.0000E+00
   0.0000E+00
   0.7487-319
   0.1155-315
   0.2356-309
   0.0000E+00
   0.0000E+00
   0.0000E+00
   0.0000E+00
   0.1157-315
   0.0000E+00
   0.2122-313
   0.0000E+00
   0.0000E+00
   0.0000E+00
   0.0000E+00
   0.1157-315
   0.1157-315
   0.0000E+00
   0.0000E+00
   0.0000E+00
   0.0000E+00
   0.0000E+00
   0.0000E+00
   0.0000E+00
   0.0000E+00
   0.0000E+00
   0.0000E+00
   0.0000E+00
   0.0000E+00
   0.0000E+00
   0.0000E+00
   0.0000E+00
   0.1265-320
   0.2372-321
   0.1157-315
   0.3977-314
   0.9881-323
   0.0000E+00
   0.0000E+00
   0.7336-319
   0.1155-315
   0.2356-309
   0.0000E+00
   0.0000E+00
   0.0000E+00
   0.0000E+00
   0.1157-315
   0.0000E+00
   0.2122-313
   0.0000E+00
   0.0000E+00
   0.0000E+00
   0.0000E+00
   0.1157-315
   0.1157-315
   0.0000E+00
   0.0000E+00
   0.0000E+00
   0.0000E+00
   0.0000E+00
   0.0000E+00
   0.0000E+00
   0.0000E+00
   0.0000E+00
   0.0000E+00
   0.0000E+00
   0.0000E+00
   0.0000E+00
   0.0000E+00
   0.0000E+00
   0.1265-320
   0.2372-321
   0.1157-315
   0.3977-314
   0.9881-323
   0.0000E+00
   0.0000E+00
   0.7186-319
   0.1155-315
   0.2356-309
   0.0000E+00
   0.0000E+00
   0.0000E+00
   0.0000E+00
   0.1157-315
   0.0000E+00
   0.2122-313
   0.0000E+00
   0.0000E+00
   0.0000E+00
   0.0000E+00
   0.1157-315
   0.1157-315
   0.0000E+00
   0.0000E+00
   0.0000E+00
   0.0000E+00
   0.0000E+00
   0.0000E+00
   0.0000E+00
   0.0000E+00
   0.0000E+00
   0.0000E+00
   0.0000E+00
   0.0000E+00
   0.0000E+00
   0.0000E+00
   0.0000E+00
   0.1265-320
   0.2372-321
   0.1157-315
   0.1979-276
   0.9881-323
   0.0000E+00
   0.0000E+00
   0.7036-319
   0.1155-315
   0.2356-309
   0.0000E+00
   0.0000E+00
   0.0000E+00
   0.0000E+00
   0.1157-315
   0.0000E+00
   0.2122-313
   0.0000E+00
   0.0000E+00
   0.0000E+00
   0.0000E+00
   0.1157-315
   0.1157-315
   0.0000E+00
   0.0000E+00
   0.0000E+00
   0.0000E+00
   0.0000E+00
   0.0000E+00
   0.0000E+00
   0.0000E+00
   0.0000E+00
   0.0000E+00
   0.0000E+00
   0.0000E+00
   0.0000E+00
   0.0000E+00
   0.0000E+00
   0.1265-320
   0.2372-321
   0.1157-315
   0.1979-276
   0.9881-323
   0.0000E+00
   0.0000E+00
   0.3957-320
   0.0000E+00
   0.0000E+00
   0.0000E+00
   0.0000E+00
   0.0000E+00
   0.0000E+00
   0.0000E+00
   0.0000E+00
   0.0000E+00
   0.0000E+00
   0.0000E+00
   0.0000E+00
   0.0000E+00
   0.0000E+00
   0.0000E+00
   0.0000E+00
   0.0000E+00
   0.0000E+00
   0.0000E+00
   0.0000E+00
   0.0000E+00
   0.0000E+00
   0.0000E+00
   0.4941-323
   0.0000E+00
   0.0000E+00
   0.0000E+00
   0.0000E+00
   0.1157-315
   0.1157-315
   0.0000E+00
   0.1157-315
   0.1157-315
   0.1157-315
   0.0000E+00
   0.0000E+00
   0.1151-315
   0.1151-315
   0.1153-315
   0.6953-309
   0.0000E+00
   0.0000E+00
   0.0000E+00
   0.0000E+00
   0.0000E+00
   0.1153-315
   0.0000E+00
   0.0000E+00
   0.0000E+00
   0.0000E+00
   0.0000E+00
   0.0000E+00
   0.0000E+00
   0.2097-319
   0.0000E+00
   0.0000E+00
   0.2922-318
   0.2938-318
   0.2938-318
   0.0000E+00
   0.0000E+00
   0.0000E+00
   0.0000E+00
   0.0000E+00
   0.6917-322
   0.0000E+00
   0.4047-319
   0.0000E+00
   0.0000E+00
   0.6620-321
   0.6522-321
   0.1927-321
   0.0000E+00
   0.0000E+00
   0.0000E+00
   0.0000E+00
   0.0000E+00
   0.0000E+00
   0.0000E+00
   0.0000E+00
   0.0000E+00
   0.0000E+00
   0.4941-323
   0.0000E+00
   0.0000E+00
   0.1482-322
   0.6476-318
   0.0000E+00
   0.0000E+00
   0.0000E+00
   0.0000E+00
   0.0000E+00
   0.1003-302
   0.6953-308
   0.0000E+00
   0.1744-265
   0.5305-314
   0.0000E+00
   0.0000E+00
   0.4056-319
   0.6013-153
   0.6013-153
   0.6013-153
   0.6013-153
   0.6013-153
   0.6013-153
   0.6013-153
   0.6013-153
   0.6013-153
   0.6013-153
   0.6013-153
   0.6013-153
   0.6013-153
   0.6013-153
   0.6013-153
   0.6013-153
   0.6817-312
   0.0000E+00
   0.0000E+00
   0.0000E+00
   0.1157-315
   0.0000E+00
   0.2122-313
   0.0000E+00
   0.0000E+00
   0.0000E+00
   0.0000E+00
   0.1157-315
   0.1157-315
   0.0000E+00
   0.0000E+00
   0.0000E+00
   0.0000E+00
   0.0000E+00
   0.0000E+00
   0.0000E+00
   0.0000E+00
   0.0000E+00
   0.0000E+00
   0.0000E+00
   0.0000E+00
   0.0000E+00
   0.0000E+00
   0.0000E+00
   0.1265-320
   0.2372-321
   0.1157-315
   0.1979-276
   0.9881-323
   0.0000E+00
   0.0000E+00
   0.6285-319
   0.1155-315
   0.2356-309
   0.0000E+00
   0.0000E+00
   0.0000E+00
   0.0000E+00
   0.1157-315
   0.0000E+00
   0.2122-313
   0.0000E+00
   0.0000E+00
   0.0000E+00
   0.0000E+00
   0.1157-315
