   0.4603E-01
   0.4386E-01
   0.4179E-01
   0.3982E-01
   0.3794E-01
   0.3615E-01
   0.3445E-01
   0.3282E-01
   0.3127E-01
   0.2980E-01
   0.2839E-01
   0.2705E-01
   0.2578E-01
   0.2456E-01
   0.2340E-01
   0.2230E-01
   0.2125E-01
   0.2024E-01
   0.1929E-01
   0.1838E-01
   0.1751E-01
   0.1669E-01
   0.1590E-01
   0.1515E-01
   0.1443E-01
   0.1375E-01
   0.1310E-01
   0.1249E-01
   0.1190E-01
   0.1134E-01
   0.1080E-01
   0.1029E-01
   0.9196E-01
   0.8762E-01
   0.8349E-01
   0.7955E-01
   0.7580E-01
   0.7222E-01
   0.6882E-01
   0.6557E-01
   0.6248E-01
   0.5953E-01
   0.5672E-01
   0.5404E-01
   0.5149E-01
   0.4907E-01
   0.4675E-01
   0.4455E-01
   0.4244E-01
   0.4044E-01
   0.3853E-01
   0.3672E-01
   0.3498E-01
   0.3333E-01
   0.3176E-01
   0.3026E-01
   0.2883E-01
   0.2747E-01
   0.2618E-01
   0.2494E-01
   0.2377E-01
   0.2265E-01
   0.2158E-01
   0.2056E-01
   0.1377E+00
   0.1312E+00
   0.1250E+00
   0.1191E+00
   0.1135E+00
   0.1081E+00
   0.1030E+00
   0.9816E-01
   0.9353E-01
   0.8912E-01
   0.8491E-01
   0.8091E-01
   0.7709E-01
   0.7345E-01
   0.6999E-01
   0.6669E-01
   0.6354E-01
   0.6054E-01
   0.5769E-01
   0.5497E-01
   0.5237E-01
   0.4990E-01
   0.4755E-01
   0.4531E-01
   0.4317E-01
   0.4113E-01
   0.3919E-01
   0.3734E-01
   0.3558E-01
   0.3390E-01
   0.3230E-01
   0.3078E-01
   0.1831E+00
   0.1744E+00
   0.1662E+00
   0.1584E+00
   0.1509E+00
   0.1438E+00
   0.1370E+00
   0.1305E+00
   0.1244E+00
   0.1185E+00
   0.1129E+00
   0.1076E+00
   0.1025E+00
   0.9767E-01
   0.9306E-01
   0.8867E-01
   0.8449E-01
   0.8051E-01
   0.7671E-01
   0.7309E-01
   0.6964E-01
   0.6636E-01
   0.6322E-01
   0.6024E-01
   0.5740E-01
   0.5469E-01
   0.5211E-01
   0.4965E-01
   0.4731E-01
   0.4508E-01
   0.4295E-01
   0.4093E-01
   0.2280E+00
   0.2173E+00
   0.2070E+00
   0.1973E+00
   0.1879E+00
   0.1791E+00
   0.1706E+00
   0.1626E+00
   0.1549E+00
   0.1476E+00
   0.1406E+00
   0.1340E+00
   0.1277E+00
   0.1217E+00
   0.1159E+00
   0.1105E+00
   0.1052E+00
   0.1003E+00
   0.9555E-01
   0.9104E-01
   0.8675E-01
   0.8265E-01
   0.7875E-01
   0.7504E-01
   0.7150E-01
   0.6813E-01
   0.6491E-01
   0.6185E-01
   0.5893E-01
   0.5615E-01
   0.5350E-01
   0.5098E-01
   0.2725E+00
   0.2596E+00
   0.2474E+00
   0.2357E+00
   0.2246E+00
   0.2140E+00
   0.2039E+00
   0.1943E+00
   0.1851E+00
   0.1764E+00
   0.1680E+00
   0.1601E+00
   0.1526E+00
   0.1454E+00
   0.1385E+00
   0.1320E+00
   0.1257E+00
   0.1198E+00
   0.1142E+00
   0.1088E+00
   0.1036E+00
   0.9876E-01
   0.9410E-01
   0.8966E-01
   0.8543E-01
   0.8140E-01
   0.7756E-01
   0.7390E-01
   0.7041E-01
   0.6709E-01
   0.6393E-01
   0.6091E-01
   0.3163E+00
   0.3013E+00
   0.2871E+00
   0.2736E+00
   0.2607E+00
   0.2484E+00
   0.2367E+00
   0.2255E+00
   0.2149E+00
   0.2047E+00
   0.1951E+00
   0.1859E+00
   0.1771E+00
   0.1687E+00
   0.1608E+00
   0.1532E+00
   0.1460E+00
   0.1391E+00
   0.1325E+00
   0.1263E+00
   0.1203E+00
   0.1146E+00
   0.1092E+00
   0.1041E+00
   0.9916E-01
   0.9448E-01
   0.9003E-01
   0.8578E-01
   0.8173E-01
   0.7788E-01
   0.7420E-01
   0.7070E-01
   0.3593E+00
   0.3424E+00
   0.3262E+00
   0.3108E+00
   0.2962E+00
   0.2822E+00
   0.2689E+00
   0.2562E+00
   0.2441E+00
   0.2326E+00
   0.2216E+00
   0.2112E+00
   0.2012E+00
   0.1917E+00
   0.1827E+00
   0.1740E+00
   0.1658E+00
   0.1580E+00
   0.1506E+00
   0.1435E+00
   0.1367E+00
   0.1302E+00
   0.1241E+00
   0.1182E+00
   0.1127E+00
   0.1073E+00
   0.1023E+00
   0.9746E-01
   0.9286E-01
   0.8848E-01
   0.8430E-01
   0.8033E-01
   0.4015E+00
   0.3826E+00
   0.3645E+00
   0.3473E+00
   0.3310E+00
   0.3153E+00
   0.3005E+00
   0.2863E+00
   0.2728E+00
   0.2599E+00
   0.2477E+00
   0.2360E+00
   0.2248E+00
   0.2142E+00
   0.2041E+00
   0.1945E+00
   0.1853E+00
   0.1766E+00
   0.1682E+00
   0.1603E+00
   0.1527E+00
   0.1455E+00
   0.1387E+00
   0.1321E+00
   0.1259E+00
   0.1200E+00
   0.1143E+00
   0.1089E+00
   0.1038E+00
   0.9887E-01
   0.9421E-01
   0.8976E-01
   0.4428E+00
   0.4219E+00
   0.4020E+00
   0.3830E+00
   0.3650E+00
   0.3478E+00
   0.3314E+00
   0.3157E+00
   0.3008E+00
   0.2866E+00
   0.2731E+00
   0.2602E+00
   0.2480E+00
   0.2363E+00
   0.2251E+00
   0.2145E+00
   0.2044E+00
   0.1947E+00
   0.1855E+00
   0.1768E+00
   0.1684E+00
   0.1605E+00
   0.1529E+00
   0.1457E+00
   0.1388E+00
   0.1323E+00
   0.1261E+00
   0.1201E+00
   0.1144E+00
   0.1090E+00
   0.1039E+00
   0.9899E-01
   0.4830E+00
   0.4603E+00
   0.4385E+00
   0.4179E+00
   0.3981E+00
   0.3794E+00
   0.3615E+00
   0.3444E+00
   0.3282E+00
   0.3127E+00
   0.2979E+00
   0.2839E+00
   0.2705E+00
   0.2577E+00
   0.2456E+00
   0.2340E+00
   0.2229E+00
   0.2124E+00
   0.2024E+00
   0.1929E+00
   0.1838E+00
   0.1751E+00
   0.1668E+00
   0.1590E+00
   0.1515E+00
   0.1443E+00
   0.1375E+00
   0.1310E+00
   0.1248E+00
   0.1189E+00
   0.1133E+00
   0.1080E+00
   0.5222E+00
   0.4975E+00
   0.4741E+00
   0.4517E+00
   0.4304E+00
   0.4101E+00
   0.3907E+00
   0.3723E+00
   0.3547E+00
   0.3380E+00
   0.3221E+00
   0.3069E+00
   0.2924E+00
   0.2786E+00
   0.2655E+00
   0.2529E+00
   0.2410E+00
   0.2296E+00
   0.2188E+00
   0.2085E+00
   0.1986E+00
   0.1893E+00
   0.1803E+00
   0.1718E+00
   0.1637E+00
   0.1560E+00
   0.1486E+00
   0.1416E+00
   0.1349E+00
   0.1286E+00
   0.1225E+00
   0.1167E+00
   0.5601E+00
   0.5336E+00
   0.5085E+00
   0.4845E+00
   0.4616E+00
   0.4398E+00
   0.4191E+00
   0.3993E+00
   0.3805E+00
   0.3625E+00
   0.3454E+00
   0.3291E+00
   0.3136E+00
   0.2988E+00
   0.2847E+00
   0.2713E+00
   0.2585E+00
   0.2463E+00
   0.2347E+00
   0.2236E+00
   0.2131E+00
   0.2030E+00
   0.1934E+00
   0.1843E+00
   0.1756E+00
   0.1673E+00
   0.1594E+00
   0.1519E+00
   0.1447E+00
   0.1379E+00
   0.1314E+00
   0.1252E+00
   0.5966E+00
   0.5685E+00
   0.5417E+00
   0.5161E+00
   0.4918E+00
   0.4686E+00
   0.4465E+00
   0.4254E+00
   0.4053E+00
   0.3862E+00
   0.3680E+00
   0.3506E+00
   0.3341E+00
   0.3183E+00
   0.3033E+00
   0.2890E+00
   0.2754E+00
   0.2624E+00
   0.2500E+00
   0.2382E+00
   0.2270E+00
   0.2163E+00
   0.2061E+00
   0.1963E+00
   0.1871E+00
   0.1783E+00
   0.1698E+00
   0.1618E+00
   0.1542E+00
   0.1469E+00
   0.1400E+00
   0.1334E+00
   0.6318E+00
   0.6020E+00
   0.5736E+00
   0.5466E+00
   0.5208E+00
   0.4962E+00
   0.4728E+00
   0.4505E+00
   0.4293E+00
   0.4090E+00
   0.3897E+00
   0.3713E+00
   0.3538E+00
   0.3371E+00
   0.3212E+00
   0.3061E+00
   0.2916E+00
   0.2779E+00
   0.2648E+00
   0.2523E+00
   0.2404E+00
   0.2290E+00
   0.2182E+00
   0.2079E+00
   0.1981E+00
   0.1888E+00
   0.1799E+00
   0.1714E+00
   0.1633E+00
   0.1556E+00
   0.1482E+00
   0.1413E+00
   0.6656E+00
   0.6342E+00
   0.6042E+00
   0.5757E+00
   0.5486E+00
   0.5227E+00
   0.4980E+00
   0.4745E+00
   0.4522E+00
   0.4308E+00
   0.4105E+00
   0.3911E+00
   0.3727E+00
   0.3551E+00
   0.3384E+00
   0.3224E+00
   0.3072E+00
   0.2927E+00
   0.2789E+00
   0.2657E+00
   0.2532E+00
   0.2412E+00
   0.2299E+00
   0.2190E+00
   0.2087E+00
   0.1988E+00
   0.1895E+00
   0.1805E+00
   0.1720E+00
   0.1639E+00
   0.1562E+00
   0.1488E+00
   0.6977E+00
   0.6648E+00
   0.6334E+00
   0.6036E+00
   0.5751E+00
   0.5480E+00
   0.5221E+00
   0.4975E+00
   0.4740E+00
   0.4517E+00
   0.4303E+00
   0.4100E+00
   0.3907E+00
   0.3723E+00
   0.3547E+00
   0.3380E+00
   0.3220E+00
   0.3068E+00
   0.2924E+00
   0.2786E+00
   0.2654E+00
   0.2529E+00
   0.2410E+00
   0.2296E+00
   0.2188E+00
   0.2085E+00
   0.1986E+00
   0.1892E+00
   0.1803E+00
   0.1718E+00
   0.1637E+00
   0.1560E+00
   0.7283E+00
   0.6939E+00
   0.6612E+00
   0.6300E+00
   0.6003E+00
   0.5719E+00
   0.5450E+00
   0.5193E+00
   0.4948E+00
   0.4714E+00
   0.4492E+00
   0.4280E+00
   0.4078E+00
   0.3886E+00
   0.3702E+00
   0.3528E+00
   0.3361E+00
   0.3203E+00
   0.3052E+00
   0.2908E+00
   0.2770E+00
   0.2640E+00
   0.2515E+00
   0.2397E+00
   0.2283E+00
   0.2176E+00
   0.2073E+00
   0.1975E+00
   0.1882E+00
   0.1793E+00
   0.1709E+00
   0.1628E+00
   0.7571E+00
   0.7214E+00
   0.6873E+00
   0.6549E+00
   0.6240E+00
   0.5946E+00
   0.5665E+00
   0.5398E+00
   0.5143E+00
   0.4901E+00
   0.4670E+00
   0.4449E+00
   0.4239E+00
   0.4039E+00
   0.3849E+00
   0.3667E+00
   0.3494E+00
   0.3329E+00
   0.3172E+00
   0.3023E+00
   0.2880E+00
   0.2744E+00
   0.2615E+00
   0.2491E+00
   0.2374E+00
   0.2262E+00
   0.2155E+00
   0.2054E+00
   0.1957E+00
   0.1864E+00
   0.1776E+00
   0.1693E+00
   0.7842E+00
   0.7472E+00
   0.7119E+00
   0.6783E+00
   0.6463E+00
   0.6158E+00
   0.5868E+00
   0.5591E+00
   0.5327E+00
   0.5076E+00
   0.4837E+00
   0.4608E+00
   0.4391E+00
   0.4184E+00
   0.3986E+00
   0.3798E+00
   0.3619E+00
   0.3448E+00
   0.3286E+00
   0.3131E+00
   0.2983E+00
   0.2842E+00
   0.2708E+00
   0.2580E+00
   0.2459E+00
   0.2343E+00
   0.2232E+00
   0.2127E+00
   0.2027E+00
   0.1931E+00
   0.1840E+00
   0.1753E+00
   0.8094E+00
   0.7712E+00
   0.7348E+00
   0.7002E+00
   0.6671E+00
   0.6357E+00
   0.6057E+00
   0.5771E+00
   0.5499E+00
   0.5239E+00
   0.4992E+00
   0.4757E+00
   0.4532E+00
   0.4318E+00
   0.4115E+00
   0.3921E+00
   0.3736E+00
   0.3559E+00
   0.3392E+00
   0.3232E+00
   0.3079E+00
   0.2934E+00
   0.2795E+00
   0.2664E+00
   0.2538E+00
   0.2418E+00
   0.2304E+00
   0.2195E+00
   0.2092E+00
   0.1993E+00
   0.1899E+00
   0.1809E+00
   0.8327E+00
   0.7935E+00
   0.7560E+00
   0.7204E+00
   0.6864E+00
   0.6540E+00
   0.6231E+00
   0.5937E+00
   0.5657E+00
   0.5390E+00
   0.5136E+00
   0.4894E+00
   0.4663E+00
   0.4443E+00
   0.4233E+00
   0.4034E+00
   0.3843E+00
   0.3662E+00
   0.3489E+00
   0.3325E+00
   0.3168E+00
   0.3018E+00
   0.2876E+00
   0.2740E+00
   0.2611E+00
   0.2488E+00
   0.2371E+00
   0.2259E+00
   0.2152E+00
   0.2051E+00
   0.1954E+00
   0.1862E+00
   0.8541E+00
   0.8138E+00
   0.7755E+00
   0.7389E+00
   0.7040E+00
   0.6708E+00
   0.6392E+00
   0.6090E+00
   0.5803E+00
   0.5529E+00
   0.5268E+00
   0.5020E+00
   0.4783E+00
   0.4557E+00
   0.4342E+00
   0.4137E+00
   0.3942E+00
   0.3756E+00
   0.3579E+00
   0.3410E+00
   0.3249E+00
   0.3096E+00
   0.2950E+00
   0.2811E+00
   0.2678E+00
   0.2552E+00
   0.2431E+00
   0.2317E+00
   0.2207E+00
   0.2103E+00
   0.2004E+00
   0.1910E+00
   0.8735E+00
   0.8323E+00
   0.7931E+00
   0.7557E+00
   0.7200E+00
   0.6860E+00
   0.6537E+00
   0.6228E+00
   0.5935E+00
   0.5655E+00
   0.5388E+00
   0.5134E+00
   0.4892E+00
   0.4661E+00
   0.4441E+00
   0.4231E+00
   0.4032E+00
   0.3842E+00
   0.3660E+00
   0.3488E+00
   0.3323E+00
   0.3166E+00
   0.3017E+00
   0.2875E+00
   0.2739E+00
   0.2610E+00
   0.2487E+00
   0.2369E+00
   0.2258E+00
   0.2151E+00
   0.2050E+00
   0.1953E+00
   0.8909E+00
   0.8489E+00
   0.8088E+00
   0.7707E+00
   0.7343E+00
   0.6997E+00
   0.6667E+00
   0.6352E+00
   0.6053E+00
   0.5767E+00
   0.5495E+00
   0.5236E+00
   0.4989E+00
   0.4753E+00
   0.4529E+00
   0.4315E+00
   0.4112E+00
   0.3918E+00
   0.3733E+00
   0.3557E+00
   0.3389E+00
   0.3229E+00
   0.3077E+00
   0.2932E+00
   0.2793E+00
   0.2662E+00
   0.2536E+00
   0.2416E+00
   0.2302E+00
   0.2194E+00
   0.2090E+00
   0.1992E+00
   0.9062E+00
   0.8634E+00
   0.8227E+00
   0.7839E+00
   0.7469E+00
   0.7117E+00
   0.6781E+00
   0.6461E+00
   0.6156E+00
   0.5866E+00
   0.5589E+00
   0.5326E+00
   0.5074E+00
   0.4835E+00
   0.4607E+00
   0.4390E+00
   0.4182E+00
   0.3985E+00
   0.3797E+00
   0.3618E+00
   0.3447E+00
   0.3285E+00
   0.3130E+00
   0.2982E+00
   0.2841E+00
   0.2707E+00
   0.2580E+00
   0.2458E+00
   0.2342E+00
   0.2231E+00
   0.2126E+00
   0.2026E+00
   0.9194E+00
   0.8760E+00
   0.8347E+00
   0.7953E+00
   0.7578E+00
   0.7220E+00
   0.6880E+00
   0.6555E+00
   0.6246E+00
   0.5951E+00
   0.5670E+00
   0.5403E+00
   0.5148E+00
   0.4905E+00
   0.4674E+00
   0.4453E+00
   0.4243E+00
   0.4043E+00
   0.3852E+00
   0.3671E+00
   0.3497E+00
   0.3332E+00
   0.3175E+00
   0.3025E+00
   0.2883E+00
   0.2747E+00
   0.2617E+00
   0.2494E+00
   0.2376E+00
   0.2264E+00
   0.2157E+00
   0.2055E+00
   0.9304E+00
   0.8865E+00
   0.8447E+00
   0.8048E+00
   0.7669E+00
   0.7307E+00
   0.6962E+00
   0.6634E+00
   0.6321E+00
   0.6023E+00
   0.5738E+00
   0.5468E+00
   0.5210E+00
   0.4964E+00
   0.4730E+00
   0.4507E+00
   0.4294E+00
   0.4092E+00
   0.3898E+00
   0.3715E+00
   0.3539E+00
   0.3372E+00
   0.3213E+00
   0.3062E+00
   0.2917E+00
   0.2780E+00
   0.2648E+00
   0.2524E+00
   0.2404E+00
   0.2291E+00
   0.2183E+00
   0.2080E+00
   0.9392E+00
   0.8949E+00
   0.8527E+00
   0.8125E+00
   0.7741E+00
   0.7376E+00
   0.7028E+00
   0.6697E+00
   0.6381E+00
   0.6080E+00
   0.5793E+00
   0.5520E+00
   0.5259E+00
   0.5011E+00
   0.4775E+00
   0.4550E+00
   0.4335E+00
   0.4130E+00
   0.3936E+00
   0.3750E+00
   0.3573E+00
   0.3404E+00
   0.3244E+00
   0.3091E+00
   0.2945E+00
   0.2806E+00
   0.2674E+00
   0.2548E+00
   0.2427E+00
   0.2313E+00
   0.2204E+00
   0.2100E+00
   0.9459E+00
   0.9013E+00
   0.8587E+00
   0.8182E+00
   0.7796E+00
   0.7429E+00
   0.7078E+00
   0.6744E+00
   0.6426E+00
   0.6123E+00
   0.5834E+00
   0.5559E+00
   0.5297E+00
   0.5047E+00
   0.4809E+00
   0.4582E+00
   0.4366E+00
   0.4160E+00
   0.3963E+00
   0.3776E+00
   0.3598E+00
   0.3429E+00
   0.3267E+00
   0.3113E+00
   0.2966E+00
   0.2826E+00
   0.2693E+00
   0.2566E+00
   0.2445E+00
   0.2329E+00
   0.2219E+00
   0.2115E+00
   0.9503E+00
   0.9055E+00
   0.8628E+00
   0.8221E+00
   0.7833E+00
   0.7463E+00
   0.7111E+00
   0.6776E+00
   0.6456E+00
   0.6152E+00
   0.5861E+00
   0.5585E+00
   0.5321E+00
   0.5070E+00
   0.4831E+00
   0.4603E+00
   0.4386E+00
   0.4179E+00
   0.3982E+00
   0.3794E+00
   0.3615E+00
   0.3445E+00
   0.3282E+00
   0.3127E+00
   0.2980E+00
   0.2839E+00
   0.2705E+00
   0.2578E+00
   0.2456E+00
   0.2340E+00
   0.2230E+00
   0.2125E+00
   0.9525E+00
   0.9076E+00
   0.8648E+00
   0.8240E+00
   0.7851E+00
   0.7481E+00
   0.7128E+00
   0.6792E+00
   0.6471E+00
   0.6166E+00
   0.5875E+00
   0.5598E+00
   0.5334E+00
   0.5082E+00
   0.4843E+00
   0.4614E+00
   0.4396E+00
   0.4189E+00
   0.3991E+00
   0.3803E+00
   0.3624E+00
   0.3453E+00
   0.3290E+00
   0.3135E+00
   0.2987E+00
   0.2846E+00
   0.2712E+00
   0.2584E+00
   0.2462E+00
   0.2346E+00
   0.2235E+00
   0.2130E+00
   0.9525E+00
   0.9076E+00
   0.8648E+00
   0.8240E+00
   0.7851E+00
   0.7481E+00
   0.7128E+00
   0.6792E+00
   0.6471E+00
   0.6166E+00
   0.5875E+00
   0.5598E+00
   0.5334E+00
   0.5082E+00
   0.4843E+00
   0.4614E+00
   0.4396E+00
   0.4189E+00
   0.3991E+00
   0.3803E+00
   0.3624E+00
   0.3453E+00
   0.3290E+00
   0.3135E+00
   0.2987E+00
   0.2846E+00
   0.2712E+00
   0.2584E+00
   0.2462E+00
   0.2346E+00
   0.2235E+00
   0.2130E+00
   0.9503E+00
   0.9055E+00
   0.8628E+00
   0.8221E+00
   0.7833E+00
   0.7463E+00
   0.7111E+00
   0.6776E+00
   0.6456E+00
   0.6152E+00
   0.5861E+00
   0.5585E+00
   0.5321E+00
   0.5070E+00
   0.4831E+00
   0.4603E+00
   0.4386E+00
   0.4179E+00
   0.3982E+00
   0.3794E+00
   0.3615E+00
   0.3445E+00
   0.3282E+00
   0.3127E+00
   0.2980E+00
   0.2839E+00
   0.2705E+00
   0.2578E+00
   0.2456E+00
   0.2340E+00
   0.2230E+00
   0.2125E+00
   0.9459E+00
   0.9013E+00
   0.8587E+00
   0.8182E+00
   0.7796E+00
   0.7429E+00
   0.7078E+00
   0.6744E+00
   0.6426E+00
   0.6123E+00
   0.5834E+00
   0.5559E+00
   0.5297E+00
   0.5047E+00
   0.4809E+00
   0.4582E+00
   0.4366E+00
   0.4160E+00
   0.3963E+00
   0.3776E+00
   0.3598E+00
   0.3429E+00
   0.3267E+00
   0.3113E+00
   0.2966E+00
   0.2826E+00
   0.2693E+00
   0.2566E+00
   0.2445E+00
   0.2329E+00
   0.2219E+00
   0.2115E+00
   0.9392E+00
   0.8949E+00
   0.8527E+00
   0.8125E+00
   0.7741E+00
   0.7376E+00
   0.7028E+00
   0.6697E+00
   0.6381E+00
   0.6080E+00
   0.5793E+00
   0.5520E+00
   0.5259E+00
   0.5011E+00
   0.4775E+00
   0.4550E+00
   0.4335E+00
   0.4130E+00
   0.3936E+00
   0.3750E+00
   0.3573E+00
   0.3404E+00
   0.3244E+00
   0.3091E+00
   0.2945E+00
   0.2806E+00
   0.2674E+00
   0.2548E+00
   0.2427E+00
   0.2313E+00
   0.2204E+00
   0.2100E+00
   0.9304E+00
   0.8865E+00
   0.8447E+00
   0.8048E+00
   0.7669E+00
   0.7307E+00
   0.6962E+00
   0.6634E+00
   0.6321E+00
   0.6023E+00
   0.5738E+00
   0.5468E+00
   0.5210E+00
   0.4964E+00
   0.4730E+00
   0.4507E+00
   0.4294E+00
   0.4092E+00
   0.3898E+00
   0.3715E+00
   0.3539E+00
   0.3372E+00
   0.3213E+00
   0.3062E+00
   0.2917E+00
   0.2780E+00
   0.2648E+00
   0.2524E+00
   0.2404E+00
   0.2291E+00
   0.2183E+00
   0.2080E+00
   0.9194E+00
   0.8760E+00
   0.8347E+00
   0.7953E+00
   0.7578E+00
   0.7220E+00
   0.6880E+00
   0.6555E+00
   0.6246E+00
   0.5951E+00
   0.5670E+00
   0.5403E+00
   0.5148E+00
   0.4905E+00
   0.4674E+00
   0.4453E+00
   0.4243E+00
   0.4043E+00
   0.3852E+00
   0.3671E+00
   0.3497E+00
   0.3332E+00
   0.3175E+00
   0.3025E+00
   0.2883E+00
   0.2747E+00
   0.2617E+00
   0.2494E+00
   0.2376E+00
   0.2264E+00
   0.2157E+00
   0.2055E+00
   0.9062E+00
   0.8634E+00
   0.8227E+00
   0.7839E+00
   0.7469E+00
   0.7117E+00
   0.6781E+00
   0.6461E+00
   0.6156E+00
   0.5866E+00
   0.5589E+00
   0.5326E+00
   0.5074E+00
   0.4835E+00
   0.4607E+00
   0.4390E+00
   0.4182E+00
   0.3985E+00
   0.3797E+00
   0.3618E+00
   0.3447E+00
   0.3285E+00
   0.3130E+00
   0.2982E+00
   0.2841E+00
   0.2707E+00
   0.2580E+00
   0.2458E+00
   0.2342E+00
   0.2231E+00
   0.2126E+00
   0.2026E+00
   0.8909E+00
   0.8489E+00
   0.8088E+00
   0.7707E+00
   0.7343E+00
   0.6997E+00
   0.6667E+00
   0.6352E+00
   0.6053E+00
   0.5767E+00
   0.5495E+00
   0.5236E+00
   0.4989E+00
   0.4753E+00
   0.4529E+00
   0.4315E+00
   0.4112E+00
   0.3918E+00
   0.3733E+00
   0.3557E+00
   0.3389E+00
   0.3229E+00
   0.3077E+00
   0.2932E+00
   0.2793E+00
   0.2662E+00
   0.2536E+00
   0.2416E+00
   0.2302E+00
   0.2194E+00
   0.2090E+00
   0.1992E+00
   0.8735E+00
   0.8323E+00
   0.7931E+00
   0.7557E+00
   0.7200E+00
   0.6860E+00
   0.6537E+00
   0.6228E+00
   0.5935E+00
   0.5655E+00
   0.5388E+00
   0.5134E+00
   0.4892E+00
   0.4661E+00
   0.4441E+00
   0.4231E+00
   0.4032E+00
   0.3842E+00
   0.3660E+00
   0.3488E+00
   0.3323E+00
   0.3166E+00
   0.3017E+00
   0.2875E+00
   0.2739E+00
   0.2610E+00
   0.2487E+00
   0.2369E+00
   0.2258E+00
   0.2151E+00
   0.2050E+00
   0.1953E+00
   0.8541E+00
   0.8138E+00
   0.7755E+00
   0.7389E+00
   0.7040E+00
   0.6708E+00
   0.6392E+00
   0.6090E+00
   0.5803E+00
   0.5529E+00
   0.5268E+00
   0.5020E+00
   0.4783E+00
   0.4557E+00
   0.4342E+00
   0.4137E+00
   0.3942E+00
   0.3756E+00
   0.3579E+00
   0.3410E+00
   0.3249E+00
   0.3096E+00
   0.2950E+00
   0.2811E+00
   0.2678E+00
   0.2552E+00
   0.2431E+00
   0.2317E+00
   0.2207E+00
   0.2103E+00
   0.2004E+00
   0.1910E+00
   0.8327E+00
   0.7935E+00
   0.7560E+00
   0.7204E+00
   0.6864E+00
   0.6540E+00
   0.6231E+00
   0.5937E+00
   0.5657E+00
   0.5390E+00
   0.5136E+00
   0.4894E+00
   0.4663E+00
   0.4443E+00
   0.4233E+00
   0.4034E+00
   0.3843E+00
   0.3662E+00
   0.3489E+00
   0.3325E+00
   0.3168E+00
   0.3018E+00
   0.2876E+00
   0.2740E+00
   0.2611E+00
   0.2488E+00
   0.2371E+00
   0.2259E+00
   0.2152E+00
   0.2051E+00
   0.1954E+00
   0.1862E+00
   0.8094E+00
   0.7712E+00
   0.7348E+00
   0.7002E+00
   0.6671E+00
   0.6357E+00
   0.6057E+00
   0.5771E+00
   0.5499E+00
   0.5239E+00
   0.4992E+00
   0.4757E+00
   0.4532E+00
   0.4318E+00
   0.4115E+00
   0.3921E+00
   0.3736E+00
   0.3559E+00
   0.3392E+00
   0.3232E+00
   0.3079E+00
   0.2934E+00
   0.2795E+00
   0.2664E+00
   0.2538E+00
   0.2418E+00
   0.2304E+00
   0.2195E+00
   0.2092E+00
   0.1993E+00
   0.1899E+00
   0.1809E+00
   0.7842E+00
   0.7472E+00
   0.7119E+00
   0.6783E+00
   0.6463E+00
   0.6158E+00
   0.5868E+00
   0.5591E+00
   0.5327E+00
   0.5076E+00
   0.4837E+00
   0.4608E+00
   0.4391E+00
   0.4184E+00
   0.3986E+00
   0.3798E+00
   0.3619E+00
   0.3448E+00
   0.3286E+00
   0.3131E+00
   0.2983E+00
   0.2842E+00
   0.2708E+00
   0.2580E+00
   0.2459E+00
   0.2343E+00
   0.2232E+00
   0.2127E+00
   0.2027E+00
   0.1931E+00
   0.1840E+00
   0.1753E+00
   0.7571E+00
   0.7214E+00
   0.6873E+00
   0.6549E+00
   0.6240E+00
   0.5946E+00
   0.5665E+00
   0.5398E+00
   0.5143E+00
   0.4901E+00
   0.4670E+00
   0.4449E+00
   0.4239E+00
   0.4039E+00
   0.3849E+00
   0.3667E+00
   0.3494E+00
   0.3329E+00
   0.3172E+00
   0.3023E+00
   0.2880E+00
   0.2744E+00
   0.2615E+00
   0.2491E+00
   0.2374E+00
   0.2262E+00
   0.2155E+00
   0.2054E+00
   0.1957E+00
   0.1864E+00
   0.1776E+00
   0.1693E+00
   0.7283E+00
   0.6939E+00
   0.6612E+00
   0.6300E+00
   0.6003E+00
   0.5719E+00
   0.5450E+00
   0.5193E+00
   0.4948E+00
   0.4714E+00
   0.4492E+00
   0.4280E+00
   0.4078E+00
   0.3886E+00
   0.3702E+00
   0.3528E+00
   0.3361E+00
   0.3203E+00
   0.3052E+00
   0.2908E+00
   0.2770E+00
   0.2640E+00
   0.2515E+00
   0.2397E+00
   0.2283E+00
   0.2176E+00
   0.2073E+00
   0.1975E+00
   0.1882E+00
   0.1793E+00
   0.1709E+00
   0.1628E+00
   0.6977E+00
   0.6648E+00
   0.6334E+00
   0.6036E+00
   0.5751E+00
   0.5480E+00
   0.5221E+00
   0.4975E+00
   0.4740E+00
   0.4517E+00
   0.4303E+00
   0.4100E+00
   0.3907E+00
   0.3723E+00
   0.3547E+00
   0.3380E+00
   0.3220E+00
   0.3068E+00
   0.2924E+00
   0.2786E+00
   0.2654E+00
   0.2529E+00
   0.2410E+00
   0.2296E+00
   0.2188E+00
   0.2085E+00
   0.1986E+00
   0.1892E+00
   0.1803E+00
   0.1718E+00
   0.1637E+00
   0.1560E+00
   0.6656E+00
   0.6342E+00
   0.6042E+00
   0.5757E+00
   0.5486E+00
   0.5227E+00
   0.4980E+00
   0.4745E+00
   0.4522E+00
   0.4308E+00
   0.4105E+00
   0.3911E+00
   0.3727E+00
   0.3551E+00
   0.3384E+00
   0.3224E+00
   0.3072E+00
   0.2927E+00
   0.2789E+00
   0.2657E+00
   0.2532E+00
   0.2412E+00
   0.2299E+00
   0.2190E+00
   0.2087E+00
   0.1988E+00
   0.1895E+00
   0.1805E+00
   0.1720E+00
   0.1639E+00
   0.1562E+00
   0.1488E+00
   0.6318E+00
   0.6020E+00
   0.5736E+00
   0.5466E+00
   0.5208E+00
   0.4962E+00
   0.4728E+00
   0.4505E+00
   0.4293E+00
   0.4090E+00
   0.3897E+00
   0.3713E+00
   0.3538E+00
   0.3371E+00
   0.3212E+00
   0.3061E+00
   0.2916E+00
   0.2779E+00
   0.2648E+00
   0.2523E+00
   0.2404E+00
   0.2290E+00
   0.2182E+00
   0.2079E+00
   0.1981E+00
   0.1888E+00
   0.1799E+00
   0.1714E+00
   0.1633E+00
   0.1556E+00
   0.1482E+00
   0.1413E+00
   0.5966E+00
   0.5685E+00
   0.5417E+00
   0.5161E+00
   0.4918E+00
   0.4686E+00
   0.4465E+00
   0.4254E+00
   0.4053E+00
   0.3862E+00
   0.3680E+00
   0.3506E+00
   0.3341E+00
   0.3183E+00
   0.3033E+00
   0.2890E+00
   0.2754E+00
   0.2624E+00
   0.2500E+00
   0.2382E+00
   0.2270E+00
   0.2163E+00
   0.2061E+00
   0.1963E+00
   0.1871E+00
   0.1783E+00
   0.1698E+00
   0.1618E+00
   0.1542E+00
   0.1469E+00
   0.1400E+00
   0.1334E+00
   0.5601E+00
   0.5336E+00
   0.5085E+00
   0.4845E+00
   0.4616E+00
   0.4398E+00
   0.4191E+00
   0.3993E+00
   0.3805E+00
   0.3625E+00
   0.3454E+00
   0.3291E+00
   0.3136E+00
   0.2988E+00
   0.2847E+00
   0.2713E+00
   0.2585E+00
   0.2463E+00
   0.2347E+00
   0.2236E+00
   0.2131E+00
   0.2030E+00
   0.1934E+00
   0.1843E+00
   0.1756E+00
   0.1673E+00
   0.1594E+00
   0.1519E+00
   0.1447E+00
   0.1379E+00
   0.1314E+00
   0.1252E+00
   0.5222E+00
   0.4975E+00
   0.4741E+00
   0.4517E+00
   0.4304E+00
   0.4101E+00
   0.3907E+00
   0.3723E+00
   0.3547E+00
   0.3380E+00
   0.3221E+00
   0.3069E+00
   0.2924E+00
   0.2786E+00
   0.2655E+00
   0.2529E+00
   0.2410E+00
   0.2296E+00
   0.2188E+00
   0.2085E+00
   0.1986E+00
   0.1893E+00
   0.1803E+00
   0.1718E+00
   0.1637E+00
   0.1560E+00
   0.1486E+00
   0.1416E+00
   0.1349E+00
   0.1286E+00
   0.1225E+00
   0.1167E+00
   0.4830E+00
   0.4603E+00
   0.4385E+00
   0.4179E+00
   0.3981E+00
   0.3794E+00
   0.3615E+00
   0.3444E+00
   0.3282E+00
   0.3127E+00
   0.2979E+00
   0.2839E+00
   0.2705E+00
   0.2577E+00
   0.2456E+00
   0.2340E+00
   0.2229E+00
   0.2124E+00
   0.2024E+00
   0.1929E+00
   0.1838E+00
   0.1751E+00
   0.1668E+00
   0.1590E+00
   0.1515E+00
   0.1443E+00
   0.1375E+00
   0.1310E+00
   0.1248E+00
   0.1189E+00
   0.1133E+00
   0.1080E+00
   0.4428E+00
   0.4219E+00
   0.4020E+00
   0.3830E+00
   0.3650E+00
   0.3478E+00
   0.3314E+00
   0.3157E+00
   0.3008E+00
   0.2866E+00
   0.2731E+00
   0.2602E+00
   0.2480E+00
   0.2363E+00
   0.2251E+00
   0.2145E+00
   0.2044E+00
   0.1947E+00
   0.1855E+00
   0.1768E+00
   0.1684E+00
   0.1605E+00
   0.1529E+00
   0.1457E+00
   0.1388E+00
   0.1323E+00
   0.1261E+00
   0.1201E+00
   0.1144E+00
   0.1090E+00
   0.1039E+00
   0.9899E-01
   0.4015E+00
   0.3826E+00
   0.3645E+00
   0.3473E+00
   0.3310E+00
   0.3153E+00
   0.3005E+00
   0.2863E+00
   0.2728E+00
   0.2599E+00
   0.2477E+00
   0.2360E+00
   0.2248E+00
   0.2142E+00
   0.2041E+00
   0.1945E+00
   0.1853E+00
   0.1766E+00
   0.1682E+00
   0.1603E+00
   0.1527E+00
   0.1455E+00
   0.1387E+00
   0.1321E+00
   0.1259E+00
   0.1200E+00
   0.1143E+00
   0.1089E+00
   0.1038E+00
   0.9887E-01
   0.9421E-01
   0.8976E-01
   0.3593E+00
   0.3424E+00
   0.3262E+00
   0.3108E+00
   0.2962E+00
   0.2822E+00
   0.2689E+00
   0.2562E+00
   0.2441E+00
   0.2326E+00
   0.2216E+00
   0.2112E+00
   0.2012E+00
   0.1917E+00
   0.1827E+00
   0.1740E+00
   0.1658E+00
   0.1580E+00
   0.1506E+00
   0.1435E+00
   0.1367E+00
   0.1302E+00
   0.1241E+00
   0.1182E+00
   0.1127E+00
   0.1073E+00
   0.1023E+00
   0.9746E-01
   0.9286E-01
   0.8848E-01
   0.8430E-01
   0.8033E-01
   0.3163E+00
   0.3013E+00
   0.2871E+00
   0.2736E+00
   0.2607E+00
   0.2484E+00
   0.2367E+00
   0.2255E+00
   0.2149E+00
   0.2047E+00
   0.1951E+00
   0.1859E+00
   0.1771E+00
   0.1687E+00
   0.1608E+00
   0.1532E+00
   0.1460E+00
   0.1391E+00
   0.1325E+00
   0.1263E+00
   0.1203E+00
   0.1146E+00
   0.1092E+00
   0.1041E+00
   0.9916E-01
   0.9448E-01
   0.9003E-01
   0.8578E-01
   0.8173E-01
   0.7788E-01
   0.7420E-01
   0.7070E-01
   0.2725E+00
   0.2596E+00
   0.2474E+00
   0.2357E+00
   0.2246E+00
   0.2140E+00
   0.2039E+00
   0.1943E+00
   0.1851E+00
   0.1764E+00
   0.1680E+00
   0.1601E+00
   0.1526E+00
   0.1454E+00
   0.1385E+00
   0.1320E+00
   0.1257E+00
   0.1198E+00
   0.1142E+00
   0.1088E+00
   0.1036E+00
   0.9876E-01
   0.9410E-01
   0.8966E-01
   0.8543E-01
   0.8140E-01
   0.7756E-01
   0.7390E-01
   0.7041E-01
   0.6709E-01
   0.6393E-01
   0.6091E-01
   0.2280E+00
   0.2173E+00
   0.2070E+00
   0.1973E+00
   0.1879E+00
   0.1791E+00
   0.1706E+00
   0.1626E+00
   0.1549E+00
   0.1476E+00
   0.1406E+00
   0.1340E+00
   0.1277E+00
   0.1217E+00
   0.1159E+00
   0.1105E+00
   0.1052E+00
   0.1003E+00
   0.9555E-01
   0.9104E-01
   0.8675E-01
   0.8265E-01
   0.7875E-01
   0.7504E-01
   0.7150E-01
   0.6813E-01
   0.6491E-01
   0.6185E-01
   0.5893E-01
   0.5615E-01
   0.5350E-01
   0.5098E-01
   0.1831E+00
   0.1744E+00
   0.1662E+00
   0.1584E+00
   0.1509E+00
   0.1438E+00
   0.1370E+00
   0.1305E+00
   0.1244E+00
   0.1185E+00
   0.1129E+00
   0.1076E+00
   0.1025E+00
   0.9767E-01
   0.9306E-01
   0.8867E-01
   0.8449E-01
   0.8051E-01
   0.7671E-01
   0.7309E-01
   0.6964E-01
   0.6636E-01
   0.6322E-01
   0.6024E-01
   0.5740E-01
   0.5469E-01
   0.5211E-01
   0.4965E-01
   0.4731E-01
   0.4508E-01
   0.4295E-01
   0.4093E-01
   0.1377E+00
   0.1312E+00
   0.1250E+00
   0.1191E+00
   0.1135E+00
   0.1081E+00
   0.1030E+00
   0.9816E-01
   0.9353E-01
   0.8912E-01
   0.8491E-01
   0.8091E-01
   0.7709E-01
   0.7345E-01
   0.6999E-01
   0.6669E-01
   0.6354E-01
   0.6054E-01
   0.5769E-01
   0.5497E-01
   0.5237E-01
   0.4990E-01
   0.4755E-01
   0.4531E-01
   0.4317E-01
   0.4113E-01
   0.3919E-01
   0.3734E-01
   0.3558E-01
   0.3390E-01
   0.3230E-01
   0.3078E-01
   0.9196E-01
   0.8762E-01
   0.8349E-01
   0.7955E-01
   0.7580E-01
   0.7222E-01
   0.6882E-01
   0.6557E-01
   0.6248E-01
   0.5953E-01
   0.5672E-01
   0.5404E-01
   0.5149E-01
   0.4907E-01
   0.4675E-01
   0.4455E-01
   0.4244E-01
   0.4044E-01
   0.3853E-01
   0.3672E-01
   0.3498E-01
   0.3333E-01
   0.3176E-01
   0.3026E-01
   0.2883E-01
   0.2747E-01
   0.2618E-01
   0.2494E-01
   0.2377E-01
   0.2265E-01
   0.2158E-01
   0.2056E-01
   0.4603E-01
   0.4386E-01
   0.4179E-01
   0.3982E-01
   0.3794E-01
   0.3615E-01
   0.3445E-01
   0.3282E-01
   0.3127E-01
   0.2980E-01
   0.2839E-01
   0.2705E-01
   0.2578E-01
   0.2456E-01
   0.2340E-01
   0.2230E-01
   0.2125E-01
   0.2024E-01
   0.1929E-01
   0.1838E-01
   0.1751E-01
   0.1669E-01
   0.1590E-01
   0.1515E-01
   0.1443E-01
   0.1375E-01
   0.1310E-01
   0.1249E-01
   0.1190E-01
   0.1134E-01
   0.1080E-01
   0.1029E-01
