   0.0000E+00
   0.9506E-01
   0.1893E+00
   0.2817E+00
   0.3717E+00
   0.4582E+00
   0.5406E+00
   0.6182E+00
   0.6901E+00
   0.7557E+00
   0.8146E+00
   0.8660E+00
   0.9096E+00
   0.9450E+00
   0.9718E+00
   0.9898E+00
   0.9989E+00
   0.9989E+00
   0.9898E+00
   0.9718E+00
   0.9450E+00
   0.9096E+00
   0.8660E+00
   0.8146E+00
   0.7557E+00
   0.6901E+00
   0.6182E+00
   0.5406E+00
   0.4582E+00
   0.3717E+00
   0.2817E+00
   0.1893E+00
   0.9506E-01
  -0.3258E-06
   0.0000E+00
   0.8643E-01
   0.1721E+00
   0.2562E+00
   0.3379E+00
   0.4166E+00
   0.4916E+00
   0.5620E+00
   0.6274E+00
   0.6871E+00
   0.7406E+00
   0.7874E+00
   0.8271E+00
   0.8592E+00
   0.8836E+00
   0.9000E+00
   0.9082E+00
   0.9082E+00
   0.9000E+00
   0.8836E+00
   0.8592E+00
   0.8271E+00
   0.7874E+00
   0.7406E+00
   0.6871E+00
   0.6274E+00
   0.5620E+00
   0.4916E+00
   0.4166E+00
   0.3379E+00
   0.2562E+00
   0.1721E+00
   0.8643E-01
   0.0000E+00
   0.0000E+00
   0.7858E-01
   0.1564E+00
   0.2329E+00
   0.3072E+00
   0.3788E+00
   0.4469E+00
   0.5110E+00
   0.5705E+00
   0.6248E+00
   0.6734E+00
   0.7159E+00
   0.7520E+00
   0.7812E+00
   0.8034E+00
   0.8183E+00
   0.8257E+00
   0.8257E+00
   0.8183E+00
   0.8034E+00
   0.7812E+00
   0.7520E+00
   0.7159E+00
   0.6734E+00
   0.6248E+00
   0.5705E+00
   0.5110E+00
   0.4469E+00
   0.3788E+00
   0.3072E+00
   0.2329E+00
   0.1564E+00
   0.7858E-01
   0.0000E+00
   0.0000E+00
   0.7145E-01
   0.1422E+00
   0.2118E+00
   0.2793E+00
   0.3444E+00
   0.4064E+00
   0.4646E+00
   0.5187E+00
   0.5680E+00
   0.6123E+00
   0.6509E+00
   0.6837E+00
   0.7103E+00
   0.7304E+00
   0.7440E+00
   0.7508E+00
   0.7508E+00
   0.7440E+00
   0.7304E+00
   0.7103E+00
   0.6837E+00
   0.6509E+00
   0.6123E+00
   0.5680E+00
   0.5187E+00
   0.4646E+00
   0.4064E+00
   0.3444E+00
   0.2793E+00
   0.2118E+00
   0.1422E+00
   0.7145E-01
   0.0000E+00
   0.0000E+00
   0.6496E-01
   0.1293E+00
   0.1925E+00
   0.2540E+00
   0.3131E+00
   0.3695E+00
   0.4224E+00
   0.4716E+00
   0.5165E+00
   0.5567E+00
   0.5918E+00
   0.6216E+00
   0.6458E+00
   0.6641E+00
   0.6764E+00
   0.6826E+00
   0.6826E+00
   0.6764E+00
   0.6641E+00
   0.6458E+00
   0.6216E+00
   0.5918E+00
   0.5567E+00
   0.5165E+00
   0.4716E+00
   0.4224E+00
   0.3695E+00
   0.3131E+00
   0.2540E+00
   0.1925E+00
   0.1293E+00
   0.6496E-01
   0.0000E+00
   0.0000E+00
   0.5906E-01
   0.1176E+00
   0.1750E+00
   0.2309E+00
   0.2847E+00
   0.3359E+00
   0.3841E+00
   0.4288E+00
   0.4696E+00
   0.5061E+00
   0.5381E+00
   0.5652E+00
   0.5871E+00
   0.6038E+00
   0.6150E+00
   0.6206E+00
   0.6206E+00
   0.6150E+00
   0.6038E+00
   0.5871E+00
   0.5652E+00
   0.5381E+00
   0.5061E+00
   0.4696E+00
   0.4288E+00
   0.3841E+00
   0.3359E+00
   0.2847E+00
   0.2309E+00
   0.1750E+00
   0.1176E+00
   0.5906E-01
   0.0000E+00
   0.0000E+00
   0.5370E-01
   0.1069E+00
   0.1591E+00
   0.2099E+00
   0.2588E+00
   0.3054E+00
   0.3492E+00
   0.3898E+00
   0.4269E+00
   0.4601E+00
   0.4892E+00
   0.5138E+00
   0.5338E+00
   0.5490E+00
   0.5591E+00
   0.5642E+00
   0.5642E+00
   0.5591E+00
   0.5490E+00
   0.5338E+00
   0.5138E+00
   0.4892E+00
   0.4601E+00
   0.4269E+00
   0.3898E+00
   0.3492E+00
   0.3054E+00
   0.2588E+00
   0.2099E+00
   0.1591E+00
   0.1069E+00
   0.5370E-01
   0.0000E+00
   0.0000E+00
   0.4882E-01
   0.9720E-01
   0.1447E+00
   0.1909E+00
   0.2353E+00
   0.2777E+00
   0.3175E+00
   0.3544E+00
   0.3881E+00
   0.4183E+00
   0.4448E+00
   0.4672E+00
   0.4853E+00
   0.4991E+00
   0.5084E+00
   0.5130E+00
   0.5130E+00
   0.5084E+00
   0.4991E+00
   0.4853E+00
   0.4672E+00
   0.4448E+00
   0.4183E+00
   0.3881E+00
   0.3544E+00
   0.3175E+00
   0.2777E+00
   0.2353E+00
   0.1909E+00
   0.1447E+00
   0.9720E-01
   0.4882E-01
   0.0000E+00
   0.0000E+00
   0.4438E-01
   0.8837E-01
   0.1315E+00
   0.1735E+00
   0.2140E+00
   0.2524E+00
   0.2886E+00
   0.3222E+00
   0.3529E+00
   0.3803E+00
   0.4044E+00
   0.4247E+00
   0.4412E+00
   0.4538E+00
   0.4622E+00
   0.4664E+00
   0.4664E+00
   0.4622E+00
   0.4538E+00
   0.4412E+00
   0.4247E+00
   0.4044E+00
   0.3803E+00
   0.3529E+00
   0.3222E+00
   0.2886E+00
   0.2524E+00
   0.2140E+00
   0.1735E+00
   0.1315E+00
   0.8837E-01
   0.4438E-01
   0.0000E+00
   0.0000E+00
   0.4035E-01
   0.8034E-01
   0.1196E+00
   0.1578E+00
   0.1945E+00
   0.2295E+00
   0.2624E+00
   0.2929E+00
   0.3208E+00
   0.3458E+00
   0.3676E+00
   0.3861E+00
   0.4012E+00
   0.4125E+00
   0.4202E+00
   0.4240E+00
   0.4240E+00
   0.4202E+00
   0.4125E+00
   0.4012E+00
   0.3861E+00
   0.3676E+00
   0.3458E+00
   0.3208E+00
   0.2929E+00
   0.2624E+00
   0.2295E+00
   0.1945E+00
   0.1578E+00
   0.1196E+00
   0.8034E-01
   0.4035E-01
   0.0000E+00
   0.0000E+00
   0.3669E-01
   0.7304E-01
   0.1087E+00
   0.1434E+00
   0.1768E+00
   0.2087E+00
   0.2386E+00
   0.2663E+00
   0.2917E+00
   0.3144E+00
   0.3342E+00
   0.3511E+00
   0.3647E+00
   0.3751E+00
   0.3820E+00
   0.3855E+00
   0.3855E+00
   0.3820E+00
   0.3751E+00
   0.3647E+00
   0.3511E+00
   0.3342E+00
   0.3144E+00
   0.2917E+00
   0.2663E+00
   0.2386E+00
   0.2087E+00
   0.1768E+00
   0.1434E+00
   0.1087E+00
   0.7304E-01
   0.3669E-01
   0.0000E+00
   0.0000E+00
   0.3335E-01
   0.6640E-01
   0.9885E-01
   0.1304E+00
   0.1608E+00
   0.1897E+00
   0.2169E+00
   0.2421E+00
   0.2652E+00
   0.2858E+00
   0.3039E+00
   0.3192E+00
   0.3316E+00
   0.3410E+00
   0.3473E+00
   0.3505E+00
   0.3505E+00
   0.3473E+00
   0.3410E+00
   0.3316E+00
   0.3192E+00
   0.3039E+00
   0.2858E+00
   0.2652E+00
   0.2421E+00
   0.2169E+00
   0.1897E+00
   0.1608E+00
   0.1304E+00
   0.9885E-01
   0.6640E-01
   0.3335E-01
   0.0000E+00
   0.0000E+00
   0.3032E-01
   0.6037E-01
   0.8987E-01
   0.1186E+00
   0.1462E+00
   0.1725E+00
   0.1972E+00
   0.2201E+00
   0.2411E+00
   0.2598E+00
   0.2762E+00
   0.2902E+00
   0.3014E+00
   0.3100E+00
   0.3157E+00
   0.3186E+00
   0.3186E+00
   0.3157E+00
   0.3100E+00
   0.3014E+00
   0.2902E+00
   0.2762E+00
   0.2598E+00
   0.2411E+00
   0.2201E+00
   0.1972E+00
   0.1725E+00
   0.1462E+00
   0.1186E+00
   0.8987E-01
   0.6037E-01
   0.3032E-01
   0.0000E+00
   0.0000E+00
   0.2757E-01
   0.5488E-01
   0.8170E-01
   0.1078E+00
   0.1329E+00
   0.1568E+00
   0.1793E+00
   0.2001E+00
   0.2192E+00
   0.2362E+00
   0.2511E+00
   0.2638E+00
   0.2740E+00
   0.2818E+00
   0.2870E+00
   0.2897E+00
   0.2897E+00
   0.2870E+00
   0.2818E+00
   0.2740E+00
   0.2638E+00
   0.2511E+00
   0.2362E+00
   0.2192E+00
   0.2001E+00
   0.1793E+00
   0.1568E+00
   0.1329E+00
   0.1078E+00
   0.8170E-01
   0.5488E-01
   0.2757E-01
   0.0000E+00
   0.0000E+00
   0.2506E-01
   0.4989E-01
   0.7427E-01
   0.9798E-01
   0.1208E+00
   0.1425E+00
   0.1630E+00
   0.1819E+00
   0.1992E+00
   0.2147E+00
   0.2283E+00
   0.2398E+00
   0.2491E+00
   0.2562E+00
   0.2609E+00
   0.2633E+00
   0.2633E+00
   0.2609E+00
   0.2562E+00
   0.2491E+00
   0.2398E+00
   0.2283E+00
   0.2147E+00
   0.1992E+00
   0.1819E+00
   0.1630E+00
   0.1425E+00
   0.1208E+00
   0.9798E-01
   0.7427E-01
   0.4989E-01
   0.2506E-01
   0.0000E+00
   0.0000E+00
   0.2278E-01
   0.4536E-01
   0.6752E-01
   0.8907E-01
   0.1098E+00
   0.1296E+00
   0.1482E+00
   0.1654E+00
   0.1811E+00
   0.1952E+00
   0.2076E+00
   0.2180E+00
   0.2265E+00
   0.2329E+00
   0.2372E+00
   0.2394E+00
   0.2394E+00
   0.2372E+00
   0.2329E+00
   0.2265E+00
   0.2180E+00
   0.2076E+00
   0.1952E+00
   0.1811E+00
   0.1654E+00
   0.1482E+00
   0.1296E+00
   0.1098E+00
   0.8907E-01
   0.6752E-01
   0.4536E-01
   0.2278E-01
   0.0000E+00
   0.0000E+00
   0.2071E-01
   0.4123E-01
   0.6138E-01
   0.8098E-01
   0.9984E-01
   0.1178E+00
   0.1347E+00
   0.1504E+00
   0.1647E+00
   0.1775E+00
   0.1887E+00
   0.1982E+00
   0.2059E+00
   0.2117E+00
   0.2157E+00
   0.2176E+00
   0.2176E+00
   0.2157E+00
   0.2117E+00
   0.2059E+00
   0.1982E+00
   0.1887E+00
   0.1775E+00
   0.1647E+00
   0.1504E+00
   0.1347E+00
   0.1178E+00
   0.9984E-01
   0.8098E-01
   0.6138E-01
   0.4123E-01
   0.2071E-01
   0.0000E+00
   0.0000E+00
   0.1883E-01
   0.3748E-01
   0.5580E-01
   0.7361E-01
   0.9076E-01
   0.1071E+00
   0.1224E+00
   0.1367E+00
   0.1497E+00
   0.1613E+00
   0.1715E+00
   0.1802E+00
   0.1872E+00
   0.1925E+00
   0.1961E+00
   0.1978E+00
   0.1978E+00
   0.1961E+00
   0.1925E+00
   0.1872E+00
   0.1802E+00
   0.1715E+00
   0.1613E+00
   0.1497E+00
   0.1367E+00
   0.1224E+00
   0.1071E+00
   0.9076E-01
   0.7361E-01
   0.5580E-01
   0.3748E-01
   0.1883E-01
   0.0000E+00
   0.0000E+00
   0.4056-319
   0.3518+175
   0.1203-152
   0.6963E-76
   0.1264E-75
   0.6013-153
   0.6013-153
   0.6013-153
   0.6013-153
   0.6013-153
   0.6013-153
   0.6013-153
   0.6013-153
   0.6013-153
   0.6013-153
   0.6013-153
   0.6013-153
   0.6817-312
   0.0000E+00
   0.0000E+00
   0.0000E+00
   0.0000E+00
   0.0000E+00
   0.0000E+00
   0.0000E+00
   0.0000E+00
   0.0000E+00
   0.0000E+00
   0.0000E+00
   0.0000E+00
   0.0000E+00
   0.0000E+00
   0.0000E+00
   0.0000E+00
   0.0000E+00
   0.0000E+00
   0.0000E+00
   0.0000E+00
   0.0000E+00
   0.0000E+00
   0.0000E+00
   0.0000E+00
   0.0000E+00
   0.0000E+00
   0.0000E+00
   0.0000E+00
   0.0000E+00
   0.0000E+00
   0.0000E+00
   0.0000E+00
   0.0000E+00
   0.0000E+00
   0.0000E+00
   0.0000E+00
   0.0000E+00
   0.0000E+00
   0.0000E+00
   0.0000E+00
   0.0000E+00
   0.0000E+00
   0.0000E+00
   0.0000E+00
   0.0000E+00
   0.0000E+00
   0.0000E+00
   0.0000E+00
   0.0000E+00
   0.0000E+00
   0.0000E+00
   0.0000E+00
   0.0000E+00
   0.0000E+00
   0.0000E+00
   0.0000E+00
   0.0000E+00
   0.0000E+00
   0.0000E+00
   0.0000E+00
   0.0000E+00
   0.0000E+00
   0.0000E+00
   0.0000E+00
   0.0000E+00
   0.0000E+00
   0.0000E+00
   0.0000E+00
   0.0000E+00
   0.0000E+00
   0.0000E+00
   0.0000E+00
   0.0000E+00
   0.0000E+00
   0.0000E+00
   0.0000E+00
   0.0000E+00
   0.0000E+00
   0.0000E+00
   0.0000E+00
   0.0000E+00
   0.0000E+00
   0.0000E+00
   0.0000E+00
   0.0000E+00
   0.0000E+00
   0.0000E+00
   0.0000E+00
   0.0000E+00
   0.0000E+00
   0.0000E+00
   0.0000E+00
   0.0000E+00
   0.0000E+00
   0.0000E+00
   0.0000E+00
   0.0000E+00
   0.0000E+00
   0.0000E+00
   0.0000E+00
   0.0000E+00
   0.0000E+00
   0.0000E+00
   0.0000E+00
   0.0000E+00
   0.0000E+00
   0.0000E+00
   0.0000E+00
   0.0000E+00
   0.0000E+00
   0.0000E+00
   0.0000E+00
   0.0000E+00
   0.0000E+00
   0.0000E+00
   0.0000E+00
   0.0000E+00
   0.0000E+00
   0.0000E+00
   0.0000E+00
   0.0000E+00
   0.0000E+00
   0.0000E+00
   0.0000E+00
   0.0000E+00
   0.0000E+00
   0.0000E+00
   0.0000E+00
   0.0000E+00
   0.0000E+00
   0.0000E+00
   0.0000E+00
   0.0000E+00
   0.0000E+00
   0.0000E+00
   0.0000E+00
   0.0000E+00
   0.0000E+00
   0.0000E+00
   0.0000E+00
   0.0000E+00
   0.0000E+00
   0.0000E+00
   0.0000E+00
   0.0000E+00
   0.0000E+00
   0.0000E+00
   0.0000E+00
   0.0000E+00
   0.0000E+00
   0.0000E+00
   0.0000E+00
   0.0000E+00
   0.0000E+00
   0.0000E+00
   0.0000E+00
   0.0000E+00
   0.0000E+00
   0.0000E+00
   0.0000E+00
   0.0000E+00
   0.0000E+00
   0.0000E+00
   0.0000E+00
   0.0000E+00
   0.0000E+00
   0.0000E+00
   0.0000E+00
   0.0000E+00
   0.0000E+00
   0.0000E+00
   0.0000E+00
   0.0000E+00
   0.0000E+00
   0.0000E+00
   0.0000E+00
   0.0000E+00
   0.0000E+00
   0.0000E+00
   0.0000E+00
   0.0000E+00
   0.0000E+00
   0.0000E+00
   0.0000E+00
   0.0000E+00
   0.0000E+00
   0.0000E+00
   0.0000E+00
   0.0000E+00
   0.0000E+00
   0.0000E+00
   0.0000E+00
   0.0000E+00
   0.0000E+00
   0.0000E+00
   0.0000E+00
   0.0000E+00
   0.0000E+00
   0.0000E+00
   0.0000E+00
   0.0000E+00
   0.0000E+00
   0.0000E+00
   0.0000E+00
   0.0000E+00
   0.0000E+00
   0.0000E+00
   0.0000E+00
   0.0000E+00
   0.0000E+00
   0.0000E+00
   0.0000E+00
   0.0000E+00
   0.0000E+00
   0.0000E+00
   0.0000E+00
   0.0000E+00
   0.0000E+00
   0.0000E+00
   0.0000E+00
   0.0000E+00
   0.0000E+00
   0.0000E+00
   0.0000E+00
   0.0000E+00
   0.0000E+00
   0.0000E+00
   0.0000E+00
   0.0000E+00
   0.0000E+00
   0.0000E+00
   0.0000E+00
   0.0000E+00
   0.0000E+00
   0.0000E+00
   0.0000E+00
   0.0000E+00
   0.0000E+00
   0.0000E+00
   0.0000E+00
   0.0000E+00
   0.0000E+00
   0.0000E+00
   0.0000E+00
   0.0000E+00
   0.0000E+00
   0.0000E+00
   0.0000E+00
   0.0000E+00
   0.0000E+00
   0.0000E+00
   0.0000E+00
   0.0000E+00
   0.0000E+00
   0.0000E+00
   0.0000E+00
   0.0000E+00
   0.0000E+00
   0.0000E+00
   0.0000E+00
   0.0000E+00
   0.0000E+00
   0.0000E+00
   0.0000E+00
   0.0000E+00
   0.0000E+00
   0.0000E+00
   0.0000E+00
   0.0000E+00
   0.0000E+00
   0.0000E+00
   0.0000E+00
   0.0000E+00
   0.0000E+00
   0.0000E+00
   0.0000E+00
   0.0000E+00
   0.0000E+00
   0.0000E+00
   0.0000E+00
   0.0000E+00
   0.0000E+00
   0.0000E+00
   0.0000E+00
   0.0000E+00
   0.0000E+00
   0.0000E+00
   0.0000E+00
   0.0000E+00
   0.0000E+00
   0.0000E+00
   0.0000E+00
   0.0000E+00
   0.0000E+00
   0.0000E+00
   0.0000E+00
   0.0000E+00
   0.0000E+00
   0.0000E+00
   0.0000E+00
   0.0000E+00
   0.0000E+00
   0.0000E+00
   0.0000E+00
   0.0000E+00
   0.0000E+00
   0.0000E+00
   0.0000E+00
   0.0000E+00
   0.0000E+00
   0.0000E+00
   0.0000E+00
   0.0000E+00
   0.0000E+00
   0.0000E+00
   0.0000E+00
   0.0000E+00
   0.0000E+00
   0.0000E+00
   0.0000E+00
   0.0000E+00
   0.0000E+00
   0.0000E+00
   0.0000E+00
   0.0000E+00
   0.0000E+00
   0.0000E+00
   0.0000E+00
   0.0000E+00
   0.0000E+00
   0.0000E+00
   0.0000E+00
   0.0000E+00
   0.0000E+00
   0.0000E+00
   0.0000E+00
   0.0000E+00
   0.0000E+00
   0.0000E+00
   0.0000E+00
   0.0000E+00
   0.0000E+00
   0.0000E+00
   0.0000E+00
   0.0000E+00
   0.0000E+00
   0.0000E+00
   0.0000E+00
   0.0000E+00
   0.0000E+00
   0.0000E+00
   0.0000E+00
   0.0000E+00
   0.0000E+00
   0.0000E+00
   0.0000E+00
   0.0000E+00
   0.0000E+00
   0.0000E+00
   0.0000E+00
   0.0000E+00
   0.0000E+00
   0.0000E+00
   0.0000E+00
   0.0000E+00
   0.0000E+00
   0.0000E+00
   0.0000E+00
   0.0000E+00
   0.0000E+00
   0.0000E+00
   0.0000E+00
   0.0000E+00
   0.0000E+00
   0.0000E+00
   0.0000E+00
   0.0000E+00
   0.0000E+00
   0.0000E+00
   0.0000E+00
   0.0000E+00
   0.0000E+00
   0.0000E+00
   0.0000E+00
   0.0000E+00
   0.0000E+00
   0.0000E+00
   0.0000E+00
   0.0000E+00
   0.0000E+00
   0.0000E+00
   0.0000E+00
   0.0000E+00
   0.0000E+00
   0.0000E+00
   0.0000E+00
   0.0000E+00
   0.0000E+00
   0.0000E+00
   0.0000E+00
   0.0000E+00
   0.0000E+00
   0.0000E+00
   0.0000E+00
   0.0000E+00
   0.0000E+00
   0.0000E+00
   0.0000E+00
   0.0000E+00
   0.0000E+00
   0.0000E+00
   0.0000E+00
   0.0000E+00
   0.0000E+00
   0.0000E+00
   0.0000E+00
   0.0000E+00
   0.0000E+00
   0.0000E+00
   0.0000E+00
   0.0000E+00
   0.0000E+00
   0.0000E+00
   0.0000E+00
   0.0000E+00
   0.0000E+00
   0.0000E+00
   0.0000E+00
   0.0000E+00
   0.0000E+00
   0.0000E+00
   0.0000E+00
   0.0000E+00
   0.0000E+00
   0.0000E+00
   0.0000E+00
   0.0000E+00
   0.0000E+00
   0.0000E+00
   0.0000E+00
   0.0000E+00
   0.0000E+00
   0.0000E+00
   0.0000E+00
   0.0000E+00
   0.0000E+00
   0.0000E+00
   0.0000E+00
   0.0000E+00
   0.0000E+00
   0.0000E+00
   0.0000E+00
   0.0000E+00
   0.0000E+00
   0.0000E+00
   0.0000E+00
   0.0000E+00
   0.0000E+00
   0.0000E+00
   0.0000E+00
   0.0000E+00
   0.0000E+00
   0.0000E+00
   0.0000E+00
   0.0000E+00
   0.0000E+00
   0.0000E+00
   0.0000E+00
   0.0000E+00
   0.0000E+00
   0.0000E+00
   0.0000E+00
   0.0000E+00
   0.0000E+00
   0.0000E+00
   0.0000E+00
   0.0000E+00
   0.0000E+00
   0.0000E+00
   0.0000E+00
   0.0000E+00
   0.0000E+00
   0.0000E+00
   0.0000E+00
   0.0000E+00
   0.0000E+00
   0.0000E+00
   0.0000E+00
   0.0000E+00
   0.0000E+00
   0.0000E+00
   0.0000E+00
   0.0000E+00
   0.0000E+00
   0.0000E+00
   0.0000E+00
   0.0000E+00
   0.0000E+00
   0.0000E+00
   0.0000E+00
   0.0000E+00
   0.0000E+00
   0.0000E+00
   0.0000E+00
   0.0000E+00
   0.0000E+00
   0.0000E+00
   0.0000E+00
   0.0000E+00
   0.0000E+00
   0.0000E+00
   0.0000E+00
   0.0000E+00
   0.0000E+00
   0.0000E+00
   0.0000E+00
   0.0000E+00
   0.0000E+00
   0.0000E+00
   0.0000E+00
   0.0000E+00
   0.0000E+00
   0.0000E+00
   0.0000E+00
   0.0000E+00
