   0.0000E+00
   0.8623E-01
   0.1717E+00
   0.2556E+00
   0.3371E+00
   0.4157E+00
   0.4904E+00
   0.5607E+00
   0.6260E+00
   0.6856E+00
   0.7389E+00
   0.7856E+00
   0.8251E+00
   0.8572E+00
   0.8816E+00
   0.8979E+00
   0.9061E+00
   0.9061E+00
   0.8979E+00
   0.8816E+00
   0.8572E+00
   0.8251E+00
   0.7856E+00
   0.7389E+00
   0.6856E+00
   0.6260E+00
   0.5607E+00
   0.4904E+00
   0.4157E+00
   0.3371E+00
   0.2556E+00
   0.1717E+00
   0.8623E-01
   0.0000E+00
   0.0000E+00
   0.7818E-01
   0.1557E+00
   0.2317E+00
   0.3057E+00
   0.3769E+00
   0.4447E+00
   0.5084E+00
   0.5676E+00
   0.6216E+00
   0.6700E+00
   0.7123E+00
   0.7482E+00
   0.7773E+00
   0.7993E+00
   0.8141E+00
   0.8216E+00
   0.8216E+00
   0.8141E+00
   0.7993E+00
   0.7773E+00
   0.7482E+00
   0.7123E+00
   0.6700E+00
   0.6216E+00
   0.5676E+00
   0.5084E+00
   0.4447E+00
   0.3769E+00
   0.3057E+00
   0.2317E+00
   0.1557E+00
   0.7818E-01
   0.0000E+00
   0.0000E+00
   0.7086E-01
   0.1411E+00
   0.2100E+00
   0.2770E+00
   0.3416E+00
   0.4030E+00
   0.4608E+00
   0.5144E+00
   0.5633E+00
   0.6072E+00
   0.6455E+00
   0.6780E+00
   0.7044E+00
   0.7244E+00
   0.7378E+00
   0.7446E+00
   0.7446E+00
   0.7378E+00
   0.7244E+00
   0.7044E+00
   0.6780E+00
   0.6455E+00
   0.6072E+00
   0.5633E+00
   0.5144E+00
   0.4608E+00
   0.4030E+00
   0.3416E+00
   0.2770E+00
   0.2100E+00
   0.1411E+00
   0.7086E-01
   0.0000E+00
   0.0000E+00
   0.6418E-01
   0.1278E+00
   0.1902E+00
   0.2509E+00
   0.3094E+00
   0.3650E+00
   0.4174E+00
   0.4659E+00
   0.5103E+00
   0.5500E+00
   0.5847E+00
   0.6142E+00
   0.6381E+00
   0.6562E+00
   0.6683E+00
   0.6744E+00
   0.6744E+00
   0.6683E+00
   0.6562E+00
   0.6381E+00
   0.6142E+00
   0.5847E+00
   0.5500E+00
   0.5103E+00
   0.4659E+00
   0.4174E+00
   0.3650E+00
   0.3094E+00
   0.2509E+00
   0.1902E+00
   0.1278E+00
   0.6418E-01
   0.0000E+00
   0.0000E+00
   0.5810E-01
   0.1157E+00
   0.1722E+00
   0.2272E+00
   0.2801E+00
   0.3305E+00
   0.3778E+00
   0.4218E+00
   0.4619E+00
   0.4979E+00
   0.5293E+00
   0.5560E+00
   0.5776E+00
   0.5940E+00
   0.6050E+00
   0.6105E+00
   0.6105E+00
   0.6050E+00
   0.5940E+00
   0.5776E+00
   0.5560E+00
   0.5293E+00
   0.4979E+00
   0.4619E+00
   0.4218E+00
   0.3778E+00
   0.3305E+00
   0.2801E+00
   0.2272E+00
   0.1722E+00
   0.1157E+00
   0.5810E-01
   0.0000E+00
   0.0000E+00
   0.5257E-01
   0.1047E+00
   0.1558E+00
   0.2055E+00
   0.2534E+00
   0.2990E+00
   0.3418E+00
   0.3816E+00
   0.4179E+00
   0.4505E+00
   0.4789E+00
   0.5030E+00
   0.5226E+00
   0.5374E+00
   0.5474E+00
   0.5524E+00
   0.5524E+00
   0.5474E+00
   0.5374E+00
   0.5226E+00
   0.5030E+00
   0.4789E+00
   0.4505E+00
   0.4179E+00
   0.3816E+00
   0.3418E+00
   0.2990E+00
   0.2534E+00
   0.2055E+00
   0.1558E+00
   0.1047E+00
   0.5257E-01
   0.0000E+00
   0.0000E+00
   0.4753E-01
   0.9463E-01
   0.1409E+00
   0.1858E+00
   0.2291E+00
   0.2703E+00
   0.3091E+00
   0.3450E+00
   0.3779E+00
   0.4073E+00
   0.4330E+00
   0.4548E+00
   0.4725E+00
   0.4859E+00
   0.4949E+00
   0.4994E+00
   0.4994E+00
   0.4949E+00
   0.4859E+00
   0.4725E+00
   0.4548E+00
   0.4330E+00
   0.4073E+00
   0.3779E+00
   0.3450E+00
   0.3091E+00
   0.2703E+00
   0.2291E+00
   0.1858E+00
   0.1409E+00
   0.9463E-01
   0.4753E-01
   0.0000E+00
   0.0000E+00
   0.4295E-01
   0.8550E-01
   0.1273E+00
   0.1679E+00
   0.2070E+00
   0.2443E+00
   0.2793E+00
   0.3118E+00
   0.3415E+00
   0.3680E+00
   0.3913E+00
   0.4110E+00
   0.4270E+00
   0.4391E+00
   0.4472E+00
   0.4513E+00
   0.4513E+00
   0.4472E+00
   0.4391E+00
   0.4270E+00
   0.4110E+00
   0.3913E+00
   0.3680E+00
   0.3415E+00
   0.3118E+00
   0.2793E+00
   0.2443E+00
   0.2070E+00
   0.1679E+00
   0.1273E+00
   0.8550E-01
   0.4295E-01
   0.0000E+00
   0.0000E+00
   0.3878E-01
   0.7721E-01
   0.1149E+00
   0.1516E+00
   0.1869E+00
   0.2206E+00
   0.2522E+00
   0.2815E+00
   0.3083E+00
   0.3323E+00
   0.3533E+00
   0.3711E+00
   0.3855E+00
   0.3965E+00
   0.4038E+00
   0.4075E+00
   0.4075E+00
   0.4038E+00
   0.3965E+00
   0.3855E+00
   0.3711E+00
   0.3533E+00
   0.3323E+00
   0.3083E+00
   0.2815E+00
   0.2522E+00
   0.2206E+00
   0.1869E+00
   0.1516E+00
   0.1149E+00
   0.7721E-01
   0.3878E-01
   0.0000E+00
   0.0000E+00
   0.3499E-01
   0.6967E-01
   0.1037E+00
   0.1368E+00
   0.1687E+00
   0.1990E+00
   0.2276E+00
   0.2541E+00
   0.2782E+00
   0.2999E+00
   0.3188E+00
   0.3349E+00
   0.3479E+00
   0.3578E+00
   0.3644E+00
   0.3677E+00
   0.3677E+00
   0.3644E+00
   0.3578E+00
   0.3479E+00
   0.3349E+00
   0.3188E+00
   0.2999E+00
   0.2782E+00
   0.2541E+00
   0.2276E+00
   0.1990E+00
   0.1687E+00
   0.1368E+00
   0.1037E+00
   0.6967E-01
   0.3499E-01
   0.0000E+00
   0.0000E+00
   0.3156E-01
   0.6283E-01
   0.9353E-01
   0.1234E+00
   0.1521E+00
   0.1795E+00
   0.2052E+00
   0.2291E+00
   0.2509E+00
   0.2704E+00
   0.2875E+00
   0.3020E+00
   0.3137E+00
   0.3226E+00
   0.3286E+00
   0.3316E+00
   0.3316E+00
   0.3286E+00
   0.3226E+00
   0.3137E+00
   0.3020E+00
   0.2875E+00
   0.2704E+00
   0.2509E+00
   0.2291E+00
   0.2052E+00
   0.1795E+00
   0.1521E+00
   0.1234E+00
   0.9353E-01
   0.6283E-01
   0.3156E-01
   0.0000E+00
   0.0000E+00
   0.2844E-01
   0.5662E-01
   0.8429E-01
   0.1112E+00
   0.1371E+00
   0.1618E+00
   0.1850E+00
   0.2065E+00
   0.2261E+00
   0.2437E+00
   0.2591E+00
   0.2722E+00
   0.2827E+00
   0.2908E+00
   0.2962E+00
   0.2989E+00
   0.2989E+00
   0.2962E+00
   0.2908E+00
   0.2827E+00
   0.2722E+00
   0.2591E+00
   0.2437E+00
   0.2261E+00
   0.2065E+00
   0.1850E+00
   0.1618E+00
   0.1371E+00
   0.1112E+00
   0.8429E-01
   0.5662E-01
   0.2844E-01
   0.0000E+00
   0.0000E+00
   0.2562E-01
   0.5100E-01
   0.7592E-01
   0.1002E+00
   0.1235E+00
   0.1457E+00
   0.1666E+00
   0.1860E+00
   0.2037E+00
   0.2195E+00
   0.2334E+00
   0.2451E+00
   0.2547E+00
   0.2619E+00
   0.2667E+00
   0.2692E+00
   0.2692E+00
   0.2667E+00
   0.2619E+00
   0.2547E+00
   0.2451E+00
   0.2334E+00
   0.2195E+00
   0.2037E+00
   0.1860E+00
   0.1666E+00
   0.1457E+00
   0.1235E+00
   0.1002E+00
   0.7592E-01
   0.5100E-01
   0.2562E-01
   0.0000E+00
   0.0000E+00
   0.2306E-01
   0.4591E-01
   0.6835E-01
   0.9016E-01
   0.1112E+00
   0.1312E+00
   0.1500E+00
   0.1674E+00
   0.1833E+00
   0.1976E+00
   0.2101E+00
   0.2207E+00
   0.2292E+00
   0.2358E+00
   0.2401E+00
   0.2423E+00
   0.2423E+00
   0.2401E+00
   0.2358E+00
   0.2292E+00
   0.2207E+00
   0.2101E+00
   0.1976E+00
   0.1833E+00
   0.1674E+00
   0.1500E+00
   0.1312E+00
   0.1112E+00
   0.9016E-01
   0.6835E-01
   0.4591E-01
   0.2306E-01
   0.0000E+00
   0.0000E+00
   0.2075E-01
   0.4131E-01
   0.6150E-01
   0.8113E-01
   0.1000E+00
   0.1180E+00
   0.1349E+00
   0.1506E+00
   0.1650E+00
   0.1778E+00
   0.1890E+00
   0.1986E+00
   0.2063E+00
   0.2121E+00
   0.2161E+00
   0.2180E+00
   0.2180E+00
   0.2161E+00
   0.2121E+00
   0.2063E+00
   0.1986E+00
   0.1890E+00
   0.1778E+00
   0.1650E+00
   0.1506E+00
   0.1349E+00
   0.1180E+00
   0.1000E+00
   0.8113E-01
   0.6150E-01
   0.4131E-01
   0.2075E-01
   0.0000E+00
   0.0000E+00
   0.1866E-01
   0.3716E-01
   0.5532E-01
   0.7298E-01
   0.8997E-01
   0.1062E+00
   0.1214E+00
   0.1355E+00
   0.1484E+00
   0.1599E+00
   0.1700E+00
   0.1786E+00
   0.1856E+00
   0.1908E+00
   0.1944E+00
   0.1961E+00
   0.1961E+00
   0.1944E+00
   0.1908E+00
   0.1856E+00
   0.1786E+00
   0.1700E+00
   0.1599E+00
   0.1484E+00
   0.1355E+00
   0.1214E+00
   0.1062E+00
   0.8997E-01
   0.7298E-01
   0.5532E-01
   0.3716E-01
   0.1866E-01
   0.0000E+00
   0.0000E+00
   0.1679E-01
   0.3342E-01
   0.4975E-01
   0.6563E-01
   0.8092E-01
   0.9548E-01
   0.1092E+00
   0.1219E+00
   0.1335E+00
   0.1439E+00
   0.1529E+00
   0.1606E+00
   0.1669E+00
   0.1716E+00
   0.1748E+00
   0.1764E+00
   0.1764E+00
   0.1748E+00
   0.1716E+00
   0.1669E+00
   0.1606E+00
   0.1529E+00
   0.1439E+00
   0.1335E+00
   0.1219E+00
   0.1092E+00
   0.9548E-01
   0.8092E-01
   0.6563E-01
   0.4975E-01
   0.3342E-01
   0.1679E-01
   0.0000E+00
   0.0000E+00
   0.1510E-01
   0.3006E-01
   0.4475E-01
   0.5903E-01
   0.7278E-01
   0.8587E-01
   0.9818E-01
   0.1096E+00
   0.1200E+00
   0.1294E+00
   0.1376E+00
   0.1445E+00
   0.1501E+00
   0.1544E+00
   0.1572E+00
   0.1587E+00
   0.1587E+00
   0.1572E+00
   0.1544E+00
   0.1501E+00
   0.1445E+00
   0.1376E+00
   0.1294E+00
   0.1200E+00
   0.1096E+00
   0.9818E-01
   0.8587E-01
   0.7278E-01
   0.5903E-01
   0.4475E-01
   0.3006E-01
   0.1510E-01
   0.0000E+00
   0.0000E+00
   0.1358E-01
   0.2704E-01
   0.4026E-01
   0.5311E-01
   0.6548E-01
   0.7726E-01
   0.8833E-01
   0.9861E-01
   0.1080E+00
   0.1164E+00
   0.1238E+00
   0.1300E+00
   0.1350E+00
   0.1389E+00
   0.1414E+00
   0.1427E+00
   0.1427E+00
   0.1414E+00
   0.1389E+00
   0.1350E+00
   0.1300E+00
   0.1238E+00
   0.1164E+00
   0.1080E+00
   0.9861E-01
   0.8833E-01
   0.7726E-01
   0.6548E-01
   0.5311E-01
   0.4026E-01
   0.2704E-01
   0.1358E-01
   0.0000E+00
   0.0000E+00
   0.1223E-01
   0.2434E-01
   0.3624E-01
   0.4781E-01
   0.5894E-01
   0.6955E-01
   0.7952E-01
   0.8877E-01
   0.9722E-01
   0.1048E+00
   0.1114E+00
   0.1170E+00
   0.1216E+00
   0.1250E+00
   0.1273E+00
   0.1285E+00
   0.1285E+00
   0.1273E+00
   0.1250E+00
   0.1216E+00
   0.1170E+00
   0.1114E+00
   0.1048E+00
   0.9722E-01
   0.8877E-01
   0.7952E-01
   0.6955E-01
   0.5894E-01
   0.4781E-01
   0.3624E-01
   0.2434E-01
   0.1223E-01
   0.0000E+00
   0.0000E+00
   0.1102E-01
   0.2194E-01
   0.3265E-01
   0.4308E-01
   0.5311E-01
   0.6266E-01
   0.7165E-01
   0.7998E-01
   0.8760E-01
   0.9441E-01
   0.1004E+00
   0.1054E+00
   0.1095E+00
   0.1126E+00
   0.1147E+00
   0.1158E+00
   0.1158E+00
   0.1147E+00
   0.1126E+00
   0.1095E+00
   0.1054E+00
   0.1004E+00
   0.9441E-01
   0.8760E-01
   0.7998E-01
   0.7165E-01
   0.6266E-01
   0.5311E-01
   0.4308E-01
   0.3265E-01
   0.2194E-01
   0.1102E-01
   0.0000E+00
   0.0000E+00
   0.9941E-02
   0.1979E-01
   0.2946E-01
   0.3887E-01
   0.4792E-01
   0.5654E-01
   0.6465E-01
   0.7217E-01
   0.7903E-01
   0.8519E-01
   0.9057E-01
   0.9513E-01
   0.9883E-01
   0.1016E+00
   0.1035E+00
   0.1045E+00
   0.1045E+00
   0.1035E+00
   0.1016E+00
   0.9883E-01
   0.9513E-01
   0.9057E-01
   0.8519E-01
   0.7903E-01
   0.7217E-01
   0.6465E-01
   0.5654E-01
   0.4792E-01
   0.3887E-01
   0.2946E-01
   0.1979E-01
   0.9941E-02
   0.0000E+00
   0.0000E+00
   0.8986E-02
   0.1789E-01
   0.2663E-01
   0.3513E-01
   0.4332E-01
   0.5111E-01
   0.5843E-01
   0.6523E-01
   0.7144E-01
   0.7700E-01
   0.8186E-01
   0.8599E-01
   0.8933E-01
   0.9186E-01
   0.9357E-01
   0.9442E-01
   0.9442E-01
   0.9357E-01
   0.9186E-01
   0.8933E-01
   0.8599E-01
   0.8186E-01
   0.7700E-01
   0.7144E-01
   0.6523E-01
   0.5843E-01
   0.5111E-01
   0.4332E-01
   0.3513E-01
   0.2663E-01
   0.1789E-01
   0.8986E-02
   0.0000E+00
   0.0000E+00
   0.8141E-02
   0.1621E-01
   0.2413E-01
   0.3183E-01
   0.3925E-01
   0.4631E-01
   0.5294E-01
   0.5910E-01
   0.6473E-01
   0.6977E-01
   0.7417E-01
   0.7791E-01
   0.8094E-01
   0.8323E-01
   0.8478E-01
   0.8555E-01
   0.8555E-01
   0.8478E-01
   0.8323E-01
   0.8094E-01
   0.7791E-01
   0.7417E-01
   0.6977E-01
   0.6473E-01
   0.5910E-01
   0.5294E-01
   0.4631E-01
   0.3925E-01
   0.3183E-01
   0.2413E-01
   0.1621E-01
   0.8141E-02
   0.0000E+00
   0.0000E+00
   0.7398E-02
   0.1473E-01
   0.2193E-01
   0.2893E-01
   0.3566E-01
   0.4208E-01
   0.4811E-01
   0.5371E-01
   0.5882E-01
   0.6340E-01
   0.6740E-01
   0.7080E-01
   0.7355E-01
   0.7564E-01
   0.7704E-01
   0.7774E-01
   0.7774E-01
   0.7704E-01
   0.7564E-01
   0.7355E-01
   0.7080E-01
   0.6740E-01
   0.6340E-01
   0.5882E-01
   0.5371E-01
   0.4811E-01
   0.4208E-01
   0.3566E-01
   0.2893E-01
   0.2193E-01
   0.1473E-01
   0.7398E-02
   0.0000E+00
   0.0000E+00
   0.6747E-02
   0.1343E-01
   0.2000E-01
   0.2638E-01
   0.3252E-01
   0.3837E-01
   0.4388E-01
   0.4898E-01
   0.5364E-01
   0.5782E-01
   0.6147E-01
   0.6457E-01
   0.6708E-01
   0.6898E-01
   0.7026E-01
   0.7090E-01
   0.7090E-01
   0.7026E-01
   0.6898E-01
   0.6708E-01
   0.6457E-01
   0.6147E-01
   0.5782E-01
   0.5364E-01
   0.4898E-01
   0.4388E-01
   0.3837E-01
   0.3252E-01
   0.2638E-01
   0.2000E-01
   0.1343E-01
   0.6747E-02
   0.0000E+00
   0.0000E+00
   0.6179E-02
   0.1230E-01
   0.1831E-01
   0.2416E-01
   0.2979E-01
   0.3514E-01
   0.4018E-01
   0.4486E-01
   0.4913E-01
   0.5295E-01
   0.5630E-01
   0.5913E-01
   0.6143E-01
   0.6317E-01
   0.6434E-01
   0.6493E-01
   0.6493E-01
   0.6434E-01
   0.6317E-01
   0.6143E-01
   0.5913E-01
   0.5630E-01
   0.5295E-01
   0.4913E-01
   0.4486E-01
   0.4018E-01
   0.3514E-01
   0.2979E-01
   0.2416E-01
   0.1831E-01
   0.1230E-01
   0.6179E-02
   0.0000E+00
   0.0000E+00
   0.5686E-02
   0.1132E-01
   0.1685E-01
   0.2223E-01
   0.2741E-01
   0.3234E-01
   0.3698E-01
   0.4128E-01
   0.4521E-01
   0.4873E-01
   0.5181E-01
   0.5442E-01
   0.5653E-01
   0.5814E-01
   0.5921E-01
   0.5975E-01
   0.5975E-01
   0.5921E-01
   0.5814E-01
   0.5653E-01
   0.5442E-01
   0.5181E-01
   0.4873E-01
   0.4521E-01
   0.4128E-01
   0.3698E-01
   0.3234E-01
   0.2741E-01
   0.2223E-01
   0.1685E-01
   0.1132E-01
   0.5686E-02
   0.0000E+00
   0.0000E+00
   0.5262E-02
   0.1048E-01
   0.1559E-01
   0.2057E-01
   0.2536E-01
   0.2993E-01
   0.3422E-01
   0.3820E-01
   0.4183E-01
   0.4509E-01
   0.4794E-01
   0.5035E-01
   0.5231E-01
   0.5379E-01
   0.5479E-01
   0.5529E-01
   0.5529E-01
   0.5479E-01
   0.5379E-01
   0.5231E-01
   0.5035E-01
   0.4794E-01
   0.4509E-01
   0.4183E-01
   0.3820E-01
   0.3422E-01
   0.2993E-01
   0.2536E-01
   0.2057E-01
   0.1559E-01
   0.1048E-01
   0.5262E-02
   0.0000E+00
   0.0000E+00
   0.4898E-02
   0.9751E-02
   0.1452E-01
   0.1915E-01
   0.2361E-01
   0.2786E-01
   0.3185E-01
   0.3556E-01
   0.3894E-01
   0.4197E-01
   0.4462E-01
   0.4687E-01
   0.4869E-01
   0.5007E-01
   0.5100E-01
   0.5146E-01
   0.5146E-01
   0.5100E-01
   0.5007E-01
   0.4869E-01
   0.4687E-01
   0.4462E-01
   0.4197E-01
   0.3894E-01
   0.3556E-01
   0.3185E-01
   0.2786E-01
   0.2361E-01
   0.1915E-01
   0.1452E-01
   0.9751E-02
   0.4898E-02
   0.0000E+00
   0.0000E+00
   0.4588E-02
   0.9134E-02
   0.1360E-01
   0.1794E-01
   0.2212E-01
   0.2609E-01
   0.2984E-01
   0.3331E-01
   0.3648E-01
   0.3932E-01
   0.4180E-01
   0.4390E-01
   0.4561E-01
   0.4691E-01
   0.4777E-01
   0.4821E-01
   0.4821E-01
   0.4777E-01
   0.4691E-01
   0.4561E-01
   0.4390E-01
   0.4180E-01
   0.3932E-01
   0.3648E-01
   0.3331E-01
   0.2984E-01
   0.2609E-01
   0.2212E-01
   0.1794E-01
   0.1360E-01
   0.9134E-02
   0.4588E-02
   0.0000E+00
   0.0000E+00
   0.4327E-02
   0.8614E-02
   0.1282E-01
   0.1692E-01
   0.2086E-01
   0.2461E-01
   0.2814E-01
   0.3141E-01
   0.3440E-01
   0.3708E-01
   0.3942E-01
   0.4140E-01
   0.4301E-01
   0.4423E-01
   0.4505E-01
   0.4546E-01
   0.4546E-01
   0.4505E-01
   0.4423E-01
   0.4301E-01
   0.4140E-01
   0.3942E-01
   0.3708E-01
   0.3440E-01
   0.3141E-01
   0.2814E-01
   0.2461E-01
   0.2086E-01
   0.1692E-01
   0.1282E-01
   0.8614E-02
   0.4327E-02
   0.0000E+00
