   0.1085E-01
   0.9350E-02
   0.8072E-02
   0.6993E-02
   0.6094E-02
   0.5357E-02
   0.4766E-02
   0.4305E-02
   0.3961E-02
   0.3721E-02
   0.3573E-02
   0.3507E-02
   0.3513E-02
   0.3584E-02
   0.3711E-02
   0.3888E-02
   0.2159E-01
   0.1861E-01
   0.1607E-01
   0.1392E-01
   0.1213E-01
   0.1067E-01
   0.9488E-02
   0.8571E-02
   0.7886E-02
   0.7407E-02
   0.7113E-02
   0.6982E-02
   0.6995E-02
   0.7136E-02
   0.7389E-02
   0.7741E-02
   0.3215E-01
   0.2771E-01
   0.2392E-01
   0.2073E-01
   0.1806E-01
   0.1588E-01
   0.1413E-01
   0.1276E-01
   0.1174E-01
   0.1103E-01
   0.1059E-01
   0.1039E-01
   0.1041E-01
   0.1062E-01
   0.1100E-01
   0.1152E-01
   0.4241E-01
   0.3656E-01
   0.3156E-01
   0.2734E-01
   0.2383E-01
   0.2095E-01
   0.1863E-01
   0.1683E-01
   0.1549E-01
   0.1455E-01
   0.1397E-01
   0.1371E-01
   0.1374E-01
   0.1401E-01
   0.1451E-01
   0.1520E-01
   0.5228E-01
   0.4507E-01
   0.3891E-01
   0.3371E-01
   0.2938E-01
   0.2582E-01
   0.2297E-01
   0.2075E-01
   0.1909E-01
   0.1794E-01
   0.1722E-01
   0.1690E-01
   0.1694E-01
   0.1728E-01
   0.1789E-01
   0.1874E-01
   0.6169E-01
   0.5318E-01
   0.4591E-01
   0.3977E-01
   0.3466E-01
   0.3047E-01
   0.2711E-01
   0.2449E-01
   0.2253E-01
   0.2116E-01
   0.2032E-01
   0.1995E-01
   0.1998E-01
   0.2039E-01
   0.2111E-01
   0.2211E-01
   0.7053E-01
   0.6080E-01
   0.5249E-01
   0.4548E-01
   0.3963E-01
   0.3484E-01
   0.3099E-01
   0.2800E-01
   0.2576E-01
   0.2420E-01
   0.2323E-01
   0.2280E-01
   0.2285E-01
   0.2331E-01
   0.2414E-01
   0.2528E-01
   0.7874E-01
   0.6788E-01
   0.5860E-01
   0.5077E-01
   0.4424E-01
   0.3889E-01
   0.3460E-01
   0.3125E-01
   0.2875E-01
   0.2701E-01
   0.2594E-01
   0.2546E-01
   0.2551E-01
   0.2602E-01
   0.2694E-01
   0.2823E-01
   0.8623E-01
   0.7433E-01
   0.6418E-01
   0.5560E-01
   0.4845E-01
   0.4259E-01
   0.3789E-01
   0.3423E-01
   0.3149E-01
   0.2958E-01
   0.2840E-01
   0.2788E-01
   0.2793E-01
   0.2850E-01
   0.2951E-01
   0.3091E-01
   0.9294E-01
   0.8012E-01
   0.6917E-01
   0.5993E-01
   0.5222E-01
   0.4591E-01
   0.4084E-01
   0.3689E-01
   0.3394E-01
   0.3188E-01
   0.3062E-01
   0.3005E-01
   0.3011E-01
   0.3071E-01
   0.3180E-01
   0.3332E-01
   0.9881E-01
   0.8518E-01
   0.7354E-01
   0.6371E-01
   0.5552E-01
   0.4881E-01
   0.4342E-01
   0.3922E-01
   0.3609E-01
   0.3390E-01
   0.3255E-01
   0.3195E-01
   0.3201E-01
   0.3265E-01
   0.3381E-01
   0.3542E-01
   0.1038E+00
   0.8947E-01
   0.7725E-01
   0.6692E-01
   0.5832E-01
   0.5126E-01
   0.4561E-01
   0.4120E-01
   0.3790E-01
   0.3560E-01
   0.3419E-01
   0.3356E-01
   0.3362E-01
   0.3430E-01
   0.3552E-01
   0.3721E-01
   0.1078E+00
   0.9295E-01
   0.8025E-01
   0.6952E-01
   0.6058E-01
   0.5326E-01
   0.4738E-01
   0.4280E-01
   0.3938E-01
   0.3699E-01
   0.3552E-01
   0.3486E-01
   0.3493E-01
   0.3563E-01
   0.3690E-01
   0.3865E-01
   0.1109E+00
   0.9559E-01
   0.8253E-01
   0.7150E-01
   0.6230E-01
   0.5477E-01
   0.4872E-01
   0.4401E-01
   0.4049E-01
   0.3804E-01
   0.3653E-01
   0.3585E-01
   0.3592E-01
   0.3664E-01
   0.3794E-01
   0.3975E-01
   0.1129E+00
   0.9736E-01
   0.8405E-01
   0.7282E-01
   0.6346E-01
   0.5578E-01
   0.4963E-01
   0.4483E-01
   0.4124E-01
   0.3874E-01
   0.3720E-01
   0.3652E-01
   0.3659E-01
   0.3732E-01
   0.3865E-01
   0.4049E-01
   0.1140E+00
   0.9825E-01
   0.8482E-01
   0.7349E-01
   0.6404E-01
   0.5629E-01
   0.5008E-01
   0.4524E-01
   0.4162E-01
   0.3910E-01
   0.3754E-01
   0.3685E-01
   0.3692E-01
   0.3766E-01
   0.3900E-01
   0.4086E-01
   0.1140E+00
   0.9825E-01
   0.8482E-01
   0.7349E-01
   0.6404E-01
   0.5629E-01
   0.5008E-01
   0.4524E-01
   0.4162E-01
   0.3910E-01
   0.3754E-01
   0.3685E-01
   0.3692E-01
   0.3766E-01
   0.3900E-01
   0.4086E-01
   0.1129E+00
   0.9736E-01
   0.8405E-01
   0.7282E-01
   0.6346E-01
   0.5578E-01
   0.4963E-01
   0.4483E-01
   0.4124E-01
   0.3874E-01
   0.3720E-01
   0.3652E-01
   0.3659E-01
   0.3732E-01
   0.3865E-01
   0.4049E-01
   0.1109E+00
   0.9559E-01
   0.8253E-01
   0.7150E-01
   0.6230E-01
   0.5477E-01
   0.4872E-01
   0.4401E-01
   0.4049E-01
   0.3804E-01
   0.3653E-01
   0.3585E-01
   0.3592E-01
   0.3664E-01
   0.3794E-01
   0.3975E-01
   0.1078E+00
   0.9295E-01
   0.8025E-01
   0.6952E-01
   0.6058E-01
   0.5326E-01
   0.4738E-01
   0.4280E-01
   0.3938E-01
   0.3699E-01
   0.3552E-01
   0.3486E-01
   0.3493E-01
   0.3563E-01
   0.3690E-01
   0.3865E-01
   0.1038E+00
   0.8947E-01
   0.7725E-01
   0.6692E-01
   0.5832E-01
   0.5126E-01
   0.4561E-01
   0.4120E-01
   0.3790E-01
   0.3560E-01
   0.3419E-01
   0.3356E-01
   0.3362E-01
   0.3430E-01
   0.3552E-01
   0.3721E-01
   0.9881E-01
   0.8518E-01
   0.7354E-01
   0.6371E-01
   0.5552E-01
   0.4881E-01
   0.4342E-01
   0.3922E-01
   0.3609E-01
   0.3390E-01
   0.3255E-01
   0.3195E-01
   0.3201E-01
   0.3265E-01
   0.3381E-01
   0.3542E-01
   0.9294E-01
   0.8012E-01
   0.6917E-01
   0.5993E-01
   0.5222E-01
   0.4591E-01
   0.4084E-01
   0.3689E-01
   0.3394E-01
   0.3188E-01
   0.3062E-01
   0.3005E-01
   0.3011E-01
   0.3071E-01
   0.3180E-01
   0.3332E-01
   0.8623E-01
   0.7433E-01
   0.6418E-01
   0.5560E-01
   0.4845E-01
   0.4259E-01
   0.3789E-01
   0.3423E-01
   0.3149E-01
   0.2958E-01
   0.2840E-01
   0.2788E-01
   0.2793E-01
   0.2850E-01
   0.2951E-01
   0.3091E-01
   0.7874E-01
   0.6788E-01
   0.5860E-01
   0.5077E-01
   0.4424E-01
   0.3889E-01
   0.3460E-01
   0.3125E-01
   0.2875E-01
   0.2701E-01
   0.2594E-01
   0.2546E-01
   0.2551E-01
   0.2602E-01
   0.2694E-01
   0.2823E-01
   0.7053E-01
   0.6080E-01
   0.5249E-01
   0.4548E-01
   0.3963E-01
   0.3484E-01
   0.3099E-01
   0.2800E-01
   0.2576E-01
   0.2420E-01
   0.2323E-01
   0.2280E-01
   0.2285E-01
   0.2331E-01
   0.2414E-01
   0.2528E-01
   0.6169E-01
   0.5318E-01
   0.4591E-01
   0.3977E-01
   0.3466E-01
   0.3047E-01
   0.2711E-01
   0.2449E-01
   0.2253E-01
   0.2116E-01
   0.2032E-01
   0.1995E-01
   0.1998E-01
   0.2039E-01
   0.2111E-01
   0.2211E-01
   0.5228E-01
   0.4507E-01
   0.3891E-01
   0.3371E-01
   0.2938E-01
   0.2582E-01
   0.2297E-01
   0.2075E-01
   0.1909E-01
   0.1794E-01
   0.1722E-01
   0.1690E-01
   0.1694E-01
   0.1728E-01
   0.1789E-01
   0.1874E-01
   0.4241E-01
   0.3656E-01
   0.3156E-01
   0.2734E-01
   0.2383E-01
   0.2095E-01
   0.1863E-01
   0.1683E-01
   0.1549E-01
   0.1455E-01
   0.1397E-01
   0.1371E-01
   0.1374E-01
   0.1401E-01
   0.1451E-01
   0.1520E-01
   0.3215E-01
   0.2771E-01
   0.2392E-01
   0.2073E-01
   0.1806E-01
   0.1588E-01
   0.1413E-01
   0.1276E-01
   0.1174E-01
   0.1103E-01
   0.1059E-01
   0.1039E-01
   0.1041E-01
   0.1062E-01
   0.1100E-01
   0.1152E-01
   0.2159E-01
   0.1861E-01
   0.1607E-01
   0.1392E-01
   0.1213E-01
   0.1067E-01
   0.9488E-02
   0.8571E-02
   0.7886E-02
   0.7407E-02
   0.7113E-02
   0.6982E-02
   0.6995E-02
   0.7136E-02
   0.7389E-02
   0.7741E-02
   0.1085E-01
   0.9350E-02
   0.8072E-02
   0.6993E-02
   0.6094E-02
   0.5357E-02
   0.4766E-02
   0.4305E-02
   0.3961E-02
   0.3721E-02
   0.3573E-02
   0.3507E-02
   0.3513E-02
   0.3584E-02
   0.3711E-02
   0.3888E-02
