   0.0000E+00
   0.9506E-01
   0.1893E+00
   0.2817E+00
   0.3717E+00
   0.4582E+00
   0.5406E+00
   0.6182E+00
   0.6901E+00
   0.7557E+00
   0.8146E+00
   0.8660E+00
   0.9096E+00
   0.9450E+00
   0.9718E+00
   0.9898E+00
   0.9989E+00
   0.9989E+00
   0.9898E+00
   0.9718E+00
   0.9450E+00
   0.9096E+00
   0.8660E+00
   0.8146E+00
   0.7557E+00
   0.6901E+00
   0.6182E+00
   0.5406E+00
   0.4582E+00
   0.3717E+00
   0.2817E+00
   0.1893E+00
   0.9506E-01
  -0.3258E-06
   0.0000E+00
   0.8638E-01
   0.1720E+00
   0.2560E+00
   0.3377E+00
   0.4164E+00
   0.4913E+00
   0.5617E+00
   0.6271E+00
   0.6868E+00
   0.7402E+00
   0.7870E+00
   0.8266E+00
   0.8587E+00
   0.8831E+00
   0.8995E+00
   0.9077E+00
   0.9077E+00
   0.8995E+00
   0.8831E+00
   0.8587E+00
   0.8266E+00
   0.7870E+00
   0.7402E+00
   0.6868E+00
   0.6271E+00
   0.5617E+00
   0.4913E+00
   0.4164E+00
   0.3377E+00
   0.2560E+00
   0.1720E+00
   0.8638E-01
   0.0000E+00
   0.0000E+00
   0.7849E-01
   0.1563E+00
   0.2326E+00
   0.3069E+00
   0.3783E+00
   0.4464E+00
   0.5104E+00
   0.5698E+00
   0.6240E+00
   0.6726E+00
   0.7151E+00
   0.7511E+00
   0.7803E+00
   0.8024E+00
   0.8173E+00
   0.8247E+00
   0.8247E+00
   0.8173E+00
   0.8024E+00
   0.7803E+00
   0.7511E+00
   0.7151E+00
   0.6726E+00
   0.6240E+00
   0.5698E+00
   0.5104E+00
   0.4464E+00
   0.3783E+00
   0.3069E+00
   0.2326E+00
   0.1563E+00
   0.7849E-01
   0.0000E+00
   0.0000E+00
   0.7131E-01
   0.1420E+00
   0.2113E+00
   0.2788E+00
   0.3437E+00
   0.4056E+00
   0.4637E+00
   0.5177E+00
   0.5669E+00
   0.6110E+00
   0.6496E+00
   0.6823E+00
   0.7089E+00
   0.7290E+00
   0.7425E+00
   0.7493E+00
   0.7493E+00
   0.7425E+00
   0.7290E+00
   0.7089E+00
   0.6823E+00
   0.6496E+00
   0.6110E+00
   0.5669E+00
   0.5177E+00
   0.4637E+00
   0.4056E+00
   0.3437E+00
   0.2788E+00
   0.2113E+00
   0.1420E+00
   0.7131E-01
   0.0000E+00
   0.0000E+00
   0.6477E-01
   0.1290E+00
   0.1920E+00
   0.2533E+00
   0.3122E+00
   0.3684E+00
   0.4212E+00
   0.4702E+00
   0.5150E+00
   0.5551E+00
   0.5901E+00
   0.6198E+00
   0.6439E+00
   0.6622E+00
   0.6745E+00
   0.6806E+00
   0.6806E+00
   0.6745E+00
   0.6622E+00
   0.6439E+00
   0.6198E+00
   0.5901E+00
   0.5551E+00
   0.5150E+00
   0.4702E+00
   0.4212E+00
   0.3684E+00
   0.3122E+00
   0.2533E+00
   0.1920E+00
   0.1290E+00
   0.6477E-01
   0.0000E+00
   0.0000E+00
   0.5883E-01
   0.1171E+00
   0.1744E+00
   0.2300E+00
   0.2836E+00
   0.3346E+00
   0.3826E+00
   0.4271E+00
   0.4677E+00
   0.5041E+00
   0.5360E+00
   0.5630E+00
   0.5849E+00
   0.6015E+00
   0.6126E+00
   0.6182E+00
   0.6182E+00
   0.6126E+00
   0.6015E+00
   0.5849E+00
   0.5630E+00
   0.5360E+00
   0.5041E+00
   0.4677E+00
   0.4271E+00
   0.3826E+00
   0.3346E+00
   0.2836E+00
   0.2300E+00
   0.1744E+00
   0.1171E+00
   0.5883E-01
   0.0000E+00
   0.0000E+00
   0.5343E-01
   0.1064E+00
   0.1583E+00
   0.2089E+00
   0.2575E+00
   0.3039E+00
   0.3474E+00
   0.3879E+00
   0.4248E+00
   0.4578E+00
   0.4867E+00
   0.5113E+00
   0.5311E+00
   0.5462E+00
   0.5563E+00
   0.5614E+00
   0.5614E+00
   0.5563E+00
   0.5462E+00
   0.5311E+00
   0.5113E+00
   0.4867E+00
   0.4578E+00
   0.4248E+00
   0.3879E+00
   0.3474E+00
   0.3039E+00
   0.2575E+00
   0.2089E+00
   0.1583E+00
   0.1064E+00
   0.5343E-01
   0.0000E+00
   0.0000E+00
   0.4851E-01
   0.9658E-01
   0.1438E+00
   0.1897E+00
   0.2338E+00
   0.2759E+00
   0.3155E+00
   0.3522E+00
   0.3857E+00
   0.4157E+00
   0.4420E+00
   0.4642E+00
   0.4823E+00
   0.4959E+00
   0.5051E+00
   0.5098E+00
   0.5098E+00
   0.5051E+00
   0.4959E+00
   0.4823E+00
   0.4642E+00
   0.4420E+00
   0.4157E+00
   0.3857E+00
   0.3522E+00
   0.3155E+00
   0.2759E+00
   0.2338E+00
   0.1897E+00
   0.1438E+00
   0.9658E-01
   0.4851E-01
   0.0000E+00
   0.0000E+00
   0.4404E-01
   0.8768E-01
   0.1305E+00
   0.1722E+00
   0.2123E+00
   0.2505E+00
   0.2864E+00
   0.3197E+00
   0.3501E+00
   0.3774E+00
   0.4012E+00
   0.4214E+00
   0.4378E+00
   0.4502E+00
   0.4586E+00
   0.4628E+00
   0.4628E+00
   0.4586E+00
   0.4502E+00
   0.4378E+00
   0.4214E+00
   0.4012E+00
   0.3774E+00
   0.3501E+00
   0.3197E+00
   0.2864E+00
   0.2505E+00
   0.2123E+00
   0.1722E+00
   0.1305E+00
   0.8768E-01
   0.4404E-01
   0.0000E+00
   0.0000E+00
   0.3997E-01
   0.7959E-01
   0.1185E+00
   0.1563E+00
   0.1927E+00
   0.2274E+00
   0.2600E+00
   0.2902E+00
   0.3178E+00
   0.3426E+00
   0.3642E+00
   0.3825E+00
   0.3974E+00
   0.4087E+00
   0.4163E+00
   0.4201E+00
   0.4201E+00
   0.4163E+00
   0.4087E+00
   0.3974E+00
   0.3825E+00
   0.3642E+00
   0.3426E+00
   0.3178E+00
   0.2902E+00
   0.2600E+00
   0.2274E+00
   0.1927E+00
   0.1563E+00
   0.1185E+00
   0.7959E-01
   0.3997E-01
   0.0000E+00
   0.0000E+00
   0.3628E-01
   0.7223E-01
   0.1075E+00
   0.1418E+00
   0.1749E+00
   0.2063E+00
   0.2359E+00
   0.2634E+00
   0.2884E+00
   0.3109E+00
   0.3305E+00
   0.3472E+00
   0.3607E+00
   0.3709E+00
   0.3778E+00
   0.3812E+00
   0.3812E+00
   0.3778E+00
   0.3709E+00
   0.3607E+00
   0.3472E+00
   0.3305E+00
   0.3109E+00
   0.2884E+00
   0.2634E+00
   0.2359E+00
   0.2063E+00
   0.1749E+00
   0.1418E+00
   0.1075E+00
   0.7223E-01
   0.3628E-01
   0.0000E+00
   0.0000E+00
   0.3292E-01
   0.6554E-01
   0.9757E-01
   0.1287E+00
   0.1587E+00
   0.1872E+00
   0.2141E+00
   0.2390E+00
   0.2617E+00
   0.2821E+00
   0.2999E+00
   0.3150E+00
   0.3273E+00
   0.3366E+00
   0.3428E+00
   0.3459E+00
   0.3459E+00
   0.3428E+00
   0.3366E+00
   0.3273E+00
   0.3150E+00
   0.2999E+00
   0.2821E+00
   0.2617E+00
   0.2390E+00
   0.2141E+00
   0.1872E+00
   0.1587E+00
   0.1287E+00
   0.9757E-01
   0.6554E-01
   0.3292E-01
   0.0000E+00
   0.0000E+00
   0.2987E-01
   0.5946E-01
   0.8852E-01
   0.1168E+00
   0.1440E+00
   0.1699E+00
   0.1942E+00
   0.2168E+00
   0.2375E+00
   0.2559E+00
   0.2721E+00
   0.2858E+00
   0.2969E+00
   0.3053E+00
   0.3110E+00
   0.3138E+00
   0.3138E+00
   0.3110E+00
   0.3053E+00
   0.2969E+00
   0.2858E+00
   0.2721E+00
   0.2559E+00
   0.2375E+00
   0.2168E+00
   0.1942E+00
   0.1699E+00
   0.1440E+00
   0.1168E+00
   0.8852E-01
   0.5946E-01
   0.2987E-01
   0.0000E+00
   0.0000E+00
   0.2709E-01
   0.5394E-01
   0.8030E-01
   0.1059E+00
   0.1306E+00
   0.1541E+00
   0.1762E+00
   0.1967E+00
   0.2154E+00
   0.2322E+00
   0.2468E+00
   0.2593E+00
   0.2694E+00
   0.2770E+00
   0.2821E+00
   0.2847E+00
   0.2847E+00
   0.2821E+00
   0.2770E+00
   0.2694E+00
   0.2593E+00
   0.2468E+00
   0.2322E+00
   0.2154E+00
   0.1967E+00
   0.1762E+00
   0.1541E+00
   0.1306E+00
   0.1059E+00
   0.8030E-01
   0.5394E-01
   0.2709E-01
   0.0000E+00
   0.0000E+00
   0.2458E-01
   0.4893E-01
   0.7284E-01
   0.9609E-01
   0.1185E+00
   0.1398E+00
   0.1598E+00
   0.1784E+00
   0.1954E+00
   0.2106E+00
   0.2239E+00
   0.2352E+00
   0.2443E+00
   0.2512E+00
   0.2559E+00
   0.2582E+00
   0.2582E+00
   0.2559E+00
   0.2512E+00
   0.2443E+00
   0.2352E+00
   0.2239E+00
   0.2106E+00
   0.1954E+00
   0.1784E+00
   0.1598E+00
   0.1398E+00
   0.1185E+00
   0.9609E-01
   0.7284E-01
   0.4893E-01
   0.2458E-01
   0.0000E+00
   0.0000E+00
   0.2229E-01
   0.4437E-01
   0.6606E-01
   0.8715E-01
   0.1074E+00
   0.1268E+00
   0.1449E+00
   0.1618E+00
   0.1772E+00
   0.1910E+00
   0.2031E+00
   0.2133E+00
   0.2216E+00
   0.2279E+00
   0.2321E+00
   0.2342E+00
   0.2342E+00
   0.2321E+00
   0.2279E+00
   0.2216E+00
   0.2133E+00
   0.2031E+00
   0.1910E+00
   0.1772E+00
   0.1618E+00
   0.1449E+00
   0.1268E+00
   0.1074E+00
   0.8715E-01
   0.6606E-01
   0.4437E-01
   0.2229E-01
   0.0000E+00
   0.0000E+00
   0.2021E-01
   0.4024E-01
   0.5991E-01
   0.7903E-01
   0.9744E-01
   0.1150E+00
   0.1314E+00
   0.1467E+00
   0.1607E+00
   0.1732E+00
   0.1842E+00
   0.1934E+00
   0.2009E+00
   0.2066E+00
   0.2105E+00
   0.2124E+00
   0.2124E+00
   0.2105E+00
   0.2066E+00
   0.2009E+00
   0.1934E+00
   0.1842E+00
   0.1732E+00
   0.1607E+00
   0.1467E+00
   0.1314E+00
   0.1150E+00
   0.9744E-01
   0.7903E-01
   0.5991E-01
   0.4024E-01
   0.2021E-01
   0.0000E+00
   0.0000E+00
   0.1833E-01
   0.3649E-01
   0.5433E-01
   0.7167E-01
   0.8836E-01
   0.1043E+00
   0.1192E+00
   0.1331E+00
   0.1457E+00
   0.1571E+00
   0.1670E+00
   0.1754E+00
   0.1822E+00
   0.1874E+00
   0.1909E+00
   0.1926E+00
   0.1926E+00
   0.1909E+00
   0.1874E+00
   0.1822E+00
   0.1754E+00
   0.1670E+00
   0.1571E+00
   0.1457E+00
   0.1331E+00
   0.1192E+00
   0.1043E+00
   0.8836E-01
   0.7167E-01
   0.5433E-01
   0.3649E-01
   0.1833E-01
   0.0000E+00
