   0.0000E+00
   0.8638E-01
   0.1720E+00
   0.2560E+00
   0.3377E+00
   0.4164E+00
   0.4913E+00
   0.5617E+00
   0.6271E+00
   0.6868E+00
   0.7402E+00
   0.7870E+00
   0.8266E+00
   0.8587E+00
   0.8831E+00
   0.8995E+00
   0.9077E+00
   0.9077E+00
   0.8995E+00
   0.8831E+00
   0.8587E+00
   0.8266E+00
   0.7870E+00
   0.7402E+00
   0.6868E+00
   0.6271E+00
   0.5617E+00
   0.4913E+00
   0.4164E+00
   0.3377E+00
   0.2560E+00
   0.1720E+00
   0.8638E-01
   0.0000E+00
   0.0000E+00
   0.7849E-01
   0.1563E+00
   0.2326E+00
   0.3069E+00
   0.3783E+00
   0.4464E+00
   0.5104E+00
   0.5698E+00
   0.6240E+00
   0.6726E+00
   0.7151E+00
   0.7511E+00
   0.7803E+00
   0.8024E+00
   0.8173E+00
   0.8247E+00
   0.8247E+00
   0.8173E+00
   0.8024E+00
   0.7803E+00
   0.7511E+00
   0.7151E+00
   0.6726E+00
   0.6240E+00
   0.5698E+00
   0.5104E+00
   0.4464E+00
   0.3783E+00
   0.3069E+00
   0.2326E+00
   0.1563E+00
   0.7849E-01
   0.0000E+00
   0.0000E+00
   0.7131E-01
   0.1420E+00
   0.2113E+00
   0.2788E+00
   0.3437E+00
   0.4056E+00
   0.4637E+00
   0.5177E+00
   0.5669E+00
   0.6110E+00
   0.6496E+00
   0.6823E+00
   0.7089E+00
   0.7290E+00
   0.7425E+00
   0.7493E+00
   0.7493E+00
   0.7425E+00
   0.7290E+00
   0.7089E+00
   0.6823E+00
   0.6496E+00
   0.6110E+00
   0.5669E+00
   0.5177E+00
   0.4637E+00
   0.4056E+00
   0.3437E+00
   0.2788E+00
   0.2113E+00
   0.1420E+00
   0.7131E-01
   0.0000E+00
   0.0000E+00
   0.6477E-01
   0.1290E+00
   0.1920E+00
   0.2533E+00
   0.3122E+00
   0.3684E+00
   0.4212E+00
   0.4702E+00
   0.5150E+00
   0.5551E+00
   0.5901E+00
   0.6198E+00
   0.6439E+00
   0.6622E+00
   0.6745E+00
   0.6806E+00
   0.6806E+00
   0.6745E+00
   0.6622E+00
   0.6439E+00
   0.6198E+00
   0.5901E+00
   0.5551E+00
   0.5150E+00
   0.4702E+00
   0.4212E+00
   0.3684E+00
   0.3122E+00
   0.2533E+00
   0.1920E+00
   0.1290E+00
   0.6477E-01
   0.0000E+00
   0.0000E+00
   0.5883E-01
   0.1171E+00
   0.1744E+00
   0.2300E+00
   0.2836E+00
   0.3346E+00
   0.3826E+00
   0.4271E+00
   0.4677E+00
   0.5041E+00
   0.5360E+00
   0.5630E+00
   0.5849E+00
   0.6015E+00
   0.6126E+00
   0.6182E+00
   0.6182E+00
   0.6126E+00
   0.6015E+00
   0.5849E+00
   0.5630E+00
   0.5360E+00
   0.5041E+00
   0.4677E+00
   0.4271E+00
   0.3826E+00
   0.3346E+00
   0.2836E+00
   0.2300E+00
   0.1744E+00
   0.1171E+00
   0.5883E-01
   0.0000E+00
   0.0000E+00
   0.5343E-01
   0.1064E+00
   0.1583E+00
   0.2089E+00
   0.2575E+00
   0.3039E+00
   0.3474E+00
   0.3879E+00
   0.4248E+00
   0.4578E+00
   0.4867E+00
   0.5113E+00
   0.5311E+00
   0.5462E+00
   0.5563E+00
   0.5614E+00
   0.5614E+00
   0.5563E+00
   0.5462E+00
   0.5311E+00
   0.5113E+00
   0.4867E+00
   0.4578E+00
   0.4248E+00
   0.3879E+00
   0.3474E+00
   0.3039E+00
   0.2575E+00
   0.2089E+00
   0.1583E+00
   0.1064E+00
   0.5343E-01
   0.0000E+00
   0.0000E+00
   0.4851E-01
   0.9658E-01
   0.1438E+00
   0.1897E+00
   0.2338E+00
   0.2759E+00
   0.3155E+00
   0.3522E+00
   0.3857E+00
   0.4157E+00
   0.4420E+00
   0.4642E+00
   0.4823E+00
   0.4959E+00
   0.5051E+00
   0.5098E+00
   0.5098E+00
   0.5051E+00
   0.4959E+00
   0.4823E+00
   0.4642E+00
   0.4420E+00
   0.4157E+00
   0.3857E+00
   0.3522E+00
   0.3155E+00
   0.2759E+00
   0.2338E+00
   0.1897E+00
   0.1438E+00
   0.9658E-01
   0.4851E-01
   0.0000E+00
   0.0000E+00
   0.4404E-01
   0.8768E-01
   0.1305E+00
   0.1722E+00
   0.2123E+00
   0.2505E+00
   0.2864E+00
   0.3197E+00
   0.3501E+00
   0.3774E+00
   0.4012E+00
   0.4214E+00
   0.4378E+00
   0.4502E+00
   0.4586E+00
   0.4628E+00
   0.4628E+00
   0.4586E+00
   0.4502E+00
   0.4378E+00
   0.4214E+00
   0.4012E+00
   0.3774E+00
   0.3501E+00
   0.3197E+00
   0.2864E+00
   0.2505E+00
   0.2123E+00
   0.1722E+00
   0.1305E+00
   0.8768E-01
   0.4404E-01
   0.0000E+00
   0.0000E+00
   0.3997E-01
   0.7959E-01
   0.1185E+00
   0.1563E+00
   0.1927E+00
   0.2274E+00
   0.2600E+00
   0.2902E+00
   0.3178E+00
   0.3426E+00
   0.3642E+00
   0.3825E+00
   0.3974E+00
   0.4087E+00
   0.4163E+00
   0.4201E+00
   0.4201E+00
   0.4163E+00
   0.4087E+00
   0.3974E+00
   0.3825E+00
   0.3642E+00
   0.3426E+00
   0.3178E+00
   0.2902E+00
   0.2600E+00
   0.2274E+00
   0.1927E+00
   0.1563E+00
   0.1185E+00
   0.7959E-01
   0.3997E-01
   0.0000E+00
   0.0000E+00
   0.3628E-01
   0.7223E-01
   0.1075E+00
   0.1418E+00
   0.1749E+00
   0.2063E+00
   0.2359E+00
   0.2634E+00
   0.2884E+00
   0.3109E+00
   0.3305E+00
   0.3472E+00
   0.3607E+00
   0.3709E+00
   0.3778E+00
   0.3812E+00
   0.3812E+00
   0.3778E+00
   0.3709E+00
   0.3607E+00
   0.3472E+00
   0.3305E+00
   0.3109E+00
   0.2884E+00
   0.2634E+00
   0.2359E+00
   0.2063E+00
   0.1749E+00
   0.1418E+00
   0.1075E+00
   0.7223E-01
   0.3628E-01
   0.0000E+00
   0.0000E+00
   0.3292E-01
   0.6554E-01
   0.9757E-01
   0.1287E+00
   0.1587E+00
   0.1872E+00
   0.2141E+00
   0.2390E+00
   0.2617E+00
   0.2821E+00
   0.2999E+00
   0.3150E+00
   0.3273E+00
   0.3366E+00
   0.3428E+00
   0.3459E+00
   0.3459E+00
   0.3428E+00
   0.3366E+00
   0.3273E+00
   0.3150E+00
   0.2999E+00
   0.2821E+00
   0.2617E+00
   0.2390E+00
   0.2141E+00
   0.1872E+00
   0.1587E+00
   0.1287E+00
   0.9757E-01
   0.6554E-01
   0.3292E-01
   0.0000E+00
   0.0000E+00
   0.2987E-01
   0.5946E-01
   0.8852E-01
   0.1168E+00
   0.1440E+00
   0.1699E+00
   0.1942E+00
   0.2168E+00
   0.2375E+00
   0.2559E+00
   0.2721E+00
   0.2858E+00
   0.2969E+00
   0.3053E+00
   0.3110E+00
   0.3138E+00
   0.3138E+00
   0.3110E+00
   0.3053E+00
   0.2969E+00
   0.2858E+00
   0.2721E+00
   0.2559E+00
   0.2375E+00
   0.2168E+00
   0.1942E+00
   0.1699E+00
   0.1440E+00
   0.1168E+00
   0.8852E-01
   0.5946E-01
   0.2987E-01
   0.0000E+00
   0.0000E+00
   0.2709E-01
   0.5394E-01
   0.8030E-01
   0.1059E+00
   0.1306E+00
   0.1541E+00
   0.1762E+00
   0.1967E+00
   0.2154E+00
   0.2322E+00
   0.2468E+00
   0.2593E+00
   0.2694E+00
   0.2770E+00
   0.2821E+00
   0.2847E+00
   0.2847E+00
   0.2821E+00
   0.2770E+00
   0.2694E+00
   0.2593E+00
   0.2468E+00
   0.2322E+00
   0.2154E+00
   0.1967E+00
   0.1762E+00
   0.1541E+00
   0.1306E+00
   0.1059E+00
   0.8030E-01
   0.5394E-01
   0.2709E-01
   0.0000E+00
   0.0000E+00
   0.2458E-01
   0.4893E-01
   0.7284E-01
   0.9609E-01
   0.1185E+00
   0.1398E+00
   0.1598E+00
   0.1784E+00
   0.1954E+00
   0.2106E+00
   0.2239E+00
   0.2352E+00
   0.2443E+00
   0.2512E+00
   0.2559E+00
   0.2582E+00
   0.2582E+00
   0.2559E+00
   0.2512E+00
   0.2443E+00
   0.2352E+00
   0.2239E+00
   0.2106E+00
   0.1954E+00
   0.1784E+00
   0.1598E+00
   0.1398E+00
   0.1185E+00
   0.9609E-01
   0.7284E-01
   0.4893E-01
   0.2458E-01
   0.0000E+00
   0.0000E+00
   0.2229E-01
   0.4437E-01
   0.6606E-01
   0.8715E-01
   0.1074E+00
   0.1268E+00
   0.1449E+00
   0.1618E+00
   0.1772E+00
   0.1910E+00
   0.2031E+00
   0.2133E+00
   0.2216E+00
   0.2279E+00
   0.2321E+00
   0.2342E+00
   0.2342E+00
   0.2321E+00
   0.2279E+00
   0.2216E+00
   0.2133E+00
   0.2031E+00
   0.1910E+00
   0.1772E+00
   0.1618E+00
   0.1449E+00
   0.1268E+00
   0.1074E+00
   0.8715E-01
   0.6606E-01
   0.4437E-01
   0.2229E-01
   0.0000E+00
   0.0000E+00
   0.2021E-01
   0.4024E-01
   0.5991E-01
   0.7903E-01
   0.9744E-01
   0.1150E+00
   0.1314E+00
   0.1467E+00
   0.1607E+00
   0.1732E+00
   0.1842E+00
   0.1934E+00
   0.2009E+00
   0.2066E+00
   0.2105E+00
   0.2124E+00
   0.2124E+00
   0.2105E+00
   0.2066E+00
   0.2009E+00
   0.1934E+00
   0.1842E+00
   0.1732E+00
   0.1607E+00
   0.1467E+00
   0.1314E+00
   0.1150E+00
   0.9744E-01
   0.7903E-01
   0.5991E-01
   0.4024E-01
   0.2021E-01
   0.0000E+00
   0.0000E+00
   0.1833E-01
   0.3649E-01
   0.5433E-01
   0.7167E-01
   0.8836E-01
   0.1043E+00
   0.1192E+00
   0.1331E+00
   0.1457E+00
   0.1571E+00
   0.1670E+00
   0.1754E+00
   0.1822E+00
   0.1874E+00
   0.1909E+00
   0.1926E+00
   0.1926E+00
   0.1909E+00
   0.1874E+00
   0.1822E+00
   0.1754E+00
   0.1670E+00
   0.1571E+00
   0.1457E+00
   0.1331E+00
   0.1192E+00
   0.1043E+00
   0.8836E-01
   0.7167E-01
   0.5433E-01
   0.3649E-01
   0.1833E-01
   0.0000E+00
   0.0000E+00
   0.1662E-01
   0.3310E-01
   0.4927E-01
   0.6499E-01
   0.8013E-01
   0.9454E-01
   0.1081E+00
   0.1207E+00
   0.1322E+00
   0.1424E+00
   0.1514E+00
   0.1591E+00
   0.1653E+00
   0.1699E+00
   0.1731E+00
   0.1747E+00
   0.1747E+00
   0.1731E+00
   0.1699E+00
   0.1653E+00
   0.1591E+00
   0.1514E+00
   0.1424E+00
   0.1322E+00
   0.1207E+00
   0.1081E+00
   0.9454E-01
   0.8013E-01
   0.6499E-01
   0.4927E-01
   0.3310E-01
   0.1662E-01
   0.0000E+00
   0.0000E+00
   0.1508E-01
   0.3002E-01
   0.4468E-01
   0.5895E-01
   0.7268E-01
   0.8575E-01
   0.9804E-01
   0.1094E+00
   0.1199E+00
   0.1292E+00
   0.1374E+00
   0.1443E+00
   0.1499E+00
   0.1541E+00
   0.1570E+00
   0.1584E+00
   0.1584E+00
   0.1570E+00
   0.1541E+00
   0.1499E+00
   0.1443E+00
   0.1374E+00
   0.1292E+00
   0.1199E+00
   0.1094E+00
   0.9804E-01
   0.8575E-01
   0.7268E-01
   0.5895E-01
   0.4468E-01
   0.3002E-01
   0.1508E-01
   0.0000E+00
   0.0000E+00
   0.1367E-01
   0.2723E-01
   0.4053E-01
   0.5347E-01
   0.6592E-01
   0.7778E-01
   0.8893E-01
   0.9928E-01
   0.1087E+00
   0.1172E+00
   0.1246E+00
   0.1309E+00
   0.1359E+00
   0.1398E+00
   0.1424E+00
   0.1437E+00
   0.1437E+00
   0.1424E+00
   0.1398E+00
   0.1359E+00
   0.1309E+00
   0.1246E+00
   0.1172E+00
   0.1087E+00
   0.9928E-01
   0.8893E-01
   0.7778E-01
   0.6592E-01
   0.5347E-01
   0.4053E-01
   0.2723E-01
   0.1367E-01
   0.0000E+00
   0.0000E+00
   0.1241E-01
   0.2470E-01
   0.3677E-01
   0.4851E-01
   0.5981E-01
   0.7056E-01
   0.8068E-01
   0.9007E-01
   0.9864E-01
   0.1063E+00
   0.1130E+00
   0.1187E+00
   0.1233E+00
   0.1268E+00
   0.1292E+00
   0.1304E+00
   0.1304E+00
   0.1292E+00
   0.1268E+00
   0.1233E+00
   0.1187E+00
   0.1130E+00
   0.1063E+00
   0.9864E-01
   0.9007E-01
   0.8068E-01
   0.7056E-01
   0.5981E-01
   0.4851E-01
   0.3677E-01
   0.2470E-01
   0.1241E-01
   0.0000E+00
   0.0000E+00
   0.1126E-01
   0.2242E-01
   0.3337E-01
   0.4402E-01
   0.5428E-01
   0.6404E-01
   0.7322E-01
   0.8174E-01
   0.8952E-01
   0.9649E-01
   0.1026E+00
   0.1077E+00
   0.1119E+00
   0.1151E+00
   0.1172E+00
   0.1183E+00
   0.1183E+00
   0.1172E+00
   0.1151E+00
   0.1119E+00
   0.1077E+00
   0.1026E+00
   0.9649E-01
   0.8952E-01
   0.8174E-01
   0.7322E-01
   0.6404E-01
   0.5428E-01
   0.4402E-01
   0.3337E-01
   0.2242E-01
   0.1126E-01
   0.0000E+00
   0.0000E+00
   0.1022E-01
   0.2035E-01
   0.3030E-01
   0.3997E-01
   0.4928E-01
   0.5814E-01
   0.6648E-01
   0.7422E-01
   0.8128E-01
   0.8760E-01
   0.9314E-01
   0.9783E-01
   0.1016E+00
   0.1045E+00
   0.1065E+00
   0.1074E+00
   0.1074E+00
   0.1065E+00
   0.1045E+00
   0.1016E+00
   0.9783E-01
   0.9314E-01
   0.8760E-01
   0.8128E-01
   0.7422E-01
   0.6648E-01
   0.5814E-01
   0.4928E-01
   0.3997E-01
   0.3030E-01
   0.2035E-01
   0.1022E-01
   0.0000E+00
   0.0000E+00
   0.9287E-02
   0.1849E-01
   0.2752E-01
   0.3631E-01
   0.4477E-01
   0.5282E-01
   0.6039E-01
   0.6742E-01
   0.7383E-01
   0.7958E-01
   0.8461E-01
   0.8887E-01
   0.9232E-01
   0.9494E-01
   0.9670E-01
   0.9759E-01
   0.9759E-01
   0.9670E-01
   0.9494E-01
   0.9232E-01
   0.8887E-01
   0.8461E-01
   0.7958E-01
   0.7383E-01
   0.6742E-01
   0.6039E-01
   0.5282E-01
   0.4477E-01
   0.3631E-01
   0.2752E-01
   0.1849E-01
   0.9287E-02
   0.0000E+00
   0.0000E+00
   0.8442E-02
   0.1681E-01
   0.2502E-01
   0.3301E-01
   0.4069E-01
   0.4801E-01
   0.5490E-01
   0.6128E-01
   0.6712E-01
   0.7234E-01
   0.7691E-01
   0.8078E-01
   0.8392E-01
   0.8630E-01
   0.8790E-01
   0.8871E-01
   0.8871E-01
   0.8790E-01
   0.8630E-01
   0.8392E-01
   0.8078E-01
   0.7691E-01
   0.7234E-01
   0.6712E-01
   0.6128E-01
   0.5490E-01
   0.4801E-01
   0.4069E-01
   0.3301E-01
   0.2502E-01
   0.1681E-01
   0.8442E-02
   0.0000E+00
   0.0000E+00
   0.7680E-02
   0.1529E-01
   0.2276E-01
   0.3003E-01
   0.3702E-01
   0.4368E-01
   0.4994E-01
   0.5575E-01
   0.6106E-01
   0.6581E-01
   0.6997E-01
   0.7349E-01
   0.7635E-01
   0.7851E-01
   0.7997E-01
   0.8070E-01
   0.8070E-01
   0.7997E-01
   0.7851E-01
   0.7635E-01
   0.7349E-01
   0.6997E-01
   0.6581E-01
   0.6106E-01
   0.5575E-01
   0.4994E-01
   0.4368E-01
   0.3702E-01
   0.3003E-01
   0.2276E-01
   0.1529E-01
   0.7680E-02
   0.0000E+00
   0.0000E+00
   0.6993E-02
   0.1392E-01
   0.2073E-01
   0.2734E-01
   0.3371E-01
   0.3978E-01
   0.4548E-01
   0.5077E-01
   0.5560E-01
   0.5993E-01
   0.6371E-01
   0.6692E-01
   0.6952E-01
   0.7150E-01
   0.7282E-01
   0.7349E-01
   0.7349E-01
   0.7282E-01
   0.7150E-01
   0.6952E-01
   0.6692E-01
   0.6371E-01
   0.5993E-01
   0.5560E-01
   0.5077E-01
   0.4548E-01
   0.3978E-01
   0.3371E-01
   0.2734E-01
   0.2073E-01
   0.1392E-01
   0.6993E-02
   0.0000E+00
   0.0000E+00
   0.6376E-02
   0.1269E-01
   0.1890E-01
   0.2493E-01
   0.3073E-01
   0.3626E-01
   0.4146E-01
   0.4628E-01
   0.5069E-01
   0.5463E-01
   0.5809E-01
   0.6101E-01
   0.6338E-01
   0.6518E-01
   0.6639E-01
   0.6700E-01
   0.6700E-01
   0.6639E-01
   0.6518E-01
   0.6338E-01
   0.6101E-01
   0.5809E-01
   0.5463E-01
   0.5069E-01
   0.4628E-01
   0.4146E-01
   0.3626E-01
   0.3073E-01
   0.2493E-01
   0.1890E-01
   0.1269E-01
   0.6376E-02
   0.0000E+00
   0.0000E+00
   0.5820E-02
   0.1159E-01
   0.1725E-01
   0.2275E-01
   0.2805E-01
   0.3310E-01
   0.3785E-01
   0.4225E-01
   0.4627E-01
   0.4987E-01
   0.5302E-01
   0.5569E-01
   0.5786E-01
   0.5950E-01
   0.6060E-01
   0.6116E-01
   0.6116E-01
   0.6060E-01
   0.5950E-01
   0.5786E-01
   0.5569E-01
   0.5302E-01
   0.4987E-01
   0.4627E-01
   0.4225E-01
   0.3785E-01
   0.3310E-01
   0.2805E-01
   0.2275E-01
   0.1725E-01
   0.1159E-01
   0.5820E-02
   0.0000E+00
   0.0000E+00
   0.5320E-02
   0.1059E-01
   0.1577E-01
   0.2080E-01
   0.2565E-01
   0.3026E-01
   0.3460E-01
   0.3862E-01
   0.4230E-01
   0.4559E-01
   0.4847E-01
   0.5091E-01
   0.5289E-01
   0.5439E-01
   0.5540E-01
   0.5591E-01
   0.5591E-01
   0.5540E-01
   0.5439E-01
   0.5289E-01
   0.5091E-01
   0.4847E-01
   0.4559E-01
   0.4230E-01
   0.3862E-01
   0.3460E-01
   0.3026E-01
   0.2565E-01
   0.2080E-01
   0.1577E-01
   0.1059E-01
   0.5320E-02
   0.0000E+00
   0.0000E+00
   0.4872E-02
   0.9699E-02
   0.1444E-01
   0.1905E-01
   0.2348E-01
   0.2771E-01
   0.3168E-01
   0.3537E-01
   0.3873E-01
   0.4175E-01
   0.4438E-01
   0.4662E-01
   0.4843E-01
   0.4981E-01
   0.5073E-01
   0.5119E-01
   0.5119E-01
   0.5073E-01
   0.4981E-01
   0.4843E-01
   0.4662E-01
   0.4438E-01
   0.4175E-01
   0.3873E-01
   0.3537E-01
   0.3168E-01
   0.2771E-01
   0.2348E-01
   0.1905E-01
   0.1444E-01
   0.9699E-02
   0.4872E-02
   0.0000E+00
   0.0000E+00
   0.4469E-02
   0.8898E-02
   0.1325E-01
   0.1747E-01
   0.2154E-01
   0.2542E-01
   0.2906E-01
   0.3244E-01
   0.3553E-01
   0.3830E-01
   0.4072E-01
   0.4277E-01
   0.4443E-01
   0.4569E-01
   0.4654E-01
   0.4696E-01
   0.4696E-01
   0.4654E-01
   0.4569E-01
   0.4443E-01
   0.4277E-01
   0.4072E-01
   0.3830E-01
   0.3553E-01
   0.3244E-01
   0.2906E-01
   0.2542E-01
   0.2154E-01
   0.1747E-01
   0.1325E-01
   0.8898E-02
   0.4469E-02
   0.0000E+00
