   0.9792E-02
   0.9329E-02
   0.8889E-02
   0.8469E-02
   0.8069E-02
   0.7687E-02
   0.7324E-02
   0.6978E-02
   0.6649E-02
   0.6335E-02
   0.6036E-02
   0.5751E-02
   0.5479E-02
   0.5220E-02
   0.4974E-02
   0.4739E-02
   0.4516E-02
   0.4302E-02
   0.4100E-02
   0.3906E-02
   0.3722E-02
   0.3547E-02
   0.3380E-02
   0.3220E-02
   0.3069E-02
   0.2924E-02
   0.2787E-02
   0.2656E-02
   0.2531E-02
   0.2412E-02
   0.2299E-02
   0.2191E-02
   0.1956E-01
   0.1864E-01
   0.1776E-01
   0.1692E-01
   0.1612E-01
   0.1536E-01
   0.1463E-01
   0.1394E-01
   0.1328E-01
   0.1265E-01
   0.1206E-01
   0.1149E-01
   0.1095E-01
   0.1043E-01
   0.9936E-02
   0.9467E-02
   0.9021E-02
   0.8595E-02
   0.8190E-02
   0.7803E-02
   0.7435E-02
   0.7085E-02
   0.6751E-02
   0.6433E-02
   0.6130E-02
   0.5842E-02
   0.5567E-02
   0.5305E-02
   0.5056E-02
   0.4818E-02
   0.4592E-02
   0.4376E-02
   0.2928E-01
   0.2790E-01
   0.2658E-01
   0.2533E-01
   0.2413E-01
   0.2299E-01
   0.2190E-01
   0.2087E-01
   0.1988E-01
   0.1894E-01
   0.1805E-01
   0.1720E-01
   0.1639E-01
   0.1561E-01
   0.1488E-01
   0.1417E-01
   0.1350E-01
   0.1287E-01
   0.1226E-01
   0.1168E-01
   0.1113E-01
   0.1061E-01
   0.1011E-01
   0.9631E-02
   0.9177E-02
   0.8745E-02
   0.8334E-02
   0.7942E-02
   0.7569E-02
   0.7213E-02
   0.6874E-02
   0.6551E-02
   0.3894E-01
   0.3710E-01
   0.3535E-01
   0.3368E-01
   0.3209E-01
   0.3057E-01
   0.2913E-01
   0.2775E-01
   0.2644E-01
   0.2519E-01
   0.2400E-01
   0.2287E-01
   0.2179E-01
   0.2076E-01
   0.1978E-01
   0.1885E-01
   0.1796E-01
   0.1711E-01
   0.1630E-01
   0.1553E-01
   0.1480E-01
   0.1410E-01
   0.1344E-01
   0.1281E-01
   0.1220E-01
   0.1163E-01
   0.1108E-01
   0.1056E-01
   0.1006E-01
   0.9591E-02
   0.9140E-02
   0.8711E-02
   0.4850E-01
   0.4621E-01
   0.4403E-01
   0.4195E-01
   0.3997E-01
   0.3808E-01
   0.3628E-01
   0.3457E-01
   0.3293E-01
   0.3138E-01
   0.2990E-01
   0.2848E-01
   0.2714E-01
   0.2586E-01
   0.2464E-01
   0.2348E-01
   0.2237E-01
   0.2131E-01
   0.2031E-01
   0.1935E-01
   0.1844E-01
   0.1757E-01
   0.1674E-01
   0.1595E-01
   0.1520E-01
   0.1448E-01
   0.1380E-01
   0.1315E-01
   0.1254E-01
   0.1195E-01
   0.1139E-01
   0.1085E-01
   0.5795E-01
   0.5522E-01
   0.5261E-01
   0.5012E-01
   0.4775E-01
   0.4550E-01
   0.4335E-01
   0.4130E-01
   0.3935E-01
   0.3749E-01
   0.3572E-01
   0.3403E-01
   0.3243E-01
   0.3090E-01
   0.2944E-01
   0.2805E-01
   0.2673E-01
   0.2546E-01
   0.2426E-01
   0.2312E-01
   0.2203E-01
   0.2099E-01
   0.2000E-01
   0.1906E-01
   0.1816E-01
   0.1731E-01
   0.1649E-01
   0.1572E-01
   0.1498E-01
   0.1427E-01
   0.1360E-01
   0.1297E-01
   0.6727E-01
   0.6409E-01
   0.6106E-01
   0.5818E-01
   0.5543E-01
   0.5281E-01
   0.5032E-01
   0.4794E-01
   0.4568E-01
   0.4352E-01
   0.4146E-01
   0.3951E-01
   0.3764E-01
   0.3586E-01
   0.3417E-01
   0.3256E-01
   0.3102E-01
   0.2956E-01
   0.2816E-01
   0.2684E-01
   0.2557E-01
   0.2436E-01
   0.2322E-01
   0.2212E-01
   0.2108E-01
   0.2009E-01
   0.1914E-01
   0.1824E-01
   0.1739E-01
   0.1657E-01
   0.1579E-01
   0.1505E-01
   0.7643E-01
   0.7282E-01
   0.6938E-01
   0.6610E-01
   0.6298E-01
   0.6000E-01
   0.5717E-01
   0.5447E-01
   0.5189E-01
   0.4944E-01
   0.4711E-01
   0.4488E-01
   0.4276E-01
   0.4075E-01
   0.3882E-01
   0.3699E-01
   0.3524E-01
   0.3358E-01
   0.3200E-01
   0.3049E-01
   0.2905E-01
   0.2768E-01
   0.2638E-01
   0.2514E-01
   0.2395E-01
   0.2282E-01
   0.2175E-01
   0.2073E-01
   0.1975E-01
   0.1882E-01
   0.1794E-01
   0.1710E-01
   0.8541E-01
   0.8137E-01
   0.7753E-01
   0.7387E-01
   0.7038E-01
   0.6705E-01
   0.6388E-01
   0.6087E-01
   0.5799E-01
   0.5525E-01
   0.5264E-01
   0.5016E-01
   0.4779E-01
   0.4553E-01
   0.4338E-01
   0.4134E-01
   0.3939E-01
   0.3753E-01
   0.3576E-01
   0.3407E-01
   0.3246E-01
   0.3093E-01
   0.2948E-01
   0.2809E-01
   0.2677E-01
   0.2551E-01
   0.2431E-01
   0.2316E-01
   0.2207E-01
   0.2104E-01
   0.2005E-01
   0.1911E-01
   0.9419E-01
   0.8974E-01
   0.8550E-01
   0.8146E-01
   0.7761E-01
   0.7394E-01
   0.7045E-01
   0.6712E-01
   0.6395E-01
   0.6093E-01
   0.5806E-01
   0.5531E-01
   0.5270E-01
   0.5021E-01
   0.4784E-01
   0.4559E-01
   0.4343E-01
   0.4139E-01
   0.3943E-01
   0.3757E-01
   0.3580E-01
   0.3411E-01
   0.3251E-01
   0.3098E-01
   0.2952E-01
   0.2813E-01
   0.2680E-01
   0.2554E-01
   0.2434E-01
   0.2320E-01
   0.2211E-01
   0.2107E-01
   0.1027E+00
   0.9789E-01
   0.9327E-01
   0.8886E-01
   0.8466E-01
   0.8067E-01
   0.7685E-01
   0.7322E-01
   0.6977E-01
   0.6647E-01
   0.6333E-01
   0.6034E-01
   0.5749E-01
   0.5478E-01
   0.5219E-01
   0.4973E-01
   0.4738E-01
   0.4515E-01
   0.4302E-01
   0.4099E-01
   0.3906E-01
   0.3722E-01
   0.3546E-01
   0.3379E-01
   0.3220E-01
   0.3068E-01
   0.2924E-01
   0.2787E-01
   0.2656E-01
   0.2531E-01
   0.2412E-01
   0.2299E-01
   0.1111E+00
   0.1058E+00
   0.1008E+00
   0.9606E-01
   0.9152E-01
   0.8720E-01
   0.8308E-01
   0.7915E-01
   0.7542E-01
   0.7185E-01
   0.6846E-01
   0.6523E-01
   0.6215E-01
   0.5921E-01
   0.5642E-01
   0.5376E-01
   0.5122E-01
   0.4880E-01
   0.4650E-01
   0.4431E-01
   0.4222E-01
   0.4023E-01
   0.3833E-01
   0.3653E-01
   0.3481E-01
   0.3317E-01
   0.3161E-01
   0.3012E-01
   0.2871E-01
   0.2736E-01
   0.2607E-01
   0.2485E-01
   0.1191E+00
   0.1135E+00
   0.1081E+00
   0.1030E+00
   0.9816E-01
   0.9353E-01
   0.8911E-01
   0.8490E-01
   0.8089E-01
   0.7707E-01
   0.7343E-01
   0.6996E-01
   0.6666E-01
   0.6351E-01
   0.6051E-01
   0.5766E-01
   0.5494E-01
   0.5234E-01
   0.4988E-01
   0.4752E-01
   0.4528E-01
   0.4315E-01
   0.4112E-01
   0.3918E-01
   0.3733E-01
   0.3558E-01
   0.3390E-01
   0.3231E-01
   0.3079E-01
   0.2934E-01
   0.2796E-01
   0.2665E-01
   0.1269E+00
   0.1209E+00
   0.1152E+00
   0.1098E+00
   0.1046E+00
   0.9964E-01
   0.9493E-01
   0.9044E-01
   0.8617E-01
   0.8210E-01
   0.7823E-01
   0.7453E-01
   0.7101E-01
   0.6766E-01
   0.6447E-01
   0.6142E-01
   0.5853E-01
   0.5576E-01
   0.5313E-01
   0.5063E-01
   0.4824E-01
   0.4597E-01
   0.4380E-01
   0.4174E-01
   0.3977E-01
   0.3790E-01
   0.3612E-01
   0.3442E-01
   0.3280E-01
   0.3126E-01
   0.2979E-01
   0.2839E-01
   0.1344E+00
   0.1280E+00
   0.1220E+00
   0.1162E+00
   0.1107E+00
   0.1055E+00
   0.1005E+00
   0.9578E-01
   0.9126E-01
   0.8695E-01
   0.8284E-01
   0.7893E-01
   0.7520E-01
   0.7165E-01
   0.6827E-01
   0.6505E-01
   0.6198E-01
   0.5905E-01
   0.5627E-01
   0.5361E-01
   0.5109E-01
   0.4868E-01
   0.4639E-01
   0.4420E-01
   0.4212E-01
   0.4014E-01
   0.3825E-01
   0.3645E-01
   0.3474E-01
   0.3310E-01
   0.3155E-01
   0.3007E-01
   0.1416E+00
   0.1349E+00
   0.1285E+00
   0.1224E+00
   0.1167E+00
   0.1111E+00
   0.1059E+00
   0.1009E+00
   0.9613E-01
   0.9159E-01
   0.8726E-01
   0.8314E-01
   0.7921E-01
   0.7548E-01
   0.7191E-01
   0.6852E-01
   0.6529E-01
   0.6221E-01
   0.5927E-01
   0.5648E-01
   0.5381E-01
   0.5128E-01
   0.4886E-01
   0.4656E-01
   0.4437E-01
   0.4228E-01
   0.4029E-01
   0.3839E-01
   0.3659E-01
   0.3487E-01
   0.3323E-01
   0.3167E-01
   0.1484E+00
   0.1414E+00
   0.1347E+00
   0.1284E+00
   0.1223E+00
   0.1165E+00
   0.1110E+00
   0.1058E+00
   0.1008E+00
   0.9601E-01
   0.9148E-01
   0.8716E-01
   0.8304E-01
   0.7912E-01
   0.7539E-01
   0.7183E-01
   0.6844E-01
   0.6521E-01
   0.6214E-01
   0.5921E-01
   0.5641E-01
   0.5376E-01
   0.5122E-01
   0.4881E-01
   0.4651E-01
   0.4432E-01
   0.4224E-01
   0.4025E-01
   0.3836E-01
   0.3655E-01
   0.3484E-01
   0.3320E-01
   0.1549E+00
   0.1476E+00
   0.1406E+00
   0.1340E+00
   0.1276E+00
   0.1216E+00
   0.1159E+00
   0.1104E+00
   0.1052E+00
   0.1002E+00
   0.9548E-01
   0.9097E-01
   0.8668E-01
   0.8259E-01
   0.7869E-01
   0.7497E-01
   0.7144E-01
   0.6807E-01
   0.6485E-01
   0.6180E-01
   0.5888E-01
   0.5611E-01
   0.5346E-01
   0.5095E-01
   0.4855E-01
   0.4626E-01
   0.4408E-01
   0.4201E-01
   0.4004E-01
   0.3815E-01
   0.3636E-01
   0.3466E-01
   0.1610E+00
   0.1534E+00
   0.1462E+00
   0.1393E+00
   0.1327E+00
   0.1264E+00
   0.1205E+00
   0.1148E+00
   0.1093E+00
   0.1042E+00
   0.9926E-01
   0.9457E-01
   0.9011E-01
   0.8586E-01
   0.8180E-01
   0.7794E-01
   0.7426E-01
   0.7076E-01
   0.6742E-01
   0.6424E-01
   0.6121E-01
   0.5833E-01
   0.5558E-01
   0.5296E-01
   0.5047E-01
   0.4809E-01
   0.4583E-01
   0.4367E-01
   0.4162E-01
   0.3967E-01
   0.3780E-01
   0.3603E-01
   0.1668E+00
   0.1589E+00
   0.1514E+00
   0.1443E+00
   0.1374E+00
   0.1309E+00
   0.1248E+00
   0.1189E+00
   0.1133E+00
   0.1079E+00
   0.1028E+00
   0.9796E-01
   0.9333E-01
   0.8892E-01
   0.8473E-01
   0.8073E-01
   0.7692E-01
   0.7329E-01
   0.6983E-01
   0.6654E-01
   0.6340E-01
   0.6041E-01
   0.5757E-01
   0.5486E-01
   0.5227E-01
   0.4981E-01
   0.4747E-01
   0.4524E-01
   0.4311E-01
   0.4108E-01
   0.3915E-01
   0.3732E-01
   0.1722E+00
   0.1640E+00
   0.1563E+00
   0.1489E+00
   0.1419E+00
   0.1352E+00
   0.1288E+00
   0.1227E+00
   0.1169E+00
   0.1114E+00
   0.1061E+00
   0.1011E+00
   0.9633E-01
   0.9179E-01
   0.8745E-01
   0.8333E-01
   0.7939E-01
   0.7565E-01
   0.7208E-01
   0.6868E-01
   0.6544E-01
   0.6236E-01
   0.5942E-01
   0.5662E-01
   0.5396E-01
   0.5142E-01
   0.4900E-01
   0.4669E-01
   0.4450E-01
   0.4241E-01
   0.4041E-01
   0.3852E-01
   0.1771E+00
   0.1688E+00
   0.1608E+00
   0.1532E+00
   0.1460E+00
   0.1391E+00
   0.1325E+00
   0.1262E+00
   0.1203E+00
   0.1146E+00
   0.1092E+00
   0.1040E+00
   0.9911E-01
   0.9443E-01
   0.8998E-01
   0.8573E-01
   0.8168E-01
   0.7783E-01
   0.7416E-01
   0.7066E-01
   0.6733E-01
   0.6416E-01
   0.6113E-01
   0.5825E-01
   0.5551E-01
   0.5290E-01
   0.5041E-01
   0.4804E-01
   0.4578E-01
   0.4363E-01
   0.4158E-01
   0.3963E-01
   0.1817E+00
   0.1731E+00
   0.1649E+00
   0.1571E+00
   0.1497E+00
   0.1426E+00
   0.1359E+00
   0.1295E+00
   0.1234E+00
   0.1175E+00
   0.1120E+00
   0.1067E+00
   0.1017E+00
   0.9686E-01
   0.9229E-01
   0.8793E-01
   0.8378E-01
   0.7983E-01
   0.7606E-01
   0.7248E-01
   0.6906E-01
   0.6581E-01
   0.6271E-01
   0.5975E-01
   0.5694E-01
   0.5426E-01
   0.5170E-01
   0.4927E-01
   0.4696E-01
   0.4475E-01
   0.4265E-01
   0.4065E-01
   0.1858E+00
   0.1770E+00
   0.1687E+00
   0.1607E+00
   0.1531E+00
   0.1459E+00
   0.1390E+00
   0.1324E+00
   0.1262E+00
   0.1202E+00
   0.1145E+00
   0.1091E+00
   0.1040E+00
   0.9906E-01
   0.9438E-01
   0.8993E-01
   0.8569E-01
   0.8164E-01
   0.7779E-01
   0.7412E-01
   0.7063E-01
   0.6730E-01
   0.6413E-01
   0.6111E-01
   0.5823E-01
   0.5549E-01
   0.5288E-01
   0.5039E-01
   0.4802E-01
   0.4577E-01
   0.4362E-01
   0.4157E-01
   0.1895E+00
   0.1806E+00
   0.1720E+00
   0.1639E+00
   0.1562E+00
   0.1488E+00
   0.1417E+00
   0.1351E+00
   0.1287E+00
   0.1226E+00
   0.1168E+00
   0.1113E+00
   0.1060E+00
   0.1010E+00
   0.9626E-01
   0.9172E-01
   0.8739E-01
   0.8327E-01
   0.7934E-01
   0.7560E-01
   0.7203E-01
   0.6864E-01
   0.6540E-01
   0.6232E-01
   0.5939E-01
   0.5659E-01
   0.5393E-01
   0.5139E-01
   0.4898E-01
   0.4668E-01
   0.4448E-01
   0.4240E-01
   0.1928E+00
   0.1836E+00
   0.1750E+00
   0.1667E+00
   0.1588E+00
   0.1513E+00
   0.1442E+00
   0.1374E+00
   0.1309E+00
   0.1247E+00
   0.1188E+00
   0.1132E+00
   0.1079E+00
   0.1028E+00
   0.9791E-01
   0.9329E-01
   0.8889E-01
   0.8470E-01
   0.8070E-01
   0.7689E-01
   0.7327E-01
   0.6982E-01
   0.6653E-01
   0.6339E-01
   0.6041E-01
   0.5756E-01
   0.5486E-01
   0.5228E-01
   0.4982E-01
   0.4748E-01
   0.4525E-01
   0.4312E-01
   0.1956E+00
   0.1863E+00
   0.1775E+00
   0.1691E+00
   0.1611E+00
   0.1535E+00
   0.1463E+00
   0.1394E+00
   0.1328E+00
   0.1265E+00
   0.1205E+00
   0.1148E+00
   0.1094E+00
   0.1043E+00
   0.9933E-01
   0.9465E-01
   0.9018E-01
   0.8593E-01
   0.8187E-01
   0.7801E-01
   0.7433E-01
   0.7083E-01
   0.6749E-01
   0.6431E-01
   0.6129E-01
   0.5840E-01
   0.5565E-01
   0.5303E-01
   0.5054E-01
   0.4817E-01
   0.4590E-01
   0.4375E-01
   0.1979E+00
   0.1885E+00
   0.1796E+00
   0.1712E+00
   0.1631E+00
   0.1554E+00
   0.1480E+00
   0.1410E+00
   0.1344E+00
   0.1280E+00
   0.1220E+00
   0.1162E+00
   0.1107E+00
   0.1055E+00
   0.1005E+00
   0.9578E-01
   0.9126E-01
   0.8696E-01
   0.8285E-01
   0.7895E-01
   0.7523E-01
   0.7168E-01
   0.6830E-01
   0.6508E-01
   0.6202E-01
   0.5910E-01
   0.5632E-01
   0.5367E-01
   0.5115E-01
   0.4874E-01
   0.4645E-01
   0.4427E-01
   0.1998E+00
   0.1903E+00
   0.1814E+00
   0.1728E+00
   0.1646E+00
   0.1568E+00
   0.1494E+00
   0.1424E+00
   0.1357E+00
   0.1292E+00
   0.1231E+00
   0.1173E+00
   0.1118E+00
   0.1065E+00
   0.1015E+00
   0.9669E-01
   0.9213E-01
   0.8778E-01
   0.8364E-01
   0.7970E-01
   0.7594E-01
   0.7236E-01
   0.6895E-01
   0.6570E-01
   0.6261E-01
   0.5966E-01
   0.5686E-01
   0.5418E-01
   0.5163E-01
   0.4921E-01
   0.4690E-01
   0.4469E-01
   0.2012E+00
   0.1917E+00
   0.1826E+00
   0.1740E+00
   0.1658E+00
   0.1580E+00
   0.1505E+00
   0.1434E+00
   0.1366E+00
   0.1302E+00
   0.1240E+00
   0.1182E+00
   0.1126E+00
   0.1073E+00
   0.1022E+00
   0.9738E-01
   0.9278E-01
   0.8840E-01
   0.8423E-01
   0.8026E-01
   0.7648E-01
   0.7287E-01
   0.6944E-01
   0.6617E-01
   0.6305E-01
   0.6009E-01
   0.5726E-01
   0.5456E-01
   0.5200E-01
   0.4956E-01
   0.4723E-01
   0.4501E-01
   0.2021E+00
   0.1926E+00
   0.1835E+00
   0.1748E+00
   0.1666E+00
   0.1587E+00
   0.1512E+00
   0.1441E+00
   0.1373E+00
   0.1308E+00
   0.1246E+00
   0.1187E+00
   0.1131E+00
   0.1078E+00
   0.1027E+00
   0.9783E-01
   0.9322E-01
   0.8882E-01
   0.8463E-01
   0.8064E-01
   0.7684E-01
   0.7322E-01
   0.6977E-01
   0.6648E-01
   0.6335E-01
   0.6037E-01
   0.5753E-01
   0.5482E-01
   0.5224E-01
   0.4979E-01
   0.4745E-01
   0.4522E-01
   0.2026E+00
   0.1930E+00
   0.1839E+00
   0.1752E+00
   0.1670E+00
   0.1591E+00
   0.1516E+00
   0.1444E+00
   0.1376E+00
   0.1311E+00
   0.1249E+00
   0.1190E+00
   0.1134E+00
   0.1080E+00
   0.1029E+00
   0.9806E-01
   0.9344E-01
   0.8903E-01
   0.8483E-01
   0.8083E-01
   0.7702E-01
   0.7339E-01
   0.6993E-01
   0.6664E-01
   0.6350E-01
   0.6051E-01
   0.5766E-01
   0.5495E-01
   0.5237E-01
   0.4991E-01
   0.4756E-01
   0.4533E-01
   0.2026E+00
   0.1930E+00
   0.1839E+00
   0.1752E+00
   0.1670E+00
   0.1591E+00
   0.1516E+00
   0.1444E+00
   0.1376E+00
   0.1311E+00
   0.1249E+00
   0.1190E+00
   0.1134E+00
   0.1080E+00
   0.1029E+00
   0.9806E-01
   0.9344E-01
   0.8903E-01
   0.8483E-01
   0.8083E-01
   0.7702E-01
   0.7339E-01
   0.6993E-01
   0.6664E-01
   0.6350E-01
   0.6051E-01
   0.5766E-01
   0.5495E-01
   0.5237E-01
   0.4991E-01
   0.4756E-01
   0.4533E-01
   0.2021E+00
   0.1926E+00
   0.1835E+00
   0.1748E+00
   0.1666E+00
   0.1587E+00
   0.1512E+00
   0.1441E+00
   0.1373E+00
   0.1308E+00
   0.1246E+00
   0.1187E+00
   0.1131E+00
   0.1078E+00
   0.1027E+00
   0.9783E-01
   0.9322E-01
   0.8882E-01
   0.8463E-01
   0.8064E-01
   0.7684E-01
   0.7322E-01
   0.6977E-01
   0.6648E-01
   0.6335E-01
   0.6037E-01
   0.5753E-01
   0.5482E-01
   0.5224E-01
   0.4979E-01
   0.4745E-01
   0.4522E-01
   0.2012E+00
   0.1917E+00
   0.1826E+00
   0.1740E+00
   0.1658E+00
   0.1580E+00
   0.1505E+00
   0.1434E+00
   0.1366E+00
   0.1302E+00
   0.1240E+00
   0.1182E+00
   0.1126E+00
   0.1073E+00
   0.1022E+00
   0.9738E-01
   0.9278E-01
   0.8840E-01
   0.8423E-01
   0.8026E-01
   0.7648E-01
   0.7287E-01
   0.6944E-01
   0.6617E-01
   0.6305E-01
   0.6009E-01
   0.5726E-01
   0.5456E-01
   0.5200E-01
   0.4956E-01
   0.4723E-01
   0.4501E-01
   0.1998E+00
   0.1903E+00
   0.1814E+00
   0.1728E+00
   0.1646E+00
   0.1568E+00
   0.1494E+00
   0.1424E+00
   0.1357E+00
   0.1292E+00
   0.1231E+00
   0.1173E+00
   0.1118E+00
   0.1065E+00
   0.1015E+00
   0.9669E-01
   0.9213E-01
   0.8778E-01
   0.8364E-01
   0.7970E-01
   0.7594E-01
   0.7236E-01
   0.6895E-01
   0.6570E-01
   0.6261E-01
   0.5966E-01
   0.5686E-01
   0.5418E-01
   0.5163E-01
   0.4921E-01
   0.4690E-01
   0.4469E-01
   0.1979E+00
   0.1885E+00
   0.1796E+00
   0.1712E+00
   0.1631E+00
   0.1554E+00
   0.1480E+00
   0.1410E+00
   0.1344E+00
   0.1280E+00
   0.1220E+00
   0.1162E+00
   0.1107E+00
   0.1055E+00
   0.1005E+00
   0.9578E-01
   0.9126E-01
   0.8696E-01
   0.8285E-01
   0.7895E-01
   0.7523E-01
   0.7168E-01
   0.6830E-01
   0.6508E-01
   0.6202E-01
   0.5910E-01
   0.5632E-01
   0.5367E-01
   0.5115E-01
   0.4874E-01
   0.4645E-01
   0.4427E-01
   0.1956E+00
   0.1863E+00
   0.1775E+00
   0.1691E+00
   0.1611E+00
   0.1535E+00
   0.1463E+00
   0.1394E+00
   0.1328E+00
   0.1265E+00
   0.1205E+00
   0.1148E+00
   0.1094E+00
   0.1043E+00
   0.9933E-01
   0.9465E-01
   0.9018E-01
   0.8593E-01
   0.8187E-01
   0.7801E-01
   0.7433E-01
   0.7083E-01
   0.6749E-01
   0.6431E-01
   0.6129E-01
   0.5840E-01
   0.5565E-01
   0.5303E-01
   0.5054E-01
   0.4817E-01
   0.4590E-01
   0.4375E-01
   0.1928E+00
   0.1836E+00
   0.1750E+00
   0.1667E+00
   0.1588E+00
   0.1513E+00
   0.1442E+00
   0.1374E+00
   0.1309E+00
   0.1247E+00
   0.1188E+00
   0.1132E+00
   0.1079E+00
   0.1028E+00
   0.9791E-01
   0.9329E-01
   0.8889E-01
   0.8470E-01
   0.8070E-01
   0.7689E-01
   0.7327E-01
   0.6982E-01
   0.6653E-01
   0.6339E-01
   0.6041E-01
   0.5756E-01
   0.5486E-01
   0.5228E-01
   0.4982E-01
   0.4748E-01
   0.4525E-01
   0.4312E-01
   0.1895E+00
   0.1806E+00
   0.1720E+00
   0.1639E+00
   0.1562E+00
   0.1488E+00
   0.1417E+00
   0.1351E+00
   0.1287E+00
   0.1226E+00
   0.1168E+00
   0.1113E+00
   0.1060E+00
   0.1010E+00
   0.9626E-01
   0.9172E-01
   0.8739E-01
   0.8327E-01
   0.7934E-01
   0.7560E-01
   0.7203E-01
   0.6864E-01
   0.6540E-01
   0.6232E-01
   0.5939E-01
   0.5659E-01
   0.5393E-01
   0.5139E-01
   0.4898E-01
   0.4668E-01
   0.4448E-01
   0.4240E-01
   0.1858E+00
   0.1770E+00
   0.1687E+00
   0.1607E+00
   0.1531E+00
   0.1459E+00
   0.1390E+00
   0.1324E+00
   0.1262E+00
   0.1202E+00
   0.1145E+00
   0.1091E+00
   0.1040E+00
   0.9906E-01
   0.9438E-01
   0.8993E-01
   0.8569E-01
   0.8164E-01
   0.7779E-01
   0.7412E-01
   0.7063E-01
   0.6730E-01
   0.6413E-01
   0.6111E-01
   0.5823E-01
   0.5549E-01
   0.5288E-01
   0.5039E-01
   0.4802E-01
   0.4577E-01
   0.4362E-01
   0.4157E-01
   0.1817E+00
   0.1731E+00
   0.1649E+00
   0.1571E+00
   0.1497E+00
   0.1426E+00
   0.1359E+00
   0.1295E+00
   0.1234E+00
   0.1175E+00
   0.1120E+00
   0.1067E+00
   0.1017E+00
   0.9686E-01
   0.9229E-01
   0.8793E-01
   0.8378E-01
   0.7983E-01
   0.7606E-01
   0.7248E-01
   0.6906E-01
   0.6581E-01
   0.6271E-01
   0.5975E-01
   0.5694E-01
   0.5426E-01
   0.5170E-01
   0.4927E-01
   0.4696E-01
   0.4475E-01
   0.4265E-01
   0.4065E-01
   0.1771E+00
   0.1688E+00
   0.1608E+00
   0.1532E+00
   0.1460E+00
   0.1391E+00
   0.1325E+00
   0.1262E+00
   0.1203E+00
   0.1146E+00
   0.1092E+00
   0.1040E+00
   0.9911E-01
   0.9443E-01
   0.8998E-01
   0.8573E-01
   0.8168E-01
   0.7783E-01
   0.7416E-01
   0.7066E-01
   0.6733E-01
   0.6416E-01
   0.6113E-01
   0.5825E-01
   0.5551E-01
   0.5290E-01
   0.5041E-01
   0.4804E-01
   0.4578E-01
   0.4363E-01
   0.4158E-01
   0.3963E-01
   0.1722E+00
   0.1640E+00
   0.1563E+00
   0.1489E+00
   0.1419E+00
   0.1352E+00
   0.1288E+00
   0.1227E+00
   0.1169E+00
   0.1114E+00
   0.1061E+00
   0.1011E+00
   0.9633E-01
   0.9179E-01
   0.8745E-01
   0.8333E-01
   0.7939E-01
   0.7565E-01
   0.7208E-01
   0.6868E-01
   0.6544E-01
   0.6236E-01
   0.5942E-01
   0.5662E-01
   0.5396E-01
   0.5142E-01
   0.4900E-01
   0.4669E-01
   0.4450E-01
   0.4241E-01
   0.4041E-01
   0.3852E-01
   0.1668E+00
   0.1589E+00
   0.1514E+00
   0.1443E+00
   0.1374E+00
   0.1309E+00
   0.1248E+00
   0.1189E+00
   0.1133E+00
   0.1079E+00
   0.1028E+00
   0.9796E-01
   0.9333E-01
   0.8892E-01
   0.8473E-01
   0.8073E-01
   0.7692E-01
   0.7329E-01
   0.6983E-01
   0.6654E-01
   0.6340E-01
   0.6041E-01
   0.5757E-01
   0.5486E-01
   0.5227E-01
   0.4981E-01
   0.4747E-01
   0.4524E-01
   0.4311E-01
   0.4108E-01
   0.3915E-01
   0.3732E-01
   0.1610E+00
   0.1534E+00
   0.1462E+00
   0.1393E+00
   0.1327E+00
   0.1264E+00
   0.1205E+00
   0.1148E+00
   0.1093E+00
   0.1042E+00
   0.9926E-01
   0.9457E-01
   0.9011E-01
   0.8586E-01
   0.8180E-01
   0.7794E-01
   0.7426E-01
   0.7076E-01
   0.6742E-01
   0.6424E-01
   0.6121E-01
   0.5833E-01
   0.5558E-01
   0.5296E-01
   0.5047E-01
   0.4809E-01
   0.4583E-01
   0.4367E-01
   0.4162E-01
   0.3967E-01
   0.3780E-01
   0.3603E-01
   0.1549E+00
   0.1476E+00
   0.1406E+00
   0.1340E+00
   0.1276E+00
   0.1216E+00
   0.1159E+00
   0.1104E+00
   0.1052E+00
   0.1002E+00
   0.9548E-01
   0.9097E-01
   0.8668E-01
   0.8259E-01
   0.7869E-01
   0.7497E-01
   0.7144E-01
   0.6807E-01
   0.6485E-01
   0.6180E-01
   0.5888E-01
   0.5611E-01
   0.5346E-01
   0.5095E-01
   0.4855E-01
   0.4626E-01
   0.4408E-01
   0.4201E-01
   0.4004E-01
   0.3815E-01
   0.3636E-01
   0.3466E-01
   0.1484E+00
   0.1414E+00
   0.1347E+00
   0.1284E+00
   0.1223E+00
   0.1165E+00
   0.1110E+00
   0.1058E+00
   0.1008E+00
   0.9601E-01
   0.9148E-01
   0.8716E-01
   0.8304E-01
   0.7912E-01
   0.7539E-01
   0.7183E-01
   0.6844E-01
   0.6521E-01
   0.6214E-01
   0.5921E-01
   0.5641E-01
   0.5376E-01
   0.5122E-01
   0.4881E-01
   0.4651E-01
   0.4432E-01
   0.4224E-01
   0.4025E-01
   0.3836E-01
   0.3655E-01
   0.3484E-01
   0.3320E-01
   0.1416E+00
   0.1349E+00
   0.1285E+00
   0.1224E+00
   0.1167E+00
   0.1111E+00
   0.1059E+00
   0.1009E+00
   0.9613E-01
   0.9159E-01
   0.8726E-01
   0.8314E-01
   0.7921E-01
   0.7548E-01
   0.7191E-01
   0.6852E-01
   0.6529E-01
   0.6221E-01
   0.5927E-01
   0.5648E-01
   0.5381E-01
   0.5128E-01
   0.4886E-01
   0.4656E-01
   0.4437E-01
   0.4228E-01
   0.4029E-01
   0.3839E-01
   0.3659E-01
   0.3487E-01
   0.3323E-01
   0.3167E-01
   0.1344E+00
   0.1280E+00
   0.1220E+00
   0.1162E+00
   0.1107E+00
   0.1055E+00
   0.1005E+00
   0.9578E-01
   0.9126E-01
   0.8695E-01
   0.8284E-01
   0.7893E-01
   0.7520E-01
   0.7165E-01
   0.6827E-01
   0.6505E-01
   0.6198E-01
   0.5905E-01
   0.5627E-01
   0.5361E-01
   0.5109E-01
   0.4868E-01
   0.4639E-01
   0.4420E-01
   0.4212E-01
   0.4014E-01
   0.3825E-01
   0.3645E-01
   0.3474E-01
   0.3310E-01
   0.3155E-01
   0.3007E-01
   0.1269E+00
   0.1209E+00
   0.1152E+00
   0.1098E+00
   0.1046E+00
   0.9964E-01
   0.9493E-01
   0.9044E-01
   0.8617E-01
   0.8210E-01
   0.7823E-01
   0.7453E-01
   0.7101E-01
   0.6766E-01
   0.6447E-01
   0.6142E-01
   0.5853E-01
   0.5576E-01
   0.5313E-01
   0.5063E-01
   0.4824E-01
   0.4597E-01
   0.4380E-01
   0.4174E-01
   0.3977E-01
   0.3790E-01
   0.3612E-01
   0.3442E-01
   0.3280E-01
   0.3126E-01
   0.2979E-01
   0.2839E-01
   0.1191E+00
   0.1135E+00
   0.1081E+00
   0.1030E+00
   0.9816E-01
   0.9353E-01
   0.8911E-01
   0.8490E-01
   0.8089E-01
   0.7707E-01
   0.7343E-01
   0.6996E-01
   0.6666E-01
   0.6351E-01
   0.6051E-01
   0.5766E-01
   0.5494E-01
   0.5234E-01
   0.4988E-01
   0.4752E-01
   0.4528E-01
   0.4315E-01
   0.4112E-01
   0.3918E-01
   0.3733E-01
   0.3558E-01
   0.3390E-01
   0.3231E-01
   0.3079E-01
   0.2934E-01
   0.2796E-01
   0.2665E-01
   0.1111E+00
   0.1058E+00
   0.1008E+00
   0.9606E-01
   0.9152E-01
   0.8720E-01
   0.8308E-01
   0.7915E-01
   0.7542E-01
   0.7185E-01
   0.6846E-01
   0.6523E-01
   0.6215E-01
   0.5921E-01
   0.5642E-01
   0.5376E-01
   0.5122E-01
   0.4880E-01
   0.4650E-01
   0.4431E-01
   0.4222E-01
   0.4023E-01
   0.3833E-01
   0.3653E-01
   0.3481E-01
   0.3317E-01
   0.3161E-01
   0.3012E-01
   0.2871E-01
   0.2736E-01
   0.2607E-01
   0.2485E-01
   0.1027E+00
   0.9789E-01
   0.9327E-01
   0.8886E-01
   0.8466E-01
   0.8067E-01
   0.7685E-01
   0.7322E-01
   0.6977E-01
   0.6647E-01
   0.6333E-01
   0.6034E-01
   0.5749E-01
   0.5478E-01
   0.5219E-01
   0.4973E-01
   0.4738E-01
   0.4515E-01
   0.4302E-01
   0.4099E-01
   0.3906E-01
   0.3722E-01
   0.3546E-01
   0.3379E-01
   0.3220E-01
   0.3068E-01
   0.2924E-01
   0.2787E-01
   0.2656E-01
   0.2531E-01
   0.2412E-01
   0.2299E-01
   0.9419E-01
   0.8974E-01
   0.8550E-01
   0.8146E-01
   0.7761E-01
   0.7394E-01
   0.7045E-01
   0.6712E-01
   0.6395E-01
   0.6093E-01
   0.5806E-01
   0.5531E-01
   0.5270E-01
   0.5021E-01
   0.4784E-01
   0.4559E-01
   0.4343E-01
   0.4139E-01
   0.3943E-01
   0.3757E-01
   0.3580E-01
   0.3411E-01
   0.3251E-01
   0.3098E-01
   0.2952E-01
   0.2813E-01
   0.2680E-01
   0.2554E-01
   0.2434E-01
   0.2320E-01
   0.2211E-01
   0.2107E-01
   0.8541E-01
   0.8137E-01
   0.7753E-01
   0.7387E-01
   0.7038E-01
   0.6705E-01
   0.6388E-01
   0.6087E-01
   0.5799E-01
   0.5525E-01
   0.5264E-01
   0.5016E-01
   0.4779E-01
   0.4553E-01
   0.4338E-01
   0.4134E-01
   0.3939E-01
   0.3753E-01
   0.3576E-01
   0.3407E-01
   0.3246E-01
   0.3093E-01
   0.2948E-01
   0.2809E-01
   0.2677E-01
   0.2551E-01
   0.2431E-01
   0.2316E-01
   0.2207E-01
   0.2104E-01
   0.2005E-01
   0.1911E-01
   0.7643E-01
   0.7282E-01
   0.6938E-01
   0.6610E-01
   0.6298E-01
   0.6000E-01
   0.5717E-01
   0.5447E-01
   0.5189E-01
   0.4944E-01
   0.4711E-01
   0.4488E-01
   0.4276E-01
   0.4075E-01
   0.3882E-01
   0.3699E-01
   0.3524E-01
   0.3358E-01
   0.3200E-01
   0.3049E-01
   0.2905E-01
   0.2768E-01
   0.2638E-01
   0.2514E-01
   0.2395E-01
   0.2282E-01
   0.2175E-01
   0.2073E-01
   0.1975E-01
   0.1882E-01
   0.1794E-01
   0.1710E-01
   0.6727E-01
   0.6409E-01
   0.6106E-01
   0.5818E-01
   0.5543E-01
   0.5281E-01
   0.5032E-01
   0.4794E-01
   0.4568E-01
   0.4352E-01
   0.4146E-01
   0.3951E-01
   0.3764E-01
   0.3586E-01
   0.3417E-01
   0.3256E-01
   0.3102E-01
   0.2956E-01
   0.2816E-01
   0.2684E-01
   0.2557E-01
   0.2436E-01
   0.2322E-01
   0.2212E-01
   0.2108E-01
   0.2009E-01
   0.1914E-01
   0.1824E-01
   0.1739E-01
   0.1657E-01
   0.1579E-01
   0.1505E-01
   0.5795E-01
   0.5522E-01
   0.5261E-01
   0.5012E-01
   0.4775E-01
   0.4550E-01
   0.4335E-01
   0.4130E-01
   0.3935E-01
   0.3749E-01
   0.3572E-01
   0.3403E-01
   0.3243E-01
   0.3090E-01
   0.2944E-01
   0.2805E-01
   0.2673E-01
   0.2546E-01
   0.2426E-01
   0.2312E-01
   0.2203E-01
   0.2099E-01
   0.2000E-01
   0.1906E-01
   0.1816E-01
   0.1731E-01
   0.1649E-01
   0.1572E-01
   0.1498E-01
   0.1427E-01
   0.1360E-01
   0.1297E-01
   0.4850E-01
   0.4621E-01
   0.4403E-01
   0.4195E-01
   0.3997E-01
   0.3808E-01
   0.3628E-01
   0.3457E-01
   0.3293E-01
   0.3138E-01
   0.2990E-01
   0.2848E-01
   0.2714E-01
   0.2586E-01
   0.2464E-01
   0.2348E-01
   0.2237E-01
   0.2131E-01
   0.2031E-01
   0.1935E-01
   0.1844E-01
   0.1757E-01
   0.1674E-01
   0.1595E-01
   0.1520E-01
   0.1448E-01
   0.1380E-01
   0.1315E-01
   0.1254E-01
   0.1195E-01
   0.1139E-01
   0.1085E-01
   0.3894E-01
   0.3710E-01
   0.3535E-01
   0.3368E-01
   0.3209E-01
   0.3057E-01
   0.2913E-01
   0.2775E-01
   0.2644E-01
   0.2519E-01
   0.2400E-01
   0.2287E-01
   0.2179E-01
   0.2076E-01
   0.1978E-01
   0.1885E-01
   0.1796E-01
   0.1711E-01
   0.1630E-01
   0.1553E-01
   0.1480E-01
   0.1410E-01
   0.1344E-01
   0.1281E-01
   0.1220E-01
   0.1163E-01
   0.1108E-01
   0.1056E-01
   0.1006E-01
   0.9591E-02
   0.9140E-02
   0.8711E-02
   0.2928E-01
   0.2790E-01
   0.2658E-01
   0.2533E-01
   0.2413E-01
   0.2299E-01
   0.2190E-01
   0.2087E-01
   0.1988E-01
   0.1894E-01
   0.1805E-01
   0.1720E-01
   0.1639E-01
   0.1561E-01
   0.1488E-01
   0.1417E-01
   0.1350E-01
   0.1287E-01
   0.1226E-01
   0.1168E-01
   0.1113E-01
   0.1061E-01
   0.1011E-01
   0.9631E-02
   0.9177E-02
   0.8745E-02
   0.8334E-02
   0.7942E-02
   0.7569E-02
   0.7213E-02
   0.6874E-02
   0.6551E-02
   0.1956E-01
   0.1864E-01
   0.1776E-01
   0.1692E-01
   0.1612E-01
   0.1536E-01
   0.1463E-01
   0.1394E-01
   0.1328E-01
   0.1265E-01
   0.1206E-01
   0.1149E-01
   0.1095E-01
   0.1043E-01
   0.9936E-02
   0.9467E-02
   0.9021E-02
   0.8595E-02
   0.8190E-02
   0.7803E-02
   0.7435E-02
   0.7085E-02
   0.6751E-02
   0.6433E-02
   0.6130E-02
   0.5842E-02
   0.5567E-02
   0.5305E-02
   0.5056E-02
   0.4818E-02
   0.4592E-02
   0.4376E-02
   0.9792E-02
   0.9329E-02
   0.8889E-02
   0.8469E-02
   0.8069E-02
   0.7687E-02
   0.7324E-02
   0.6978E-02
   0.6649E-02
   0.6335E-02
   0.6036E-02
   0.5751E-02
   0.5479E-02
   0.5220E-02
   0.4974E-02
   0.4739E-02
   0.4516E-02
   0.4302E-02
   0.4100E-02
   0.3906E-02
   0.3722E-02
   0.3547E-02
   0.3380E-02
   0.3220E-02
   0.3069E-02
   0.2924E-02
   0.2787E-02
   0.2656E-02
   0.2531E-02
   0.2412E-02
   0.2299E-02
   0.2191E-02
